300 100
33 33 33 33 33 33 59 59 59 59 77 77 77 77 77 77 87 87 87 87 87 87 87 87 69 69 69 69 69 69 69 69 73 73 11 11 69 69 35 35 77 77 27 27 27 27 27 27 69 69 69 69 69 69 15 15 15 15 15 15 81 81 47 47 47 47 47 47 85 85 71 71 71 71 81 81 81 81 81 81 3 3 3 3 45 45 45 45 83 83 83 83 83 83 15 15 41 41 41 41 
41 41 41 41 15 15 83 83 83 83 83 83 45 45 45 45 3 3 3 3 81 81 81 81 81 81 71 71 71 71 85 85 47 47 47 47 47 47 81 81 15 15 15 15 15 15 69 69 69 69 69 69 27 27 27 27 27 27 77 77 35 35 69 69 11 11 73 73 69 69 69 69 69 69 69 69 87 87 87 87 87 87 87 87 77 77 77 77 77 77 59 59 59 59 33 33 33 33 33 33   
  2
  35  42
  2
  24  66
  2
  1  16
  2
  55  68
  2
  1  39
  2
  72  88
  2
  2  56
  2
  89  93
  2
  73  83
  2
  30  58
  2
  76  95
  2
  61  76
  2
  74  92
  2
  8  47
  2
  69  99
  2
  49  57
  2
  66  81
  2
  15  24
  2
  4  69
  2
  10  83
  2
  35  58
  2
  3  70
  2
  77  78
  2
  32  62
  2
  27  50
  2
  28  63
  2
  18  22
  2
  80  92
  2
  4  95
  2
  8  31
  2
  38  92
  2
  9  47
  2
  38  81
  2
  14  94
  2
  19  36
  2
  72  93
  2
  33  67
  2
  36  71
  2
  46  76
  2
  5  21
  2
  41  99
  2
  15  78
  2
  26  71
  2
  39  96
  2
  17  48
  2
  26  58
  2
  5  97
  2
  55  69
  2
  5  44
  2
  18  21
  2
  73  87
  2
  10  19
  2
  60  61
  2
  27  96
  2
  51  95
  2
  85  96
  2
  8  23
  2
  6  50
  2
  8  81
  2
  9  61
  2
  20  57
  2
  12  66
  2
  28  66
  2
  12  63
  2
  33  82
  2
  59  71
  2
  9  25
  2
  1  35
  2
  7  67
  2
  14  27
  2
  23  26
  2
  3  36
  2
  59  73
  2
  44  94
  2
  2  65
  2
  77  85
  2
  16  63
  2
  45  98
  2
  4  89
  2
  32  81
  2
  77  92
  2
  14  49
  2
  39  79
  2
  34  63
  2
  6  16
  2
  81  93
  2
  25  43
  2
  8  74
  2
  29  44
  2
  59  64
  2
  16  67
  2
  18  59
  2
  8  27
  2
  20  30
  2
  11  52
  2
  3  6
  2
  7  28
  2
  48  95
  2
  63  75
  2
  9  14
  2
  4  40
  2
  44  82
  2
  48  52
  2
  37  70
  2
  37  55
  2
  44  67
  2
  4  42
  2
  16  93
  2
  10  99
  2
  46  79
  2
  32  97
  2
  46  71
  2
  21  95
  2
  13  32
  2
  20  96
  2
  10  27
  2
  24  45
  2
  26  42
  2
  4  82
  2
  3  89
  2
  9  37
  2
  9  60
  2
  53  99
  2
  68  80
  2
  26  79
  2
  7  81
  2
  39  68
  2
  7  75
  2
  54  87
  2
  37  85
  2
  79  94
  2
  6  92
  2
  11  41
  2
  29  53
  2
  56  92
  2
  18  92
  2
  54  94
  2
  26  67
  2
  12  83
  2
  14  69
  2
  12  26
  2
  22  29
  2
  28  52
  2
  73  94
  2
  38  51
  2
  29  50
  2
  3  9
  2
  35  66
  2
  33  77
  2
  17  19
  2
  2  94
  2
  29  84
  2
  35  67
  2
  8  99
  2
  25  95
  2
  13  62
  2
  25  31
  2
  23  87
  2
  63  91
  2
  16  96
  2
  77  85
  2
  24  57
  2
  30  92
  2
  22  100
  2
  38  43
  2
  41  53
  2
  23  71
  2
  24  47
  2
  4  59
  2
  33  51
  2
  28  61
  2
  8  87
  2
  67  81
  2
  35  64
  2
  32  42
  2
  36  37
  2
  49  72
  2
  25  40
  2
  25  33
  2
  27  33
  2
  4  42
  2
  44  50
  2
  9  47
  2
  43  60
  2
  49  97
  2
  27  70
  2
  69  86
  2
  15  30
  2
  17  86
  2
  43  76
  2
  13  62
  2
  40  54
  2
  18  25
  2
  25  79
  2
  10  58
  2
  14  20
  2
  25  100
  2
  20  27
  2
  6  84
  2
  42  90
  2
  7  39
  2
  9  89
  2
  9  47
  2
  35  36
  2
  81  90
  2
  3  79
  2
  27  62
  2
  30  31
  2
  10  73
  2
  32  84
  2
  28  58
  2
  21  30
  2
  39  52
  2
  1  3
  2
  5  91
  2
  44  94
  2
  26  72
  2
  15  87
  2
  13  21
  2
  23  74
  2
  44  66
  2
  62  87
  2
  68  91
  2
  41  83
  2
  27  98
  2
  78  86
  2
  72  86
  2
  43  84
  2
  8  57
  2
  27  91
  2
  18  54
  2
  58  71
  2
  61  95
  2
  11  65
  2
  18  92
  2
  8  52
  2
  60  66
  2
  18  47
  2
  70  89
  2
  21  100
  2
  31  34
  2
  77  98
  2
  18  40
  2
  14  46
  2
  6  94
  2
  4  67
  2
  11  46
  2
  12  78
  2
  16  53
  2
  15  33
  2
  34  35
  2
  36  66
  2
  13  99
  2
  78  90
  2
  38  49
  2
  15  95
  2
  17  50
  2
  22  34
  2
  71  77
  2
  58  74
  2
  30  65
  2
  42  56
  2
  24  84
  2
  46  49
  2
  79  92
  2
  1  93
  2
  24  35
  2
  32  58
  2
  12  56
  2
  55  69
  2
  37  82
  2
  14  95
  2
  65  89
  2
  39  88
  2
  24  41
  2
  26  42
  2
  7  69
  2
  63  90
  2
  61  72
  2
  75  97
  2
  40  58
  2
  30  92
  2
  30  95
  2
  6  15
  2
  26  84
  2
  11  38
  2
  45  69
  2
  3  34
  2
  1  61
  2
  9  59
  2
  6  16
  2
  38  75
  2
  49  90
  2
  25  84
  2
  27  73
  2
  2  56
  2
  19  92
  2
  50  72
  2
  11  62
  2
  25  63




