500 100
73 73 73 73 23 23 21 21 43 43 43 43 43 43 43 43 85 85 41 41 41 41 41 41 41 41 21 21 21 21 55 55 55 55 55 55 55 55 27 27 27 27 85 85 85 85 85 85 61 61 61 61 61 61 61 61 91 91 91 91 33 33 67 67 49 49 49 49 49 49 23 23 23 23 23 23 81 81 81 81 81 81 63 63 63 63 63 63 63 63 49 49 49 49 49 49 49 49 11 11 
11 11 49 49 49 49 49 49 49 49 63 63 63 63 63 63 63 63 81 81 81 81 81 81 23 23 23 23 23 23 49 49 49 49 49 49 67 67 33 33 91 91 91 91 61 61 61 61 61 61 61 61 85 85 85 85 85 85 27 27 27 27 55 55 55 55 55 55 55 55 21 21 21 21 41 41 41 41 41 41 41 41 85 85 43 43 43 43 43 43 43 43 21 21 23 23 73 73 73 73   
  2
  4  33
  2
  5  89
  2
  32  54
  2
  53  55
  2
  9  21
  2
  38  96
  2
  47  53
  2
  8  10
  2
  18  36
  2
  28  49
  2
  7  59
  2
  1  25
  2
  13  56
  2
  28  31
  2
  30  54
  2
  27  28
  2
  90  95
  2
  33  91
  2
  21  44
  2
  79  95
  2
  19  49
  2
  3  6
  2
  37  89
  2
  7  47
  2
  28  41
  2
  24  64
  2
  8  50
  2
  70  80
  2
  27  92
  2
  1  78
  2
  26  67
  2
  2  70
  2
  72  92
  2
  38  56
  2
  16  73
  2
  9  37
  2
  79  88
  2
  27  83
  2
  55  58
  2
  49  93
  2
  23  32
  2
  19  77
  2
  14  52
  2
  70  76
  2
  13  45
  2
  27  45
  2
  61  82
  2
  29  68
  2
  59  70
  2
  50  59
  2
  14  56
  2
  22  32
  2
  64  78
  2
  4  39
  2
  79  95
  2
  2  5
  2
  10  61
  2
  33  98
  2
  14  28
  2
  12  22
  2
  33  89
  2
  57  81
  2
  44  47
  2
  53  88
  2
  41  45
  2
  7  67
  2
  12  71
  2
  53  63
  2
  48  89
  2
  15  36
  2
  78  90
  2
  50  92
  2
  28  85
  2
  9  61
  2
  21  76
  2
  13  34
  2
  24  51
  2
  43  76
  2
  6  37
  2
  50  99
  2
  18  46
  2
  26  78
  2
  21  38
  2
  63  93
  2
  47  70
  2
  33  89
  2
  15  25
  2
  25  72
  2
  9  98
  2
  21  28
  2
  3  48
  2
  21  61
  2
  22  56
  2
  64  93
  2
  50  57
  2
  49  53
  2
  11  75
  2
  85  86
  2
  11  22
  2
  18  60
  2
  25  43
  2
  42  92
  2
  51  77
  2
  50  51
  2
  72  93
  2
  11  79
  2
  75  97
  2
  23  34
  2
  12  58
  2
  56  65
  2
  87  100
  2
  52  92
  2
  54  59
  2
  11  57
  2
  54  70
  2
  16  51
  2
  74  89
  2
  21  34
  2
  13  69
  2
  14  36
  2
  53  74
  2
  84  93
  2
  22  43
  2
  19  50
  2
  53  55
  2
  43  62
  2
  6  34
  2
  2  30
  2
  26  28
  2
  70  89
  2
  67  97
  2
  2  61
  2
  34  52
  2
  10  59
  2
  22  30
  2
  2  58
  2
  8  16
  2
  5  100
  2
  6  82
  2
  46  84
  2
  27  78
  2
  42  85
  2
  13  69
  2
  6  90
  2
  34  57
  2
  45  71
  2
  21  86
  2
  6  67
  2
  22  96
  2
  41  75
  2
  38  95
  2
  1  63
  2
  3  21
  2
  45  54
  2
  5  27
  2
  84  89
  2
  21  81
  2
  31  76
  2
  55  91
  2
  54  94
  2
  30  44
  2
  22  64
  2
  83  96
  2
  10  61
  2
  41  63
  2
  53  58
  2
  22  46
  2
  26  83
  2
  39  41
  2
  11  14
  2
  15  91
  2
  72  97
  2
  5  65
  2
  46  72
  2
  3  37
  2
  48  89
  2
  77  95
  2
  74  98
  2
  66  76
  2
  9  18
  2
  34  79
  2
  33  84
  2
  27  60
  2
  28  100
  2
  44  53
  2
  18  36
  2
  25  95
  2
  64  91
  2
  15  74
  2
  48  97
  2
  50  92
  2
  36  42
  2
  67  69
  2
  27  28
  2
  71  82
  2
  10  30
  2
  43  82
  2
  19  57
  2
  30  52
  2
  9  11
  2
  52  79
  2
  16  76
  2
  61  75
  2
  45  92
  2
  24  81
  2
  66  80
  2
  24  63
  2
  15  58
  2
  56  94
  2
  23  55
  2
  19  84
  2
  39  60
  2
  55  96
  2
  3  30
  2
  8  76
  2
  66  92
  2
  78  94
  2
  33  50
  2
  1  3
  2
  73  74
  2
  22  33
  2
  41  76
  2
  33  82
  2
  40  91
  2
  70  78
  2
  31  65
  2
  47  53
  2
  69  90
  2
  82  95
  2
  32  49
  2
  10  43
  2
  41  79
  2
  71  76
  2
  6  36
  2
  73  97
  2
  13  18
  2
  25  59
  2
  4  39
  2
  7  58
  2
  50  99
  2
  72  74
  2
  87  98
  2
  9  67
  2
  7  100
  2
  60  95
  2
  24  26
  2
  46  51
  2
  14  38
  2
  31  53
  2
  49  72
  2
  18  97
  2
  53  75
  2
  8  22
  2
  10  26
  2
  35  88
  2
  38  93
  2
  3  15
  2
  47  53
  2
  56  61
  2
  62  77
  2
  10  44
  2
  40  77
  2
  31  36
  2
  64  78
  2
  19  80
  2
  10  86
  2
  53  55
  2
  10  17
  2
  5  6
  2
  9  32
  2
  19  40
  2
  13  63
  2
  23  73
  2
  2  4
  2
  4  11
  2
  16  100
  2
  66  69
  2
  42  44
  2
  30  48
  2
  27  92
  2
  55  75
  2
  33  56
  2
  16  77
  2
  7  90
  2
  13  91
  2
  33  75
  2
  4  42
  2
  51  87
  2
  34  41
  2
  40  60
  2
  17  99
  2
  33  88
  2
  47  84
  2
  12  50
  2
  45  96
  2
  25  85
  2
  47  100
  2
  70  77
  2
  36  87
  2
  25  82
  2
  3  84
  2
  26  78
  2
  70  99
  2
  28  68
  2
  9  99
  2
  42  80
  2
  36  88
  2
  28  78
  2
  48  74
  2
  38  88
  2
  37  39
  2
  83  93
  2
  61  100
  2
  35  54
  2
  43  63
  2
  26  84
  2
  16  27
  2
  22  91
  2
  42  68
  2
  49  55
  2
  48  54
  2
  63  79
  2
  34  94
  2
  85  89
  2
  42  76
  2
  2  51
  2
  65  98
  2
  28  49
  2
  93  96
  2
  25  81
  2
  44  73
  2
  65  84
  2
  29  86
  2
  70  82
  2
  30  60
  2
  14  78
  2
  59  94
  2
  27  87
  2
  21  46
  2
  45  47
  2
  36  51
  2
  14  39
  2
  1  94
  2
  27  87
  2
  41  98
  2
  11  88
  2
  2  56
  2
  2  60
  2
  62  95
  2
  30  37
  2
  5  40
  2
  78  90
  2
  59  60
  2
  42  94
  2
  75  94
  2
  49  71
  2
  6  37
  2
  73  75
  2
  8  75
  2
  80  83
  2
  10  30
  2
  47  73
  2
  12  93
  2
  14  27
  2
  8  57
  2
  7  35
  2
  30  41
  2
  13  94
  2
  28  39
  2
  16  63
  2
  21  41
  2
  70  82
  2
  16  40
  2
  2  81
  2
  75  94
  2
  4  81
  2
  6  55
  2
  23  30
  2
  18  46
  2
  16  77
  2
  7  77
  2
  22  88
  2
  16  26
  2
  3  27
  2
  31  43
  2
  6  100
  2
  45  97
  2
  16  17
  2
  43  86
  2
  10  59
  2
  2  61
  2
  56  96
  2
  38  50
  2
  34  45
  2
  46  71
  2
  24  89
  2
  63  69
  2
  30  86
  2
  56  81
  2
  51  71
  2
  16  70
  2
  22  76
  2
  54  76
  2
  34  62
  2
  71  80
  2
  23  39
  2
  82  91
  2
  32  78
  2
  17  98
  2
  45  58
  2
  31  62
  2
  72  95
  2
  43  52
  2
  10  74
  2
  31  40
  2
  37  41
  2
  87  97
  2
  8  18
  2
  8  96
  2
  51  96
  2
  1  79
  2
  7  44
  2
  54  61
  2
  59  85
  2
  16  37
  2
  19  80
  2
  22  70
  2
  27  81
  2
  37  41
  2
  49  98
  2
  47  98
  2
  71  84
  2
  42  43
  2
  7  34
  2
  13  71
  2
  13  31
  2
  22  91
  2
  70  75
  2
  2  39
  2
  47  90
  2
  8  45
  2
  8  98
  2
  50  68
  2
  5  74
  2
  27  29
  2
  1  16
  2
  22  70
  2
  17  20
  2
  52  60
  2
  26  88
  2
  70  73
  2
  28  67
  2
  19  28
  2
  4  25
  2
  68  82
  2
  33  39
  2
  76  91
  2
  45  76
  2
  10  70
  2
  14  52
  2
  15  23
  2
  12  84
  2
  3  5
  2
  8  49
  2
  19  30
  2
  13  47
  2
  16  38
  2
  53  56
  2
  17  62
  2
  27  63
  2
  36  98
  2
  27  39
  2
  44  93
  2
  8  46
  2
  20  97
  2
  17  26
  2
  42  80
  2
  5  84
  2
  75  92
  2
  49  89
  2
  46  92
  2
  69  78
  2
  60  88
  2
  27  56
  2
  57  80
  2
  32  55
  2
  37  80
  2
  70  86
  2
  79  99
  2
  36  38
  2
  72  97
  2
  1  18
  2
  83  91
  2
  45  93
  2
  44  98
  2
  7  78
  2
  64  87
  2
  12  61
  2
  3  19
  2
  15  26




