300 100
91 91 49 49 49 49 49 49 49 49 99 99 41 41 41 41 41 41 41 41 39 39 39 39 39 39 39 39 37 37 87 87 87 87 87 87 17 17 17 17 17 17 17 17 55 55 55 55 81 81 81 81 81 81 43 43 25 25 25 25 25 25 7 7 7 7 7 7 7 7 81 81 81 81 81 81 81 81 3 3 3 3 3 3 71 71 71 71 71 71 97 97 71 71 9 9 9 9 9 9 
19 19 97 97 97 97 97 97 19 19 19 19 19 19 19 19 81 81 81 81 81 81 95 95 95 95 95 95 95 95 65 65 65 65 65 65 95 95 95 95 21 21 21 21 21 21 35 35 35 35 15 15 15 15 93 93 13 13 13 13 13 13 51 51 51 51 51 51 51 51 25 25 85 85 85 85 85 85 85 85 67 67 67 67 67 67 31 31 41 41 41 41 41 41 35 35 35 35 53 53  
  2
  43  60
  2
  36  73
  2
  45  83
  2
  43  95
  2
  13  78
  2
  34  70
  2
  25  32
  2
  3  86
  2
  71  95
  2
  3  12
  2
  7  77
  2
  6  49
  2
  31  55
  2
  8  91
  2
  52  57
  2
  30  71
  2
  18  36
  2
  18  94
  2
  51  59
  2
  1  99
  2
  71  73
  2
  11  24
  2
  23  89
  2
  37  53
  2
  27  71
  2
  3  63
  2
  13  60
  2
  1  15
  2
  13  92
  2
  65  73
  2
  17  69
  2
  16  37
  2
  37  56
  2
  8  37
  2
  68  84
  2
  25  66
  2
  3  37
  2
  25  54
  2
  3  75
  2
  61  71
  2
  22  58
  2
  92  97
  2
  43  94
  2
  3  84
  2
  85  98
  2
  67  74
  2
  56  99
  2
  70  92
  2
  9  86
  2
  26  27
  2
  25  80
  2
  54  69
  2
  79  85
  2
  3  54
  2
  15  50
  2
  38  77
  2
  16  59
  2
  6  94
  2
  50  91
  2
  14  16
  2
  17  18
  2
  31  51
  2
  38  52
  2
  7  61
  2
  43  52
  2
  56  74
  2
  25  72
  2
  11  37
  2
  6  68
  2
  5  65
  2
  55  95
  2
  38  84
  2
  53  62
  2
  66  92
  2
  74  80
  2
  29  30
  2
  32  76
  2
  9  63
  2
  64  81
  2
  34  94
  2
  49  73
  2
  23  65
  2
  15  24
  2
  36  90
  2
  8  36
  2
  1  82
  2
  29  64
  2
  56  85
  2
  21  60
  2
  70  81
  2
  61  65
  2
  41  77
  2
  49  56
  2
  28  78
  2
  15  47
  2
  12  31
  2
  14  94
  2
  41  89
  2
  25  80
  2
  20  46
  2
  20  59
  2
  37  97
  2
  13  41
  2
  63  100
  2
  64  97
  2
  48  94
  2
  6  29
  2
  22  75
  2
  3  52
  2
  56  71
  2
  26  86
  2
  17  91
  2
  83  86
  2
  72  75
  2
  72  83
  2
  40  78
  2
  58  88
  2
  40  77
  2
  42  85
  2
  58  64
  2
  27  79
  2
  38  50
  2
  10  24
  2
  52  72
  2
  21  70
  2
  41  52
  2
  42  83
  2
  78  89
  2
  9  86
  2
  62  84
  2
  42  76
  2
  16  43
  2
  11  45
  2
  36  95
  2
  2  84
  2
  72  78
  2
  4  90
  2
  51  67
  2
  55  92
  2
  6  16
  2
  27  58
  2
  59  76
  2
  73  80
  2
  7  20
  2
  53  86
  2
  45  85
  2
  44  85
  2
  12  19
  2
  73  74
  2
  17  35
  2
  35  93
  2
  49  85
  2
  50  66
  2
  53  95
  2
  30  81
  2
  36  47
  2
  21  41
  2
  50  52
  2
  24  29
  2
  59  62
  2
  11  41
  2
  69  96
  2
  30  94
  2
  14  36
  2
  1  73
  2
  14  56
  2
  17  79
  2
  45  98
  2
  13  23
  2
  15  79
  2
  8  16
  2
  50  95
  2
  23  81
  2
  35  36
  2
  5  6
  2
  58  71
  2
  25  73
  2
  77  89
  2
  4  48
  2
  12  99
  2
  36  86
  2
  37  84
  2
  29  56
  2
  12  97
  2
  40  93
  2
  95  99
  2
  82  94
  2
  3  45
  2
  45  60
  2
  44  95
  2
  18  67
  2
  2  62
  2
  56  95
  2
  36  43
  2
  56  93
  2
  16  91
  2
  25  88
  2
  25  76
  2
  57  96
  2
  24  43
  2
  1  54
  2
  17  66
  2
  18  56
  2
  31  44
  2
  38  44
  2
  30  98
  2
  26  27
  2
  28  41
  2
  18  48
  2
  13  26
  2
  13  75
  2
  15  97
  2
  11  12
  2
  62  75
  2
  14  96
  2
  59  98
  2
  74  100
  2
  24  28
  2
  20  64
  2
  1  62
  2
  34  45
  2
  77  83
  2
  47  69
  2
  84  93
  2
  53  74
  2
  29  46
  2
  17  55
  2
  90  96
  2
  57  87
  2
  91  95
  2
  75  100
  2
  15  53
  2
  4  27
  2
  11  59
  2
  36  37
  2
  34  98
  2
  10  36
  2
  1  20
  2
  46  68
  2
  46  76
  2
  55  72
  2
  16  31
  2
  22  95
  2
  14  76
  2
  43  60
  2
  2  91
  2
  10  95
  2
  25  92
  2
  23  59
  2
  34  62
  2
  23  67
  2
  38  45
  2
  34  99
  2
  26  90
  2
  62  84
  2
  29  69
  2
  35  61
  2
  19  28
  2
  14  39
  2
  45  75
  2
  36  82
  2
  51  74
  2
  35  64
  2
  34  91
  2
  50  84
  2
  46  83
  2
  8  60
  2
  87  100
  2
  86  95
  2
  39  53
  2
  49  90
  2
  29  35
  2
  7  86
  2
  35  88
  2
  45  87
  2
  28  78
  2
  77  87
  2
  46  56
  2
  11  13
  2
  55  90
  2
  31  69
  2
  45  97
  2
  36  96
  2
  8  25
  2
  3  10
  2
  20  33
  2
  2  7
  2
  3  49
  2
  2  24
  2
  50  81
  2
  89  98
  2
  12  74
  2
  29  70
  2
  20  85
  2
  6  50
  2
  28  94
  2
  14  71
  2
  92  98
  2
  4  22
  2
  55  73



