500 100
57 2 27 48 73 78 27 68 65 94 23 88 17 58 67 72 21 74 95 92 25 70 91 52 1 74 39 76 17 50 11 12 49 54 31 4 21 30 55 88 37 14 39 60 9 86 35 96 93 2 59 28 41 34 23 4 49 30 27 92 57 62 59 60 65 50 27 60 89 22 15 56 13 66 99 8 49 90 91 85 58 39 24 33 6 19 8 13 62 39 4 85 18 79 60 21 42 15 80 1 
1 80 15 42 21 60 79 18 85 4 39 62 13 8 19 6 33 24 39 58 85 91 90 49 8 99 66 13 56 15 22 89 60 27 50 65 60 59 62 57 92 27 30 49 4 23 34 41 28 59 2 93 96 35 86 9 60 39 14 37 88 55 30 21 4 31 54 49 12 11 50 17 76 39 74 1 52 91 70 25 92 95 74 21 72 67 58 17 88 23 94 65 68 27 78 73 48 27 2 57  
  2
  17  26
  2
  15  33
  2
  15  73
  2
  64  96
  2
  40  83
  2
  2  29
  2
  92  95
  2
  18  100
  2
  45  48
  2
  53  57
  2
  19  92
  2
  56  69
  2
  9  52
  2
  13  41
  2
  72  91
  2
  7  84
  2
  22  62
  2
  21  42
  2
  43  59
  2
  48  90
  2
  92  97
  2
  63  66
  2
  26  27
  2
  9  36
  2
  50  100
  2
  10  86
  2
  28  78
  2
  20  67
  2
  5  6
  2
  9  66
  2
  7  27
  2
  3  22
  2
  27  48
  2
  82  95
  2
  37  42
  2
  71  95
  2
  21  39
  2
  12  98
  2
  14  15
  2
  27  43
  2
  33  59
  2
  6  16
  2
  16  76
  2
  3  30
  2
  77  83
  2
  35  93
  2
  44  77
  2
  9  92
  2
  52  79
  2
  6  63
  2
  59  93
  2
  14  40
  2
  52  60
  2
  57  99
  2
  71  96
  2
  16  44
  2
  36  78
  2
  47  77
  2
  20  72
  2
  50  58
  2
  28  41
  2
  67  78
  2
  44  88
  2
  40  90
  2
  55  91
  2
  23  80
  2
  51  68
  2
  33  43
  2
  29  41
  2
  38  45
  2
  74  92
  2
  19  91
  2
  36  57
  2
  5  75
  2
  30  53
  2
  35  74
  2
  40  45
  2
  14  84
  2
  45  52
  2
  86  89
  2
  2  58
  2
  21  36
  2
  7  38
  2
  24  94
  2
  77  92
  2
  78  95
  2
  26  27
  2
  24  34
  2
  5  92
  2
  29  40
  2
  59  66
  2
  17  20
  2
  39  52
  2
  20  95
  2
  22  49
  2
  40  79
  2
  28  52
  2
  24  99
  2
  11  68
  2
  39  73
  2
  24  73
  2
  65  74
  2
  5  46
  2
  52  97
  2
  50  95
  2
  26  49
  2
  15  33
  2
  36  75
  2
  41  46
  2
  16  69
  2
  51  91
  2
  33  42
  2
  10  51
  2
  45  59
  2
  69  98
  2
  9  34
  2
  34  46
  2
  26  74
  2
  72  95
  2
  53  89
  2
  64  76
  2
  5  65
  2
  12  56
  2
  68  71
  2
  4  62
  2
  60  90
  2
  78  98
  2
  22  82
  2
  11  92
  2
  18  33
  2
  26  51
  2
  75  86
  2
  53  87
  2
  44  82
  2
  8  36
  2
  22  59
  2
  94  95
  2
  17  24
  2
  61  71
  2
  38  72
  2
  43  61
  2
  11  29
  2
  12  33
  2
  43  98
  2
  22  50
  2
  4  86
  2
  51  79
  2
  15  18
  2
  35  92
  2
  32  40
  2
  44  59
  2
  22  24
  2
  46  52
  2
  88  89
  2
  3  13
  2
  68  88
  2
  5  17
  2
  27  78
  2
  43  96
  2
  5  85
  2
  54  82
  2
  61  69
  2
  30  40
  2
  46  76
  2
  8  93
  2
  16  76
  2
  13  80
  2
  40  96
  2
  12  84
  2
  21  86
  2
  34  89
  2
  3  53
  2
  77  100
  2
  24  99
  2
  33  98
  2
  38  44
  2
  17  60
  2
  30  77
  2
  45  77
  2
  47  71
  2
  21  53
  2
  46  70
  2
  76  92
  2
  25  29
  2
  65  74
  2
  58  74
  2
  4  63
  2
  41  97
  2
  63  93
  2
  20  100
  2
  81  86
  2
  51  61
  2
  27  56
  2
  7  53
  2
  42  86
  2
  39  73
  2
  1  72
  2
  5  96
  2
  24  34
  2
  35  54
  2
  30  81
  2
  64  69
  2
  26  30
  2
  30  46
  2
  48  68
  2
  23  71
  2
  35  86
  2
  17  100
  2
  65  85
  2
  17  60
  2
  13  67
  2
  72  78
  2
  34  44
  2
  59  81
  2
  54  62
  2
  22  25
  2
  5  46
  2
  46  59
  2
  21  25
  2
  23  54
  2
  32  69
  2
  56  78
  2
  19  42
  2
  3  89
  2
  60  96
  2
  4  84
  2
  49  97
  2
  40  45
  2
  28  98
  2
  13  28
  2
  24  40
  2
  55  100
  2
  82  87
  2
  24  61
  2
  22  40
  2
  22  48
  2
  77  94
  2
  31  53
  2
  53  66
  2
  63  100
  2
  14  78
  2
  34  54
  2
  38  79
  2
  27  82
  2
  6  53
  2
  16  79
  2
  26  77
  2
  61  71
  2
  5  73
  2
  9  54
  2
  21  83
  2
  9  18
  2
  8  38
  2
  66  77
  2
  59  83
  2
  25  74
  2
  6  31
  2
  85  96
  2
  2  96
  2
  27  82
  2
  6  94
  2
  51  81
  2
  47  75
  2
  20  23
  2
  26  68
  2
  17  72
  2
  14  53
  2
  22  80
  2
  42  83
  2
  49  81
  2
  27  94
  2
  25  39
  2
  38  48
  2
  1  88
  2
  32  79
  2
  89  91
  2
  57  98
  2
  32  44
  2
  19  58
  2
  48  97
  2
  8  98
  2
  2  50
  2
  57  80
  2
  68  70
  2
  49  97
  2
  5  39
  2
  1  85
  2
  68  72
  2
  78  86
  2
  38  75
  2
  43  52
  2
  28  73
  2
  11  36
  2
  48  60
  2
  35  65
  2
  60  78
  2
  68  99
  2
  4  41
  2
  82  100
  2
  14  62
  2
  48  98
  2
  75  76
  2
  32  89
  2
  64  75
  2
  48  73
  2
  23  31
  2
  10  75
  2
  62  63
  2
  1  17
  2
  7  16
  2
  29  78
  2
  3  96
  2
  3  77
  2
  59  91
  2
  3  49
  2
  9  70
  2
  74  98
  2
  39  80
  2
  37  61
  2
  26  95
  2
  59  63
  2
  27  85
  2
  37  100
  2
  53  89
  2
  24  39
  2
  78  99
  2
  74  100
  2
  29  44
  2
  58  97
  2
  4  91
  2
  28  78
  2
  57  97
  2
  25  31
  2
  69  87
  2
  16  71
  2
  8  44
  2
  31  35
  2
  13  37
  2
  73  96
  2
  16  78
  2
  66  98
  2
  19  64
  2
  12  82
  2
  13  94
  2
  65  95
  2
  38  83
  2
  64  96
  2
  38  71
  2
  43  52
  2
  30  67
  2
  34  100
  2
  43  55
  2
  55  87
  2
  15  35
  2
  53  78
  2
  43  85
  2
  64  100
  2
  6  57
  2
  38  61
  2
  74  81
  2
  9  34
  2
  74  84
  2
  31  88
  2
  31  35
  2
  43  55
  2
  21  99
  2
  48  69
  2
  49  87
  2
  22  91
  2
  28  97
  2
  41  59
  2
  22  84
  2
  11  52
  2
  11  54
  2
  25  69
  2
  17  99
  2
  36  41
  2
  21  33
  2
  66  77
  2
  32  79
  2
  57  69
  2
  65  84
  2
  97  98
  2
  59  89
  2
  35  39
  2
  71  80
  2
  51  86
  2
  51  93
  2
  10  33
  2
  3  96
  2
  36  56
  2
  8  20
  2
  26  31
  2
  8  69
  2
  18  90
  2
  31  63
  2
  60  96
  2
  41  79
  2
  48  73
  2
  27  53
  2
  22  59
  2
  47  52
  2
  35  68
  2
  22  29
  2
  45  69
  2
  16  77
  2
  81  84
  2
  76  96
  2
  33  79
  2
  33  77
  2
  34  54
  2
  34  78
  2
  24  41
  2
  54  68
  2
  35  77
  2
  41  62
  2
  59  66
  2
  33  47
  2
  6  23
  2
  12  70
  2
  49  99
  2
  77  79
  2
  16  67
  2
  16  61
  2
  5  33
  2
  7  33
  2
  79  85
  2
  26  39
  2
  17  70
  2
  71  74
  2
  15  47
  2
  2  100
  2
  73  87
  2
  71  72
  2
  44  88
  2
  78  90
  2
  82  97
  2
  29  43
  2
  18  62
  2
  13  83
  2
  50  62
  2
  51  91
  2
  40  85
  2
  39  54
  2
  28  51
  2
  13  22
  2
  2  38
  2
  67  94
  2
  12  60
  2
  14  100
  2
  51  76
  2
  88  91
  2
  22  32
  2
  17  62
  2
  16  66
  2
  65  94
  2
  12  66
  2
  5  56
  2
  18  67
  2
  31  58
  2
  36  80
  2
  13  52
  2
  7  89
  2
  4  18
  2
  26  36
  2
  3  6
  2
  67  98
  2
  5  51
  2
  9  73
  2
  15  32
  2
  15  84
  2
  4  24
  2
  30  54
  2
  28  79
  2
  36  64
  2
  23  63
  2
  38  64
  2
  85  97
  2
  23  59
  2
  11  52
  2
  15  30
  2
  23  78
  2
  48  79
  2
  6  93
  2
  6  93
  2
  8  97
  2
  40  49
  2
  59  85
  2
  1  93
  2
  6  84
  2
  1  39
  2
  82  90
  2
  42  54
  2
  23  74
  2
  34  50
  2
  24  100
  2
  52  69
  2
  68  77
  2
  18  61
  2
  36  93



