17 64 
2259 2259 5 1 3 4 8 10
4497 5961 3 1 3 4
4965 5661 4 1 4 9 11
5961 1272 3 1 4 9
768 5307 2 1 4
3915 4746 2 1 4
3417 5712 2 1 8
4752 4608 3 2 5 11
5454 5661 5 2 6 11 13 17
2112 4542 3 2 7 11
3675 6090 2 2 7
5943 6345 5 2 11 13 14 17
5247 6357 4 2 11 13 17
5298 2862 4 2 11 14 15
4542 5268 3 2 11 14
5484 4662 3 2 11 15
3810 4047 2 2 11
5385 3897 1 2
4140 3507 4 3 5 8 10
5199 1158 3 3 5 11
4809 4767 6 3 6 8 10 13 17
5868 2112 5 3 6 11 13 17
5796 3294 4 3 7 8 10
5307 5484 6 3 8 10 13 14 17
6252 5100 6 3 8 10 13 15 17
4611 6141 5 3 8 10 13 17
4662 6252 5 3 8 10 14 15
3897 5454 4 3 8 10 14
2862 3603 3 3 8 10
6357 4611 5 3 11 13 14 17
5661 5385 4 3 11 13 17
5712 5316 4 3 11 14 15
4956 5868 3 3 11 14
3912 3912 2 3 11
5100 4956 1 3
4767 5796 5 4 5 10 12 16
3822 6525 5 4 5 10 16 17
4047 3417 3 4 5 10
5661 5943 3 4 9 10
5562 3810 5 4 10 12 13 14
4548 4965 5 4 10 12 14 16
6261 3915 5 4 10 12 15 16
4767 3675 5 4 10 13 14 17
6507 768 5 4 10 13 15 17
4608 6507 4 4 10 14 15
3603 4767 5 4 10 14 16 17
3357 1833 3 4 10 14
5316 5298 5 4 10 15 16 17
4746 5562 3 4 10 15
2820 4809 2 4 10
6345 4548 4 5 7 12 16
6090 3822 4 5 7 16 17
4239 4239 5 5 8 10 12 16
5739 1158 5 5 8 10 16 17
3294 3357 5 5 8 10 16 17
3507 2820 3 5 8 10
6525 5199 5 5 12 13 16 17
1833 6423 3 5 12 16
5268 6261 3 5 12 16
1158 4497 3 5 16 17
1158 5739 3 5 16 17
1272 4752 1 5
6423 4140 5 6 7 9 13 17
6141 5247 6 6 7 12 13 16 17
