23 1709 
4986 3720 3 1 5 20
4826 2232 3 1 7 20
4910 5166 2 1 7
4624 1268 4 1 8 18 20
3618 3522 3 1 10 22
3548 4906 2 1 10
4730 2394 3 1 11 20
4686 4920 3 1 12 20
3108 2298 5 1 13 18 19 20
3724 3552 5 1 18 19 20 22
3472 4022 4 1 18 19 20
2358 4548 2 1 20
3028 4608 4 1 21 22 23
4200 3218 3 1 21 23
3064 4262 3 1 21 23
2436 3978 1 1
7498 3710 3 2 5 20
6416 3658 4 2 6 8 18
1134 3478 6 2 6 10 21 22 23
1928 1094 5 2 6 10 21 23
4490 3860 4 2 6 10 22
4420 1266 3 2 6 10
4644 2234 6 2 6 11 18 19 20
6520 4062 3 2 6 11
4614 3784 6 2 6 12 18 19 20
6442 1224 3 2 6 12
4864 1980 5 2 6 13 18 19
1786 3652 7 2 6 17 18 19 22 23
2580 2590 6 2 6 17 18 19 23
2884 3932 5 2 6 17 22 23
3678 5128 4 2 6 17 23
5192 5082 5 2 6 18 19 20
2148 3698 7 2 6 18 19 21 22 23
2942 262 6 2 6 18 19 21 23
5480 3384 5 2 6 18 19 22
5228 3664 4 2 6 18 19
3206 1600 5 2 6 21 22 23
4000 2722 4 2 6 21 23
3570 2944 3 2 6 22
516 3728 2 2 6
7136 3350 4 2 8 18 20
7234 3338 3 2 11 20
7190 2982 3 2 12 20
3082 3782 5 2 13 17 22 23
3876 3106 4 2 13 17 23
5620 3462 5 2 13 18 19 20
3406 2078 5 2 13 21 22 23
4200 2932 4 2 13 21 23
4542 3984 2 2 13
2542 1938 7 2 17 18 19 20 22 23
3336 3764 6 2 17 18 19 20 23
3820 1474 5 2 17 20 22 23
4614 4790 4 2 17 20 23
2904 2838 7 2 18 19 20 21 22 23
3698 4010 6 2 18 19 20 21 23
6236 2734 5 2 18 19 20 22
5984 4038 4 2 18 19 20
4144 4440 5 2 20 21 22 23
4938 3652 4 2 20 21 23
4864 2418 2 2 20
3964 3730 9 3 4 5 11 15 18 19 20 21
3928 1470 9 3 4 5 12 15 18 19 20 21
4576 316 8 3 4 5 15 18 19 21 22
4144 1834 9 3 5 15 16 18 19 20 21 22
5570 1984 6 3 5 18 19 20 22
4532 4466 6 3 7 8 10 18 22
3610 5492 5 3 7 8 18 22
4642 3422 5 3 7 10 11 22
4614 5196 5 3 7 10 12 22
4794 3568 7 3 7 11 18 19 20 22
3714 4128 4 3 7 11 22
6682 3132 4 3 7 11 22
4764 2494 7 3 7 12 18 19 20 22
3686 2158 4 3 7 12 22
6656 3732 4 3 7 12 22
5008 3160 6 3 7 13 18 19 22
5336 4340 6 3 7 18 19 20 22
5372 4148 5 3 7 18 19 22
4932 3462 8 3 8 9 11 16 18 20 22
4746 4024 8 3 8 9 12 16 18 20 22
5046 5436 5 3 8 10 18 22
3948 2986 8 3 8 11 14 18 19 20 22
5000 1684 8 3 8 11 15 16 18 20 21
2576 3490 8 3 8 11 17 18 20 22 23
3362 2968 7 3 8 11 17 18 20 23
3132 3670 7 3 8 11 17 18 22 23
4234 2402 6 3 8 11 17 18 23
2898 3850 8 3 8 11 18 20 21 22 23
3686 2082 7 3 8 11 18 20 21 23
792 4652 5 3 8 11 18 20
3648 4104 5 3 8 11 18 20
3456 3350 7 3 8 11 18 21 22 23
4558 4026 6 3 8 11 18 21 23
3898 4220 8 3 8 12 14 18 19 20 22
4814 3194 8 3 8 12 15 16 18 20 21
2538 2680 8 3 8 12 17 18 20 22 23
3326 2888 7 3 8 12 17 18 20 23
3092 2478 7 3 8 12 17 18 22 23
4050 2318 6 3 8 12 17 18 23
2862 3380 8 3 8 12 18 20 21 22 23
3650 3548 7 3 8 12 18 20 21 23
6540 4374 5 3 8 12 18 20
754 3208 5 3 8 12 18 20
3416 3964 7 3 8 12 18 21 22 23
4374 4364 6 3 8 12 18 21 23
3112 5008 7 3 8 13 17 18 22 23
3900 4090 6 3 8 13 17 18 23
3436 3282 7 3 8 13 18 21 22 23
4224 3540 6 3 8 13 18 21 23
6002 1532 7 3 8 15 16 18 21 22
4328 2886 6 3 8 17 18 22 23
4652 3432 6 3 8 18 21 22 23
1210 1210 4 3 8 18 22
4850 2320 7 3 9 11 12 16 20 22
3538 2950 7 3 10 11 18 19 20 22
3462 3688 6 3 10 11 18 19 20
5156 4090 4 3 10 11 22
3502 4614 7 3 10 12 18 19 20 22
3424 4028 6 3 10 12 18 19 20
5128 4236 4 3 10 12 22
4072 4050 5 3 10 18 19 22
4002 3774 7 3 11 12 14 19 20 22
4160 3612 7 3 11 12 14 19 20 22
4918 1542 7 3 11 12 15 16 20 21
2676 3890 7 3 11 12 17 20 22 23
3464 4060 6 3 11 12 17 20 23
3230 4262 6 3 11 12 17 22 23
4188 3298 5 3 11 12 17 23
4686 3826 6 3 11 12 18 19 20
4672 2738 6 3 11 12 18 19 20
3000 2586 7 3 11 12 20 21 22 23
3788 3516 6 3 11 12 20 21 23
838 3832 4 3 11 12 20
3572 3502 4 3 11 12 20
3580 4576 4 3 11 12 20
854 4408 4 3 11 12 20
3554 5026 6 3 11 12 21 22 23
4512 2898 5 3 11 12 21 23
4598 1616 5 3 11 12 21 23
682 1512 3 3 11 12
3484 2684 9 3 11 13 15 16 18 19 20 21
3252 3936 6 3 11 13 17 22 23
4038 5614 5 3 11 13 17 23
1996 4938 6 3 11 13 18 19 20
3574 4028 6 3 11 13 21 22 23
4362 2418 5 3 11 13 21 23
3882 4850 9 3 11 15 16 18 19 20 21 22
6106 3806 6 3 11 15 16 21 22
2602 4296 8 3 11 17 18 19 20 22 23
2016 4704 7 3 11 17 18 19 20 23
3160 2602 7 3 11 17 18 19 22 23
4262 4336 6 3 11 17 18 19 23
4466 3992 5 3 11 17 22 23
2948 3700 8 3 11 18 19 20 21 22 23
2978 4614 7 3 11 18 19 20 21 23
2392 4018 6 3 11 18 19 20 22
2610 2576 6 3 11 18 19 20 22
5442 1878 6 3 11 18 19 20 22
2526 2924 5 3 11 18 19 20
3522 4008 7 3 11 18 19 21 22 23
4624 4002 6 3 11 18 19 21 23
5846 2602 5 3 11 18 19 22
4846 3274 5 3 11 21 22 23
4790 3200 5 3 11 21 22 23
1312 4422 3 3 11 22
3448 4716 9 3 12 13 15 16 18 19 20 21
3216 1524 6 3 12 13 17 22 23
4004 2300 5 3 12 13 17 23
1958 4846 6 3 12 13 18 19 20
3540 4378 6 3 12 13 21 22 23
4328 2922 5 3 12 13 21 23
3852 3880 9 3 12 15 16 18 19 20 21 22
6086 1742 6 3 12 15 16 21 22
2566 4126 8 3 12 17 18 19 20 22 23
1978 3624 7 3 12 17 18 19 20 23
3120 4234 7 3 12 17 18 19 22 23
4078 4732 6 3 12 17 18 19 23
4432 1526 5 3 12 17 22 23
2910 2342 8 3 12 18 19 20 21 22 23
2942 3834 7 3 12 18 19 20 21 23
2362 3888 6 3 12 18 19 20 22
5480 3800 6 3 12 18 19 20 22
2490 4372 5 3 12 18 19 20
3482 4074 7 3 12 18 19 21 22 23
4440 2404 6 3 12 18 19 21 23
5818 3472 5 3 12 18 19 22
4756 4386 5 3 12 21 22 23
1292 1906 3 3 12 22
4102 2286 8 3 13 15 16 18 19 21 22
3140 3900 7 3 13 17 18 19 22 23
3928 2726 6 3 13 17 18 19 23
3504 2008 7 3 13 18 19 21 22 23
4290 2592 6 3 13 18 19 21 23
2606 3168 5 3 13 18 19 22
4432 3514 8 3 15 16 18 19 20 21 22
2526 3012 6 3 17 18 19 22 23
2936 3442 5 3 18 19 20 22
3596 1928 6 3 18 19 21 22 23
4718 4320 6 3 18 19 21 22 23
2972 2402 4 3 18 19 22
2300 3166 6 4 5 6 10 15 21
2944 1498 7 4 5 6 15 17 18 19
4042 3584 5 4 5 6 15 17
3314 2102 7 4 5 6 15 18 19 21
4372 2328 5 4 5 6 15 21
2814 3432 9 4 5 7 9 10 13 15 16 21
3384 1560 9 4 5 7 9 10 15 16 21 22
1906 3000 6 4 5 7 9 10 22
4800 3334 6 4 5 7 9 10 22
5384 4516 8 4 5 7 9 15 16 21 22
3880 4048 5 4 5 7 9 22
1560 4072 6 4 5 7 10 15 21
4520 3676 8 4 5 7 14 15 19 21 22
3434 3710 7 4 5 8 15 17 18 20
3998 4870 6 4 5 8 15 17 18
3764 2908 7 4 5 8 15 18 20 21
4328 4368 6 4 5 8 15 18 21
3328 3538 8 4 5 9 10 13 15 16 21
3898 3728 8 4 5 9 10 15 16 21 22
3884 3006 8 4 5 9 10 15 16 21 22
2556 4250 7 4 5 9 10 17 22 23
4014 3388 8 4 5 9 10 18 19 20 22
4036 3082 7 4 5 9 10 18 19 22
2878 5422 7 4 5 9 10 21 22 23
2418 2432 5 4 5 9 10 22
3380 3570 10 4 5 9 13 14 15 16 19 21 22
3588 4100 7 4 5 9 13 15 16 17
4028 2318 10 4 5 9 13 15 16 18 19 20 21
4050 5462 9 4 5 9 13 15 16 18 19 21
2808 3706 7 4 5 9 13 15 16 21
3256 3900 7 4 5 9 13 17 22 23
4044 2194 6 4 5 9 13 17 23
3580 4362 7 4 5 9 13 21 22 23
4368 6366 6 4 5 9 13 21 23
4276 2850 10 4 5 9 14 15 16 19 20 21 22
5700 3598 7 4 5 9 14 19 20 22
4206 2384 7 4 5 9 15 16 17 22
4022 794 7 4 5 9 15 16 17 22
4052 4642 10 4 5 9 15 16 18 19 20 21 22
4620 2950 9 4 5 9 15 16 18 19 21 22
2982 1788 7 4 5 9 15 16 21 22
6272 4314 7 4 5 9 15 16 21 22
4472 3120 6 4 5 9 17 22 23
4656 2362 6 4 5 9 17 22 23
5988 5700 7 4 5 9 18 19 20 22
6010 4042 6 4 5 9 18 19 22
4796 2084 6 4 5 9 21 22 23
4852 5138 6 4 5 9 21 22 23
1478 5046 4 4 5 9 22
3022 2726 8 4 5 10 14 15 19 21 22
2210 4634 7 4 5 10 15 17 21 23
3670 4414 8 4 5 10 15 18 19 20 21
3692 3080 7 4 5 10 15 18 19 21
2074 1798 5 4 5 10 15 21
3568 2794 6 4 5 11 15 17 20
4130 3410 5 4 5 11 15 17
3898 4758 6 4 5 11 15 20 21
4460 2362 5 4 5 11 15 21
3530 5544 6 4 5 12 15 17 20
4090 4414 5 4 5 12 15 17
3860 4848 6 4 5 12 15 20 21
4420 3122 5 4 5 12 15 21
2740 3856 7 4 5 13 14 15 17 19
3110 3010 7 4 5 13 14 15 19 21
4002 3802 5 4 5 13 15 17
4332 4278 5 4 5 13 15 21
3174 3406 7 4 5 14 15 17 19 22
4094 3572 6 4 5 14 15 17 19
5768 4590 7 4 5 14 15 19 20 21
2120 2956 7 4 5 14 15 19 21 22
4462 1694 6 4 5 14 15 19 21
3462 4130 7 4 5 15 17 18 19 20
3224 2590 8 4 5 15 17 18 19 21 23
4024 4594 6 4 5 15 17 18 19
4740 3920 5 4 5 15 17 20
3502 3182 7 4 5 15 17 21 22 23
4290 3528 6 4 5 15 17 21 23
4440 2030 5 4 5 15 17 22
2384 4986 4 4 5 15 17
2768 3714 7 4 5 15 18 19 20 21
2790 3936 6 4 5 15 18 19 21
5072 3554 5 4 5 15 20 21
4770 3044 5 4 5 15 21 22
1546 2910 4 4 5 15 21
2846 3230 10 4 7 8 9 10 14 18 19 20 22
4840 3014 7 4 7 8 9 10 14 22
4820 4910 9 4 7 8 9 14 18 19 20 22
6814 2428 6 4 7 8 9 14 22
2500 3888 10 4 7 8 10 14 15 18 19 20 21
4494 3448 7 4 7 8 10 14 15 21
2950 4730 9 4 7 9 10 11 14 19 20 22
2920 3172 9 4 7 9 10 12 14 19 20 22
3164 2242 8 4 7 9 10 13 14 19 22
3494 4588 8 4 7 9 10 14 19 20 22
3530 2510 7 4 7 9 10 14 19 22
4924 3360 8 4 7 9 11 14 19 20 22
4894 5442 8 4 7 9 12 14 19 20 22
5138 3640 7 4 7 9 13 14 19 22
5468 3884 7 4 7 9 14 19 20 22
5504 3710 6 4 7 9 14 19 22
2606 3524 9 4 7 10 11 14 15 19 20 21
2576 2020 9 4 7 10 12 14 15 19 20 21
2820 1984 8 4 7 10 13 14 15 19 21
3148 2942 8 4 7 10 14 15 19 20 21
3434 4672 8 4 7 10 14 15 19 21 22
3184 2972 7 4 7 10 14 15 19 21
3360 1594 9 4 8 9 10 14 18 19 20 22
5354 3902 6 4 8 9 10 14 22
3748 1998 11 4 8 9 13 14 15 16 18 19 20 21
5742 4188 8 4 8 9 13 14 15 16 21
3914 2562 11 4 8 9 14 15 16 18 19 20 21 22
3930 2034 11 4 8 9 14 15 16 18 19 20 21 22
5924 2548 8 4 8 9 14 15 16 21 22
5340 1658 8 4 8 9 14 18 19 20 22
2418 1422 8 4 8 9 14 18 19 20 22
4412 2804 5 4 8 9 14 22
3014 4224 9 4 8 10 14 15 18 19 20 21
5008 3446 6 4 8 10 14 15 21
3450 2290 8 4 8 14 15 17 18 19 20
5444 5288 5 4 8 14 15 17
3780 3058 8 4 8 14 15 18 19 20 21
2494 3798 8 4 8 14 15 18 19 20 21
5408 3096 8 4 8 14 15 18 19 20 21
5732 2566 7 4 8 14 15 18 19 21
4488 3914 5 4 8 14 15 21
3464 2566 8 4 9 10 11 14 19 20 22
3434 6682 8 4 9 10 12 14 19 20 22
3678 2010 7 4 9 10 13 14 19 22
2596 3190 8 4 9 10 14 17 19 22 23
4008 1676 7 4 9 10 14 19 20 22
2932 4006 8 4 9 10 14 19 21 22 23
4042 5452 6 4 9 10 14 19 22
3846 3562 10 4 9 11 13 14 15 16 19 20 21
4012 3700 10 4 9 11 14 15 16 19 20 21 22
4028 2546 10 4 9 11 14 15 16 19 20 21 22
2524 2562 7 4 9 11 14 19 20 22
3822 5180 10 4 9 12 13 14 15 16 19 20 21
3982 2340 10 4 9 12 14 15 16 19 20 21 22
2494 2336 7 4 9 12 14 19 20 22
3652 1676 8 4 9 13 14 15 16 17 19
4396 3780 9 4 9 13 14 15 16 19 20 21
4234 1856 9 4 9 13 14 15 16 19 21 22
4250 4482 9 4 9 13 14 15 16 19 21 22
4022 4354 8 4 9 13 14 15 16 19 21
3272 3768 8 4 9 13 14 17 19 22 23
4060 2530 7 4 9 13 14 17 19 23
3634 3028 8 4 9 13 14 19 21 22 23
4422 3362 7 4 9 13 14 19 21 23
2738 1886 6 4 9 13 14 19 22
4222 2774 8 4 9 14 15 16 17 19 22
4562 3860 9 4 9 14 15 16 19 20 21 22
4590 3860 8 4 9 14 15 16 19 21 22
2658 6154 7 4 9 14 17 19 22 23
4544 5074 7 4 9 14 17 19 22 23
3066 2692 6 4 9 14 19 20 22
3728 3174 7 4 9 14 19 21 22 23
3102 3802 5 4 9 14 19 22
3118 3834 8 4 10 11 14 15 19 20 21
3090 3916 8 4 10 12 14 15 19 20 21
3334 4152 7 4 10 13 14 15 19 21
2224 3314 8 4 10 14 15 17 19 21 23
3662 3436 7 4 10 14 15 19 20 21
3948 2158 7 4 10 14 15 19 21 22
3662 3266 6 4 10 14 15 19 21
3698 5282 6 4 10 14 15 19 21
3582 2662 7 4 11 14 15 17 19 20
2592 1188 7 4 11 14 15 19 20 21
3544 4558 7 4 12 14 15 17 19 20
2562 2726 7 4 12 14 15 19 20 21
3876 3576 7 4 12 14 15 19 20 21
4018 3066 6 4 13 14 15 17 19
2812 1142 6 4 13 14 15 19 21
4756 4652 6 4 14 15 17 19 20
3518 2860 8 4 14 15 17 19 21 22 23
2726 2654 7 4 14 15 17 19 21 23
4626 3040 6 4 14 15 17 19 22
2624 5380 5 4 14 15 17 19
3134 5116 6 4 14 15 19 20 21
3428 3368 6 4 14 15 19 21 22
2760 5194 5 4 14 15 19 21
2362 4396 7 5 6 10 15 16 20 21
1530 3592 7 5 6 10 20 21 22 23
2318 3892 6 5 6 10 20 21 23
2032 3314 6 5 6 10 21 22 23
2946 2596 8 5 6 15 16 17 18 19 20
3610 3972 6 5 6 15 16 17 20
2916 4050 8 5 6 15 16 18 19 20 21
3940 3588 6 5 6 15 16 20 21
2182 4494 8 5 6 17 18 19 20 22 23
2970 3450 7 5 6 17 18 19 20 23
2684 1624 7 5 6 17 18 19 22 23
3274 3792 6 5 6 17 20 22 23
4068 3588 5 5 6 17 20 23
3780 6520 5 5 6 17 22 23
2546 3472 8 5 6 18 19 20 21 22 23
3334 4200 7 5 6 18 19 20 21 23
3046 3624 7 5 6 18 19 21 22 23
3598 5488 6 5 6 20 21 22 23
4390 3600 5 5 6 20 21 23
4104 3318 5 5 6 21 22 23
1954 1024 7 5 7 9 10 16 20 22
4370 4654 7 5 7 9 10 16 20 22
3448 4766 6 5 7 9 16 20 22
1582 4744 7 5 7 10 15 16 20 21
4090 3832 9 5 7 14 15 16 19 20 21 22
5514 2686 6 5 7 14 19 20 22
3012 3424 6 5 7 17 20 22 23
3806 2434 5 5 7 17 20 23
3558 2120 5 5 7 17 22 23
3336 4544 6 5 7 20 21 22 23
4130 5008 5 5 7 20 21 23
3880 3176 5 5 7 21 22 23
3510 1582 7 5 8 15 16 17 18 20
3840 2698 7 5 8 15 16 18 20 21
3230 4484 7 5 8 17 18 20 22 23
3174 4368 7 5 8 17 18 20 22 23
3966 3336 6 5 8 17 18 20 23
4024 3706 6 5 8 17 18 20 23
3736 3162 6 5 8 17 18 22 23
4806 4614 5 5 8 17 18 23
3496 2210 7 5 8 18 20 21 22 23
3552 1708 7 5 8 18 20 21 22 23
4290 3344 6 5 8 18 20 21 23
4060 3980 6 5 8 18 21 22 23
5128 4244 5 5 8 18 21 23
2290 3126 8 5 9 10 16 17 20 22 23
3606 2540 8 5 9 10 16 18 19 20 22
2980 2760 8 5 9 10 16 20 21 22 23
2268 4674 6 5 9 10 16 20 22
4374 1724 8 5 9 13 14 16 19 20 22
2826 4714 8 5 9 13 16 17 20 22 23
3614 3560 7 5 9 13 16 17 20 23
3326 2142 7 5 9 13 16 17 22 23
3150 4012 8 5 9 13 16 20 21 22 23
3936 2904 7 5 9 13 16 20 21 23
3704 4628 7 5 9 13 16 21 22 23
4042 2574 7 5 9 16 17 20 22 23
4048 4182 7 5 9 16 17 20 22 23
5580 3282 7 5 9 16 18 19 20 22
4548 4142 7 5 9 16 20 21 22 23
4422 3474 7 5 9 16 20 21 22 23
4364 3662 7 5 9 16 20 21 22 23
1600 3658 5 5 9 16 20 22
2590 4870 9 5 10 14 15 16 19 20 21 22
1918 4744 8 5 10 15 16 17 20 21 23
3260 3452 8 5 10 15 16 18 19 20 21
1896 2084 6 5 10 15 16 20 21
2544 3558 6 5 10 17 20 22 23
3292 1478 5 5 10 17 20 23
3044 4086 5 5 10 17 22 23
2714 3572 6 5 10 20 21 22 23
3502 4650 5 5 10 20 21 23
3216 4420 5 5 10 21 22 23
3642 3920 6 5 11 15 16 17 20
3972 5208 6 5 11 15 16 20 21
2994 2972 7 5 11 17 18 19 20 23
3312 4564 6 5 11 17 20 22 23
3306 4806 6 5 11 17 20 22 23
4100 3100 5 5 11 17 20 23
3868 3182 5 5 11 17 22 23
4944 4342 4 5 11 17 23
3318 4192 7 5 11 18 19 20 21 23
3630 1454 6 5 11 20 21 22 23
4422 3016 5 5 11 20 21 23
4192 3832 5 5 11 21 22 23
5266 2978 4 5 11 21 23
3606 4846 6 5 12 15 16 17 20
3936 2596 6 5 12 15 16 20 21
2958 3450 7 5 12 17 18 19 20 23
3322 4626 6 5 12 17 20 22 23
3270 5128 6 5 12 17 20 22 23
4280 2386 5 5 12 17 20 23
4062 2814 5 5 12 17 20 23
3828 3984 5 5 12 17 22 23
4788 3606 4 5 12 17 23
3282 2624 7 5 12 18 19 20 21 23
3592 3160 6 5 12 20 21 22 23
3646 3504 6 5 12 20 21 22 23
4386 4198 5 5 12 20 21 23
4440 5984 5 5 12 20 21 23
4152 2088 5 5 12 21 22 23
5110 3936 4 5 12 21 23
2848 4994 8 5 13 14 15 16 17 19 20
2818 2774 8 5 13 14 15 16 19 20 21
1998 3494 8 5 13 14 17 19 20 22 23
2766 4044 7 5 13 14 17 19 20 23
2478 4160 7 5 13 14 17 19 22 23
2340 4222 8 5 13 14 19 20 21 22 23
3128 1158 7 5 13 14 19 20 21 23
2842 3928 7 5 13 14 19 21 22 23
3572 1958 6 5 13 15 16 17 20
4072 4354 5 5 13 15 16 17
3902 5326 6 5 13 15 16 20 21
4402 5088 5 5 13 15 16 21
2924 2066 7 5 13 17 18 19 20 23
3424 3972 6 5 13 17 18 19 23
3240 3406 6 5 13 17 20 22 23
4028 4116 5 5 13 17 20 23
3742 1456 5 5 13 17 22 23
4528 3648 4 5 13 17 23
3246 570 7 5 13 18 19 20 21 23
3748 2822 6 5 13 18 19 21 23
3564 1794 6 5 13 20 21 22 23
4352 2626 5 5 13 20 21 23
4064 1856 5 5 13 21 22 23
4852 2878 4 5 13 21 23
2790 3466 8 5 14 15 16 17 19 20 22
3710 1958 7 5 14 15 16 17 19 20
2008 4060 8 5 14 15 16 19 20 21 22
4032 3184 7 5 14 15 16 19 20 21
3200 242 7 5 14 17 19 20 22 23
4120 1886 6 5 14 17 19 20 23
3832 2836 6 5 14 17 19 22 23
3562 1800 7 5 14 19 20 21 22 23
4482 4204 6 5 14 19 20 21 23
3114 1702 5 5 14 19 20 22
4194 5110 6 5 14 19 21 22 23
2794 4222 9 5 15 16 17 18 19 20 21 23
3640 3144 7 5 15 16 17 18 19 20
3072 2576 8 5 15 16 17 20 21 22 23
3860 5012 7 5 15 16 17 20 21 23
4010 4802 6 5 15 16 17 20 22
2318 3822 5 5 15 16 17 20
3572 1798 7 5 15 16 17 21 22 23
4696 2354 5 5 15 16 17 22
2852 3518 7 5 15 16 18 19 20 21
4340 5346 6 5 15 16 20 21 22
1576 1666 5 5 15 16 20 21
5026 2414 5 5 15 16 21 22
3200 4802 7 5 17 18 19 20 22 23
4050 4890 6 5 17 18 19 20 23
4218 3154 6 5 17 18 19 20 23
3764 3930 6 5 17 18 19 22 23
1616 3564 5 5 17 20 22 23
2402 4268 4 5 17 20 23
2116 3440 4 5 17 22 23
3856 3406 7 5 18 19 20 21 22 23
3564 2622 7 5 18 19 20 21 22 23
4414 1312 6 5 18 19 20 21 23
3784 3556 4 5 18 19 20
4126 1606 6 5 18 19 21 22 23
4790 4620 5 5 20 21 22 23
2158 3256 5 5 20 21 22 23
2726 2876 4 5 20 21 23
730 4028 2 5 20
2440 3892 4 5 21 22 23
570 5458 1 5
1634 3308 6 6 7 10 21 22 23
1664 2440 6 6 7 10 21 22 23
2428 2284 5 6 7 10 21 23
2286 3646 7 6 7 17 18 19 22 23
3080 2846 6 6 7 17 18 19 23
3384 3864 5 6 7 17 22 23
3384 2214 5 6 7 17 22 23
4178 2958 4 6 7 17 23
2648 4186 7 6 7 18 19 21 22 23
3442 4406 6 6 7 18 19 21 23
3720 3540 5 6 7 21 22 23
3706 4686 5 6 7 21 22 23
4500 3930 4 6 7 21 23
1984 4644 8 6 8 10 15 16 18 20 21
1380 2866 8 6 8 10 18 20 21 22 23
2166 4624 7 6 8 10 18 20 21 23
1936 1936 7 6 8 10 18 21 22 23
3006 2524 6 6 8 10 18 21 23
2594 4144 8 6 8 15 16 17 18 20 22
3374 5156 7 6 8 15 16 17 18 20
2932 1542 8 6 8 15 16 18 20 21 22
3704 1472 7 6 8 15 16 18 20 21
3038 2138 7 6 8 17 18 20 22 23
3832 3268 6 6 8 17 18 20 23
3890 6626 6 6 8 17 18 22 23
3600 4188 6 6 8 17 18 22 23
4670 5580 5 6 8 17 18 23
4606 4806 5 6 8 17 18 23
3362 4462 7 6 8 18 20 21 22 23
4154 3712 6 6 8 18 20 21 23
3932 3380 6 6 8 18 21 22 23
3924 3270 6 6 8 18 21 22 23
4994 3570 5 6 8 18 21 23
4928 3458 5 6 8 18 21 23
2502 4740 7 6 9 10 16 17 22 23
2880 3838 7 6 9 10 16 21 22 23
3190 4562 7 6 9 13 16 17 22 23
3984 3108 6 6 9 13 16 17 23
3570 2032 7 6 9 13 16 21 22 23
4362 3046 6 6 9 13 16 21 23
4476 1474 6 6 9 16 17 22 23
4854 3796 6 6 9 16 21 22 23
1978 2104 7 6 10 11 15 16 20 21
1150 4954 8 6 10 11 18 19 20 21 23
1426 2348 7 6 10 11 20 21 22 23
2214 2368 6 6 10 11 20 21 23
1984 3664 6 6 10 11 21 22 23
3058 2790 5 6 10 11 21 23
1978 3028 7 6 10 12 15 16 20 21
1170 1978 8 6 10 12 18 19 20 21 23
1414 3210 7 6 10 12 20 21 22 23
2202 3218 6 6 10 12 20 21 23
1968 2916 6 6 10 12 21 22 23
2902 2166 5 6 10 12 21 23
2194 3266 6 6 10 13 15 16 21
1538 760 7 6 10 13 18 19 21 23
1856 4362 6 6 10 13 21 22 23
2644 5668 5 6 10 13 21 23
1444 2236 8 6 10 15 16 17 21 22 23
2158 3510 7 6 10 15 16 17 21 23
2938 4102 6 6 10 15 16 20 21
2818 2318 6 6 10 15 16 21 22
1810 5444 7 6 10 17 18 19 22 23
2566 3684 6 6 10 17 18 19 23
2878 2402 5 6 10 17 22 23
2908 4830 5 6 10 17 22 23
3664 4412 4 6 10 17 23
2284 3152 7 6 10 18 19 20 21 23
2148 3500 7 6 10 18 19 21 22 23
2840 3668 6 6 10 18 19 21 23
2940 3990 6 6 10 18 19 21 23
2600 2926 6 6 10 20 21 22 23
3388 2074 5 6 10 20 21 23
730 1618 5 6 10 21 22 23
1024 2352 4 6 10 21 23
3988 4130 4 6 10 21 23
2562 1316 8 6 11 15 16 17 18 19 20
2726 4614 7 6 11 15 16 17 20 22
3506 4684 6 6 11 15 16 17 20
2778 4082 8 6 11 15 16 18 19 20 21
3058 4378 7 6 11 15 16 20 21 22
3838 2664 6 6 11 15 16 20 21
2074 1734 8 6 11 17 18 19 20 22 23
2860 792 7 6 11 17 18 19 20 23
2866 2408 7 6 11 17 18 19 20 23
2636 2262 7 6 11 17 18 19 22 23
3710 2690 6 6 11 17 18 19 23
3170 3238 6 6 11 17 20 22 23
3176 3796 6 6 11 17 20 22 23
3964 3720 5 6 11 17 20 23
3734 4912 5 6 11 17 22 23
4808 2224 4 6 11 17 23
4744 2862 4 6 11 17 23
2396 3906 8 6 11 18 19 20 21 22 23
2402 2876 8 6 11 18 19 20 21 22 23
3190 4852 7 6 11 18 19 20 21 23
3182 2776 7 6 11 18 19 20 21 23
2998 3764 7 6 11 18 19 21 22 23
4074 3948 6 6 11 18 19 21 23
3500 2558 6 6 11 20 21 22 23
3494 5532 6 6 11 20 21 22 23
4288 4800 5 6 11 20 21 23
4064 1564 5 6 11 21 22 23
4056 4672 5 6 11 21 22 23
5066 3698 4 6 11 21 23
2540 2440 8 6 12 15 16 17 18 19 20
2690 5008 7 6 12 15 16 17 20 22
3470 4792 6 6 12 15 16 17 20
2742 3500 8 6 12 15 16 18 19 20 21
3020 2398 7 6 12 15 16 20 21 22
3800 3634 6 6 12 15 16 20 21
2036 3582 8 6 12 17 18 19 20 22 23
2822 3676 7 6 12 17 18 19 20 23
2596 1426 7 6 12 17 18 19 22 23
3554 3038 6 6 12 17 18 19 23
3134 1832 6 6 12 17 20 22 23
3928 3292 5 6 12 17 20 23
3694 3748 5 6 12 17 22 23
3700 1982 5 6 12 17 22 23
4652 4740 4 6 12 17 23
4660 3510 4 6 12 17 23
2360 2768 8 6 12 18 19 20 21 22 23
3146 1662 7 6 12 18 19 20 21 23
2958 4722 7 6 12 18 19 21 22 23
3916 4004 6 6 12 18 19 21 23
3456 4998 6 6 12 20 21 22 23
4250 2094 5 6 12 20 21 23
4016 2652 5 6 12 21 22 23
4024 2566 5 6 12 21 22 23
5032 2614 4 6 12 21 23
4976 4528 4 6 12 21 23
2344 2042 7 6 13 14 17 19 22 23
3136 826 6 6 13 14 17 19 23
2706 4402 7 6 13 14 19 21 22 23
3500 4116 6 6 13 14 19 21 23
2840 3608 7 6 13 15 16 17 18 19
3156 3362 6 6 13 15 16 17 22
3936 4224 5 6 13 15 16 17
3208 2074 7 6 13 15 16 18 19 21
3486 2754 6 6 13 15 16 21 22
4266 3246 5 6 13 15 16 21
2508 3978 7 6 13 17 18 19 22 23
2508 2974 7 6 13 17 18 19 22 23
3288 3706 6 6 13 17 18 19 23
3606 1730 5 6 13 17 22 23
4394 3102 4 6 13 17 23
2832 2818 7 6 13 18 19 21 22 23
3612 3336 6 6 13 18 19 21 23
3930 4144 5 6 13 21 22 23
4716 3908 4 6 13 21 23
3628 3240 6 6 14 17 19 22 23
3992 7234 6 6 14 19 21 22 23
3584 3580 7 6 15 16 17 18 19 20
2378 3564 9 6 15 16 17 18 19 21 22 23
3172 6814 8 6 15 16 17 18 19 21 23
3462 3852 7 6 15 16 17 18 19 22
3900 4488 6 6 15 16 17 20 22
4680 5514 5 6 15 16 17 20
3436 4820 7 6 15 16 17 21 22 23
4230 1220 6 6 15 16 17 21 23
4560 4072 5 6 15 16 17 22
3952 6272 7 6 15 16 18 19 20 21
3832 2230 7 6 15 16 18 19 21 22
4232 1960 6 6 15 16 20 21 22
5012 2374 5 6 15 16 20 21
4890 2958 5 6 15 16 21 22
3066 1576 7 6 17 18 19 20 22 23
3080 1936 7 6 17 18 19 20 22 23
3860 4728 6 6 17 18 19 20 23
4032 4252 6 6 17 18 19 20 23
3636 2166 6 6 17 18 19 22 23
1316 3666 6 6 17 18 19 22 23
3728 3960 6 6 17 18 19 22 23
1676 1568 5 6 17 18 19 23
4590 4972 5 6 17 18 19 23
4344 3928 5 6 17 20 22 23
4350 2998 5 6 17 20 22 23
5138 4542 4 6 17 20 23
1980 1292 4 6 17 22 23
4936 1716 4 6 17 22 23
2774 5340 3 6 17 23
5730 4132 3 6 17 23
3428 3530 7 6 18 19 20 21 22 23
4222 2336 6 6 18 19 20 21 23
4220 3738 6 6 18 19 21 22 23
1286 2658 6 6 18 19 21 22 23
4090 3156 6 6 18 19 21 22 23
4912 2684 5 6 18 19 21 23
4920 4794 5 6 18 19 21 23
2040 5818 5 6 18 19 21 23
4668 3294 5 6 20 21 22 23
4674 4120 5 6 20 21 22 23
5462 3572 4 6 20 21 23
5346 3792 4 6 21 22 23
2318 3730 4 6 21 22 23
2304 1116 4 6 21 22 23
3098 2906 3 6 21 23
6054 1114 3 6 21 23
2040 1108 11 7 8 9 10 13 14 16 18 19 20 22
3514 6002 8 7 8 9 10 13 14 16 22
1486 3598 8 7 8 9 10 16 18 20 22
4008 3110 8 7 8 9 10 16 18 20 22
3494 2238 10 7 8 9 13 14 16 18 19 20 22
5488 3820 7 7 8 9 13 14 16 22
3154 4024 7 7 8 9 16 18 20 22
3088 3876 7 7 8 9 16 18 20 22
1668 4222 11 7 8 10 13 14 15 16 18 19 20 21
3168 5924 8 7 8 10 13 14 15 16 21
2238 5228 11 7 8 10 14 15 16 18 19 20 21 22
3738 3796 8 7 8 10 14 15 16 21 22
3162 2308 8 7 8 10 14 18 19 20 22
5154 3166 5 7 8 10 14 22
3730 3174 8 7 8 10 15 16 18 20 21
1114 2998 8 7 8 10 15 16 18 20 21
3462 4326 6 7 8 10 18 21 23
3728 3554 10 7 8 14 15 16 18 19 20 21 22
5220 3310 7 7 8 14 18 19 20 22
2240 5220 7 7 8 14 18 19 20 22
4234 1668 4 7 8 14 22
2776 2562 7 7 8 17 18 20 22 23
3570 1414 6 7 8 17 18 20 23
3378 3268 6 7 8 17 18 22 23
3100 4536 7 7 8 18 20 21 22 23
3894 4018 6 7 8 18 20 21 23
3700 2820 6 7 8 18 21 22 23
2038 3994 10 7 9 10 11 13 14 16 19 20 22
1564 3896 7 7 9 10 11 16 20 22
4268 2602 7 7 9 10 11 16 20 22
2034 1384 10 7 9 10 12 13 14 16 19 20 22
1542 3146 7 7 9 10 12 16 20 22
2240 2676 9 7 9 10 13 14 16 19 20 22
2776 2968 8 7 9 10 13 14 16 19 22
2510 4276 9 7 9 10 13 16 18 19 20 22
1638 4042 6 7 9 10 13 16 22
1638 3884 7 7 9 10 16 17 22 23
2876 3128 8 7 9 10 16 18 19 20 22
2088 5000 6 7 9 10 16 20 22
2432 4120 7 7 9 10 16 21 22 23
4888 4116 5 7 9 10 16 22
3598 5058 9 7 9 11 13 14 16 19 20 22
3186 5266 6 7 9 11 16 20 22
6154 4266 6 7 9 11 16 20 22
3568 2068 9 7 9 12 13 14 16 19 20 22
3222 3378 6 7 9 12 16 20 22
3156 2004 6 7 9 12 16 20 22
4142 3668 8 7 9 13 14 16 19 20 22
4178 3924 7 7 9 13 14 16 19 22
2930 3260 7 7 9 13 16 17 22 23
3724 3384 6 7 9 13 16 17 23
4484 1778 8 7 9 13 16 18 19 20 22
3308 4104 7 7 9 13 16 21 22 23
4102 5300 6 7 9 13 16 21 23
3406 680 5 7 9 13 16 22
3320 2838 6 7 9 16 17 22 23
4850 4196 7 7 9 16 18 19 20 22
3802 1836 5 7 9 16 20 22
3734 5730 5 7 9 16 20 22
4472 3666 6 7 9 16 21 22 23
4404 3054 6 7 9 16 21 22 23
1666 3840 10 7 10 11 13 14 15 16 19 20 21
2236 4462 10 7 10 11 14 15 16 19 20 21 22
3266 4660 7 7 10 11 14 19 20 22
1192 1444 7 7 10 11 15 16 20 21
1624 3544 8 7 10 11 18 19 20 21 23
3572 2440 5 7 10 11 21 23
1662 5222 10 7 10 12 13 14 15 16 19 20 21
2232 3222 10 7 10 12 14 15 16 19 20 21 22
3236 4290 7 7 10 12 14 19 20 22
1170 5028 7 7 10 12 15 16 20 21
1594 5620 8 7 10 12 18 19 20 21 23
3424 3456 5 7 10 12 21 23
1868 3056 9 7 10 13 14 15 16 19 20 21
2242 4924 9 7 10 13 14 15 16 19 21 22
2404 2936 8 7 10 13 14 15 16 19 21
3480 4234 6 7 10 13 14 19 22
2166 5384 9 7 10 13 15 16 18 19 20 21
1266 2644 6 7 10 13 15 16 21
1308 4042 7 7 10 13 18 19 21 23
1626 3548 6 7 10 13 21 22 23
2414 3280 5 7 10 13 21 23
2438 2232 9 7 10 14 15 16 19 20 21 22
2974 4208 8 7 10 14 15 16 19 21 22
3808 3788 6 7 10 14 19 20 22
3844 3752 5 7 10 14 19 22
1474 1786 8 7 10 15 16 17 21 22 23
1268 3210 7 7 10 15 16 17 21 23
2780 2910 9 7 10 15 16 18 19 20 21 22
2530 340 8 7 10 15 16 18 19 20 21
1716 2818 6 7 10 15 16 20 21
2726 4670 6 7 10 15 16 21 22
1904 4350 6 7 10 15 16 21 22
2646 4364 5 7 10 17 22 23
3402 3542 4 7 10 17 23
2046 2938 7 7 10 18 19 20 21 23
1916 2518 7 7 10 18 19 21 22 23
2202 2508 6 7 10 18 19 21 23
2364 3114 6 7 10 20 21 22 23
3152 3016 5 7 10 20 21 23
2970 3542 5 7 10 21 22 23
790 1626 5 7 10 21 22 23
2846 1928 5 7 10 21 22 23
760 4748 5 7 10 21 22 23
594 456 4 7 10 21 23
826 4318 3 7 10 22
1142 3150 2 7 10
3834 1638 9 7 11 14 15 16 19 20 21 22
5326 5480 6 7 11 14 19 20 22
2338 2852 6 7 11 14 19 20 22
2404 3506 6 7 11 14 19 20 22
3246 2362 6 7 11 15 16 17 20
3576 1286 6 7 11 15 16 20 21
2598 1104 7 7 11 17 18 19 20 23
2910 4008 6 7 11 17 20 22 23
3702 7190 5 7 11 17 20 23
3472 3618 5 7 11 17 22 23
4548 3032 4 7 11 17 23
2922 2884 7 7 11 18 19 20 21 23
3232 4624 6 7 11 20 21 22 23
4026 2502 5 7 11 20 21 23
3796 2598 5 7 11 21 22 23
4870 3828 4 7 11 21 23
3804 4352 9 7 12 14 15 16 19 20 21 22
2308 5372 6 7 12 14 19 20 22
2374 2338 6 7 12 14 19 20 22
5282 3834 6 7 12 14 19 20 22
3210 2180 6 7 12 15 16 17 20
3540 3590 6 7 12 15 16 20 21
2562 4560 7 7 12 17 18 19 20 23
2872 3982 6 7 12 17 20 22 23
3666 5192 5 7 12 17 20 23
3432 2612 5 7 12 17 22 23
4392 4312 4 7 12 17 23
2886 2072 7 7 12 18 19 20 21 23
3196 3564 6 7 12 20 21 22 23
3990 3678 5 7 12 20 21 23
3756 4390 5 7 12 21 22 23
4714 2536 4 7 12 21 23
4048 2908 8 7 13 14 15 16 19 21 22
2082 386 7 7 13 14 17 19 22 23
2876 3742 6 7 13 14 17 19 23
2444 3820 7 7 13 14 19 21 22 23
3238 2940 6 7 13 14 19 21 23
2558 4112 5 7 13 14 19 22
2926 3086 6 7 13 15 16 17 22
3676 2606 5 7 13 15 16 17
3256 4002 6 7 13 15 16 21 22
4006 2980 5 7 13 15 16 21
2278 4852 7 7 13 17 18 19 22 23
3028 2942 6 7 13 17 18 19 23
3344 4820 5 7 13 17 22 23
3344 5732 5 7 13 17 22 23
4132 2432 4 7 13 17 23
2602 3080 7 7 13 18 19 21 22 23
3350 4404 6 7 13 18 19 21 23
3668 3056 5 7 13 21 22 23
3668 1938 5 7 13 21 22 23
4456 3868 4 7 13 21 23
4376 2478 8 7 14 15 16 19 20 21 22
2472 1916 6 7 14 17 19 22 23
2954 4648 5 7 14 19 20 22
2888 3526 5 7 14 19 20 22
3542 3822 6 7 14 19 21 22 23
3608 3972 6 7 14 19 21 22 23
2924 1170 4 7 14 19 22
3664 2358 6 7 15 16 17 20 22
4414 7498 5 7 15 16 17 20
3176 2278 7 7 15 16 17 21 22 23
3970 4000 6 7 15 16 17 21 23
4298 2988 5 7 15 16 17 22
3994 3686 6 7 15 16 20 21 22
4744 5468 5 7 15 16 20 21
4630 1194 5 7 15 16 21 22
3016 2640 7 7 17 18 19 20 22 23
2804 2906 7 7 17 18 19 20 22 23
3598 3160 6 7 17 18 19 20 23
3406 3144 6 7 17 18 19 22 23
4328 3532 5 7 17 18 19 23
4082 3724 5 7 17 20 22 23
4082 3924 5 7 17 20 22 23
4870 4322 4 7 17 20 23
1718 3526 4 7 17 22 23
4748 1140 4 7 17 22 23
4564 3320 4 7 17 22 23
2512 3154 3 7 17 23
3166 3428 7 7 18 19 20 21 22 23
3960 3328 6 7 18 19 20 21 23
3768 4102 6 7 18 19 21 22 23
4652 1912 5 7 18 19 21 23
4406 2028 5 7 20 21 22 23
5194 2968 4 7 20 21 23
2042 4976 4 7 21 22 23
5056 3894 4 7 21 22 23
2836 5504 3 7 21 23
392 3098 2 7 22
242 1660 1 7
2354 4422 10 8 9 10 13 14 16 18 19 20 22
4028 3682 7 8 9 10 13 14 16 22
1888 4644 9 8 9 10 16 17 18 20 22 23
2518 2344 9 8 9 10 16 18 20 21 22 23
1800 2742 7 8 9 10 16 18 20 22
4700 4104 7 8 9 10 16 18 20 22
1686 2096 9 8 9 13 14 16 18 19 20 22
3086 1196 6 8 9 13 14 16 22
2590 5316 9 8 9 13 16 17 18 20 22 23
3378 4568 8 8 9 13 16 17 18 20 23
3146 2352 8 8 9 13 16 17 18 22 23
4216 2490 7 8 9 13 16 17 18 23
2914 4846 9 8 9 13 16 18 20 21 22 23
3700 1718 8 8 9 13 16 18 20 21 23
3524 1194 8 8 9 13 16 18 21 22 23
4594 2694 7 8 9 13 16 18 21 23
3812 5066 8 8 9 16 17 18 20 22 23
3806 2544 8 8 9 16 17 18 20 22 23
3806 1810 7 8 9 16 17 18 22 23
4306 2618 8 8 9 16 18 20 21 22 23
4128 5570 8 8 9 16 18 20 21 22 23
4186 2046 8 8 9 16 18 20 21 22 23
1132 1838 6 8 9 16 18 20 22
4892 4200 7 8 9 16 18 21 22 23
1982 4840 10 8 10 13 14 15 16 18 19 20 21
3682 4274 7 8 10 13 14 15 16 21
2230 4064 10 8 10 14 15 16 18 19 20 21 22
4252 3700 7 8 10 14 15 16 21 22
3674 2818 7 8 10 14 18 19 20 22
5668 1428 4 8 10 14 22
1542 2392 9 8 10 15 16 17 18 20 21 23
1428 3836 7 8 10 15 16 18 20 21
4354 3568 7 8 10 15 16 18 20 21
2308 5720 7 8 10 17 18 20 22 23
3056 1862 6 8 10 17 18 20 23
2864 3362 6 8 10 17 18 22 23
2478 3084 7 8 10 18 20 21 22 23
3266 4032 6 8 10 18 20 21 23
3036 3376 6 8 10 18 21 22 23
3976 3090 5 8 10 18 21 23
3462 4406 7 8 11 15 16 17 18 20
3792 1810 7 8 11 15 16 18 20 21
3126 2958 7 8 11 17 18 20 22 23
3920 910 6 8 11 17 18 20 23
4196 3486 6 8 11 17 18 20 23
3688 2148 6 8 11 17 18 22 23
4758 3010 5 8 11 17 18 23
4764 4220 5 8 11 17 18 23
3450 3796 7 8 11 18 20 21 22 23
4244 4608 6 8 11 18 20 21 23
4518 4756 6 8 11 18 20 21 23
4244 5084 6 8 11 18 20 21 23
4012 4686 6 8 11 18 21 22 23
5088 3322 5 8 11 18 21 23
5082 4518 5 8 11 18 21 23
3422 3484 7 8 12 15 16 17 18 20
3752 3162 7 8 12 15 16 18 20 21
3086 4028 7 8 12 17 18 20 22 23
3880 2926 6 8 12 17 18 20 23
3882 3832 6 8 12 17 18 20 23
3648 4310 6 8 12 17 18 22 23
4608 4328 5 8 12 17 18 23
4728 6010 5 8 12 17 18 23
3410 3434 7 8 12 18 20 21 22 23
4204 2036 6 8 12 18 20 21 23
4368 2808 6 8 12 18 20 21 23
3972 2110 6 8 12 18 21 22 23
4930 4420 5 8 12 18 21 23
5042 838 5 8 12 18 21 23
2386 3674 9 8 13 14 15 16 17 18 19 20
4116 1900 6 8 13 14 15 16 17
3100 4344 9 8 13 14 15 16 18 19 20 21
1660 4024 9 8 13 14 15 16 18 19 20 21
4406 2494 8 8 13 14 15 16 18 19 21
3162 3344 6 8 13 14 15 16 21
1742 3734 9 8 13 14 17 18 19 20 22 23
2530 4770 8 8 13 14 17 18 19 20 23
2298 4090 8 8 13 14 17 18 19 22 23
3368 4918 7 8 13 14 17 18 19 23
3736 2606 6 8 13 14 17 22 23
4524 3976 5 8 13 14 17 23
2104 2884 9 8 13 14 18 19 20 21 22 23
2854 3886 8 8 13 14 18 19 20 21 23
2662 1918 8 8 13 14 18 19 21 22 23
3730 5538 7 8 13 14 18 19 21 23
4060 2462 6 8 13 14 21 22 23
4848 4012 5 8 13 14 21 23
3336 3064 7 8 13 15 16 17 18 20
3892 4938 6 8 13 15 16 17 18
3666 1188 7 8 13 15 16 18 20 21
4222 3748 6 8 13 15 16 18 21
3004 3424 7 8 13 17 18 20 22 23
3792 4402 6 8 13 17 18 20 23
3562 3036 6 8 13 17 18 22 23
4350 4080 5 8 13 17 18 23
3328 3958 7 8 13 18 20 21 22 23
4116 4764 6 8 13 18 20 21 23
3884 4050 6 8 13 18 21 22 23
4672 2740 5 8 13 18 21 23
2506 1680 9 8 14 15 16 17 18 19 20 22
3426 2148 8 8 14 15 16 17 18 19 20
4686 2270 6 8 14 15 16 17 22
4652 4718 9 8 14 15 16 18 19 20 21 22
2230 2908 9 8 14 15 16 18 19 20 21 22
1540 3610 9 8 14 15 16 18 19 20 21 22
3796 4232 8 8 14 15 16 18 19 20 21
4974 2526 8 8 14 15 16 18 19 21 22
3730 3092 6 8 14 15 16 21 22
6626 686 6 8 14 15 16 21 22
2958 1936 8 8 14 17 18 19 20 22 23
3014 4336 8 8 14 17 18 19 20 22 23
3884 1664 7 8 14 17 18 19 20 23
3802 3176 7 8 14 17 18 19 22 23
2958 4928 7 8 14 17 18 19 22 23
4722 6236 6 8 14 17 18 19 23
4952 4936 5 8 14 17 22 23
3458 1150 8 8 14 18 19 20 21 22 23
3338 3336 8 8 14 18 19 20 21 22 23
3282 3066 8 8 14 18 19 20 21 22 23
4246 2284 7 8 14 18 19 20 21 23
2910 1868 6 8 14 18 19 20 22
686 2422 6 8 14 18 19 20 22
4016 4374 7 8 14 18 19 21 22 23
4028 2944 7 8 14 18 19 21 22 23
5084 3760 6 8 14 18 19 21 23
6366 4022 5 8 14 18 19 22
5452 6528 5 8 14 21 22 23
5458 2872 5 8 14 21 22 23
5276 2726 5 8 14 21 22 23
1832 2648 3 8 14 22
2836 2610 9 8 15 16 17 18 20 21 22 23
3624 3572 8 8 15 16 17 18 20 21 23
3774 3480 7 8 15 16 17 18 20 22
1856 4082 6 8 15 16 17 18 20
3392 3692 8 8 15 16 17 18 21 22 23
4462 3530 7 8 15 16 17 18 21 23
3874 1896 7 8 15 16 17 18 21 23
4516 3750 6 8 15 16 17 18 22
4104 2826 7 8 15 16 18 20 21 22
3834 2040 6 8 15 16 18 20 21
1108 2106 6 8 15 16 18 20 21
4846 5068 6 8 15 16 18 21 22
4224 3964 6 8 17 18 20 22 23
1380 3058 6 8 17 18 20 22 23
5196 3798 5 8 17 18 20 23
2166 4930 5 8 17 18 20 23
1936 3928 5 8 17 18 22 23
5068 3882 5 8 17 18 22 23
3006 2802 4 8 17 18 23
3056 2278 4 8 17 18 23
1702 3458 6 8 18 20 21 22 23
4624 1546 6 8 18 20 21 22 23
2490 3222 5 8 18 20 21 23
262 2876 3 8 18 20
5288 682 5 8 18 21 22 23
2260 2380 5 8 18 21 22 23
3456 2854 4 8 18 21 23
6528 2016 4 8 18 21 23
3328 4016 4 8 18 21 23
456 4914 2 8 18
2352 3336 9 9 10 11 13 14 16 19 20 22
2020 4850 8 9 10 11 16 17 20 22 23
3342 4132 8 9 10 11 16 18 19 20 22
2598 2910 8 9 10 11 16 20 21 22 23
1878 2932 6 9 10 11 16 20 22
2348 5064 9 9 10 12 13 14 16 19 20 22
1984 3562 8 9 10 12 16 17 20 22 23
3314 3494 8 9 10 12 16 18 19 20 22
2574 2932 8 9 10 12 16 20 21 22 23
1854 2924 6 9 10 12 16 20 22
2096 2402 9 9 10 13 14 16 17 19 22 23
2680 3474 8 9 10 13 14 16 19 20 22
2066 2028 9 9 10 13 14 16 19 21 22 23
2878 3424 7 9 10 13 14 16 19 22
2456 5276 7 9 10 13 16 17 22 23
3210 4440 6 9 10 13 16 17 23
3024 2958 8 9 10 13 16 18 19 20 22
3564 2820 7 9 10 13 16 18 19 22
2684 3650 7 9 10 13 16 21 22 23
2838 4056 7 9 10 13 16 21 22 23
3588 3328 6 9 10 13 16 21 23
1952 4888 5 9 10 13 16 22
2028 3994 9 9 10 16 17 18 19 20 22 23
2746 1596 8 9 10 16 17 18 19 22 23
3194 3252 7 9 10 16 17 20 22 23
1470 4952 6 9 10 16 17 22 23
3732 2508 6 9 10 16 17 22 23
2278 1948 9 9 10 16 18 19 20 21 22 23
3388 4656 7 9 10 16 18 19 20 22
3126 5768 8 9 10 16 18 19 21 22 23
3132 1712 7 9 10 16 20 21 22 23
2402 1984 5 9 10 16 20 22
2906 4332 6 9 10 16 21 22 23
1928 3880 6 9 10 16 21 22 23
2944 2396 6 9 10 16 21 22 23
2818 2892 6 9 10 16 21 22 23
2486 4754 4 9 10 16 22
1684 3256 8 9 11 13 14 16 19 20 22
4112 2238 8 9 11 13 14 16 19 20 22
2406 4524 9 9 11 13 16 17 18 19 20 23
2722 4178 8 9 11 13 16 17 20 22 23
3510 4064 7 9 11 13 16 17 20 23
3280 4686 7 9 11 13 16 17 22 23
4354 3074 6 9 11 13 16 17 23
2784 1186 9 9 11 13 16 18 19 20 21 23
3046 3898 8 9 11 13 16 20 21 22 23
3834 3206 7 9 11 13 16 20 21 23
3658 5220 7 9 11 13 16 21 22 23
4732 4864 6 9 11 13 16 21 23
2838 4696 9 9 11 16 17 18 19 20 22 23
4120 3406 7 9 11 16 17 20 22 23
3938 1380 7 9 11 16 17 20 22 23
3910 5988 6 9 11 16 17 22 23
3046 4440 9 9 11 16 18 19 20 21 22 23
5316 990 7 9 11 16 18 19 20 22
4262 4456 7 9 11 16 20 21 22 23
4318 1132 7 9 11 16 20 21 22 23
1210 3470 5 9 11 16 20 22
5166 3882 6 9 11 16 21 22 23
4996 3596 6 9 11 16 21 22 23
1680 1976 8 9 12 13 14 16 19 20 22
2368 4814 9 9 12 13 16 17 18 19 20 23
2686 3170 8 9 12 13 16 17 20 22 23
3474 3342 7 9 12 13 16 17 20 23
3240 3426 7 9 12 13 16 17 22 23
4198 886 6 9 12 13 16 17 23
2746 3004 9 9 12 13 16 18 19 20 21 23
3010 3114 8 9 12 13 16 20 21 22 23
3796 3100 7 9 12 13 16 20 21 23
3618 4892 7 9 12 13 16 21 22 23
4576 2706 6 9 12 13 16 21 23
2802 4944 9 9 12 16 17 18 19 20 22 23
3908 3168 7 9 12 16 17 20 22 23
3902 2780 7 9 12 16 17 20 22 23
4632 4354 6 9 12 16 17 22 23
3882 4218 6 9 12 16 17 22 23
3016 1260 9 9 12 16 18 19 20 21 22 23
5286 2746 7 9 12 16 18 19 20 22
4224 3190 7 9 12 16 20 21 22 23
4282 4358 7 9 12 16 20 21 22 23
4408 2864 7 9 12 16 20 21 22 23
1188 3308 5 9 12 16 20 22
4968 4160 6 9 12 16 21 22 23
4846 2840 6 9 12 16 21 22 23
1912 4194 8 9 13 14 16 17 19 22 23
3218 3610 8 9 13 14 16 17 19 22 23
3160 3530 8 9 13 14 16 17 19 22 23
1886 4280 7 9 13 14 16 19 20 22
2402 5072 8 9 13 14 16 19 21 22 23
3580 2840 8 9 13 14 16 19 21 22 23
2422 1968 6 9 13 14 16 19 22
2618 1998 9 9 13 16 17 18 19 20 22 23
3406 1308 8 9 13 16 17 18 19 20 23
3268 2902 8 9 13 16 17 18 19 22 23
4136 1948 7 9 13 16 17 18 19 23
3896 4014 7 9 13 16 17 20 22 23
4684 4482 6 9 13 16 17 20 23
1532 2776 6 9 13 16 17 22 23
4374 3654 6 9 13 16 17 22 23
4378 3022 6 9 13 16 17 22 23
2320 3014 5 9 13 16 17 23
2980 1140 9 9 13 16 18 19 20 21 22 23
3768 2766 8 9 13 16 18 19 20 21 23
2084 5238 7 9 13 16 18 19 20 22
3268 790 8 9 13 16 18 19 21 22 23
4514 1638 7 9 13 16 18 19 21 23
5538 4078 6 9 13 16 18 19 22
4220 4460 7 9 13 16 20 21 22 23
5008 2714 6 9 13 16 20 21 23
4696 4136 6 9 13 16 21 22 23
1938 3136 6 9 13 16 21 22 23
4754 2456 6 9 13 16 21 22 23
4624 2686 6 9 13 16 21 22 23
2698 3700 5 9 13 16 21 23
1284 1634 4 9 13 16 22
3832 4790 8 9 16 17 18 19 20 22 23
2004 1416 8 9 16 17 18 19 20 22 23
4720 4860 7 9 16 17 18 19 22 23
5112 6106 6 9 16 17 20 22 23
2748 3462 5 9 16 17 22 23
1286 4574 5 9 16 17 22 23
3074 3072 8 9 16 18 19 20 21 22 23
2448 2304 6 9 16 18 19 20 22
3632 1752 7 9 16 18 19 21 22 23
5436 4178 6 9 16 20 21 22 23
4954 4826 6 9 16 20 21 22 23
1734 5066 4 9 16 20 22
3182 2636 5 9 16 21 22 23
3126 5404 5 9 16 21 22 23
3308 3312 5 9 16 21 22 23
2004 2506 5 9 16 21 22 23
1980 3780 9 10 11 13 14 15 16 19 20 21
2328 4432 9 10 11 14 15 16 19 20 21 22
3780 1162 6 10 11 14 19 20 22
1676 3704 8 10 11 15 16 17 20 21 23
2998 3580 8 10 11 15 16 18 19 20 21
1506 4788 6 10 11 15 16 20 21
2440 3898 6 10 11 17 20 22 23
3190 1898 5 10 11 17 20 23
2996 6054 5 10 11 17 22 23
2138 3456 7 10 11 18 19 20 21 23
2612 4246 6 10 11 20 21 22 23
3400 4576 5 10 11 20 21 23
3168 2040 5 10 11 21 22 23
4086 1954 4 10 11 21 23
1976 3378 9 10 12 13 14 15 16 19 20 21
2298 3482 9 10 12 14 15 16 19 20 21 22
3750 2166 6 10 12 14 19 20 22
1638 4350 8 10 12 15 16 17 20 21 23
2968 1284 8 10 12 15 16 18 19 20 21
1484 4968 6 10 12 15 16 20 21
2404 3048 6 10 12 17 20 22 23
3152 4746 5 10 12 17 20 23
2956 3148 5 10 12 17 22 23
2108 1904 7 10 12 18 19 20 21 23
2574 4340 6 10 12 20 21 22 23
3362 5138 5 10 12 20 21 23
3128 4068 5 10 12 21 22 23
3936 3502 4 10 12 21 23
4208 3456 4 10 12 21 23
1724 2556 9 10 13 14 15 16 17 19 21 23
2336 4206 8 10 13 14 15 16 19 20 21
2548 3940 8 10 13 14 15 16 19 21 22
2692 3156 8 10 13 14 15 16 19 21 22
2952 2436 7 10 13 14 15 16 19 21
2336 3846 7 10 13 14 15 16 19 21
1712 3570 7 10 13 14 17 19 22 23
2362 4244 6 10 13 14 17 19 23
1948 2948 7 10 13 14 19 21 22 23
2724 3948 6 10 13 14 19 21 23
3994 2038 5 10 13 14 19 22
2110 4052 7 10 13 15 16 17 21 23
2680 2058 8 10 13 15 16 18 19 20 21
3218 3404 7 10 13 15 16 18 19 21
1600 2848 5 10 13 15 16 21
2876 3032 5 10 13 17 22 23
3624 3196 4 10 13 17 23
2352 3240 6 10 13 18 19 21 23
3040 2574 5 10 13 21 22 23
3828 3912 4 10 13 21 23
2294 4568 9 10 14 15 16 17 19 21 22 23
2876 2272 8 10 14 15 16 19 20 21 22
2906 3232 7 10 14 15 16 19 21 22
3522 1098 7 10 14 15 16 19 21 22
2884 4652 6 10 14 17 19 22 23
4322 2182 5 10 14 19 20 22
1954 3246 6 10 14 19 21 22 23
2042 2298 6 10 14 19 21 22 23
1624 4624 4 10 14 19 22
1658 4432 9 10 15 16 17 18 19 20 21 23
2402 3724 8 10 15 16 17 18 19 21 23
2850 3464 7 10 15 16 17 20 21 23
2706 2472 7 10 15 16 17 21 22 23
2548 1686 7 10 15 16 17 21 22 23
1098 1638 6 10 15 16 17 21 23
3336 2994 6 10 15 16 17 21 23
3830 4490 5 10 15 16 17 22
4580 2662 4 10 15 16 17
3294 4252 8 10 15 16 18 19 20 21 22
3008 3970 7 10 15 16 18 19 20 21
3548 2364 7 10 15 16 18 19 20 21
3850 3756 7 10 15 16 18 19 21 22
3798 854 6 10 15 16 18 19 21
2030 684 5 10 15 16 20 21
2232 3704 5 10 15 16 21 22
1938 3694 4 10 15 16 21
2556 3436 4 10 15 16 21
2334 3910 7 10 17 18 19 20 22 23
3084 1624 6 10 17 18 19 20 23
2892 4192 6 10 17 18 19 22 23
3916 4796 5 10 17 18 19 23
3614 2490 5 10 17 20 22 23
4364 5112 4 10 17 20 23
1250 4328 4 10 17 22 23
4278 3694 4 10 17 22 23
1998 3248 3 10 17 23
2654 4392 7 10 18 19 20 21 22 23
2680 3664 6 10 18 19 20 21 23
2602 4690 6 10 18 19 20 21 23
3446 2004 6 10 18 19 20 21 23
2342 4974 5 10 18 19 20 22
2272 2952 4 10 18 19 20
2676 3714 6 10 18 19 21 22 23
1268 3460 5 10 18 19 21 23
2706 4268 5 10 18 19 21 23
3298 3400 5 10 18 19 21 23
2364 3152 4 10 18 19 22
2434 3134 3 10 18 19
3780 3424 5 10 20 21 22 23
4568 4060 4 10 20 21 23
1872 2308 4 10 21 22 23
4444 2876 4 10 21 22 23
1104 2814 4 10 21 22 23
1416 4028 4 10 21 22 23
386 2746 3 10 21 23
4116 2392 3 10 21 23
2380 4730 3 10 21 23
1094 4874 3 10 21 23
1140 1978 2 10 22
1456 4580 1 10
3556 3058 6 11 12 15 16 17 20
3886 2680 6 11 12 15 16 20 21
2908 3086 7 11 12 17 18 19 20 23
3222 3966 6 11 12 17 20 22 23
3218 4808 6 11 12 17 20 22 23
4012 2392 5 11 12 17 20 23
4296 3034 5 11 12 17 20 23
4016 3468 5 11 12 17 20 23
3782 826 5 11 12 17 22 23
4740 1878 4 11 12 17 23
3230 3230 7 11 12 18 19 20 21 23
3542 3216 6 11 12 20 21 22 23
4336 3126 5 11 12 20 21 23
4340 2794 5 11 12 20 21 23
4104 3614 5 11 12 21 22 23
5186 1954 4 11 12 21 23
5064 2042 4 11 12 21 23
2408 1954 8 11 13 14 15 16 17 19 20
2574 2266 8 11 13 14 15 16 19 20 21
1658 5056 8 11 13 14 15 16 19 20 21
1874 3454 8 11 13 14 17 19 20 22 23
2662 2500 7 11 13 14 17 19 20 23
2432 4548 7 11 13 14 17 19 22 23
3506 4624 6 11 13 14 17 19 23
2198 4212 8 11 13 14 19 20 21 22 23
2986 4544 7 11 13 14 19 20 21 23
2794 3336 7 11 13 14 19 21 22 23
3868 3598 6 11 13 14 19 21 23
3468 3494 6 11 13 15 16 17 20
4024 3618 5 11 13 15 16 17
3798 4696 6 11 13 15 16 20 21
4354 730 5 11 13 15 16 21
2820 694 7 11 13 17 18 19 20 23
3376 4376 6 11 13 17 18 19 23
3138 3326 6 11 13 17 20 22 23
3924 2832 5 11 13 17 20 23
3694 3402 5 11 13 17 22 23
4482 3756 4 11 13 17 23
3144 3126 7 11 13 18 19 20 21 23
3700 2378 6 11 13 18 19 21 23
3460 4422 6 11 13 20 21 22 23
4248 2158 5 11 13 20 21 23
4018 3828 5 11 13 21 22 23
4806 4154 4 11 13 21 23
2640 5354 8 11 14 15 16 17 19 20 22
2978 2116 8 11 14 15 16 17 19 20 22
3558 3374 7 11 14 15 16 17 19 20
1618 4854 8 11 14 15 16 19 20 21 22
4730 2202 8 11 14 15 16 19 20 21 22
3928 2980 7 11 14 15 16 19 20 21
3090 4500 7 11 14 17 19 20 22 23
3146 594 7 11 14 17 19 20 22 23
3096 4248 7 11 14 17 19 20 22 23
4016 4756 6 11 14 17 19 20 23
3062 3118 6 11 14 17 19 22 23
4860 2970 5 11 14 17 19 23
3414 5408 7 11 14 19 20 21 22 23
3458 4606 7 11 14 19 20 21 22 23
4378 1250 6 11 14 19 20 21 23
2992 3806 5 11 14 19 20 22
684 3216 5 11 14 19 20 22
4132 2930 6 11 14 19 21 22 23
4148 2360 6 11 14 19 21 22 23
5222 2920 5 11 14 19 21 23
2652 4040 9 11 15 16 17 18 19 20 21 23
3490 3174 7 11 15 16 17 18 19 20
2968 2680 8 11 15 16 17 20 21 22 23
3756 3460 7 11 15 16 17 20 21 23
3906 3128 6 11 15 16 17 20 22
1936 4016 5 11 15 16 17 20
3526 3734 7 11 15 16 17 21 22 23
3978 6656 6 11 15 16 17 21 23
4628 3134 6 11 15 16 17 21 23
4648 4996 5 11 15 16 17 22
2462 4520 7 11 15 16 18 19 20 21
4236 3908 6 11 15 16 20 21 22
3908 2914 5 11 15 16 20 21
1186 3898 5 11 15 16 20 21
4978 892 5 11 15 16 21 22
3160 2198 7 11 17 18 19 20 22 23
3154 2602 7 11 17 18 19 20 22 23
1194 1530 6 11 17 18 19 20 23
3710 3288 6 11 17 18 19 20 23
4116 3462 6 11 17 18 19 20 23
3716 3046 6 11 17 18 19 22 23
3732 2574 5 11 17 18 19 23
4792 3522 5 11 17 18 19 23
1512 3660 5 11 17 20 22 23
4358 3146 5 11 17 20 22 23
4568 5742 5 11 17 20 22 23
2300 7136 4 11 17 20 23
5220 3462 4 11 17 20 23
4914 2126 4 11 17 22 23
2068 3326 4 11 17 22 23
3144 3762 3 11 17 23
6200 2836 3 11 17 23
3516 1538 7 11 18 19 20 21 22 23
3478 2526 7 11 18 19 20 21 22 23
1798 3678 6 11 18 19 20 21 23
4310 3804 6 11 18 19 20 21 23
4574 4472 6 11 18 19 20 21 23
1810 2406 6 11 18 19 20 21 23
1526 3506 4 11 18 19 20
3528 3416 4 11 18 19 20
4080 1506 6 11 18 19 21 22 23
4830 4064 5 11 18 19 21 23
4802 2512 5 11 18 19 21 23
1836 1260 5 11 20 21 22 23
4686 1996 5 11 20 21 22 23
5544 3272 4 11 20 21 23
2622 4012 4 11 20 21 23
340 4978 2 11 20
5238 2598 4 11 21 22 23
2392 3218 4 11 21 22 23
3466 4200 3 11 21 23
2406 2154 8 12 13 14 15 16 17 19 20
1656 4608 8 12 13 14 15 16 19 20 21
4142 3812 8 12 13 14 15 16 19 20 21
1838 2646 8 12 13 14 17 19 20 22 23
2626 2294 7 12 13 14 17 19 20 23
2392 1872 7 12 13 14 17 19 22 23
3350 4032 6 12 13 14 17 19 23
2194 2878 8 12 13 14 19 20 21 22 23
2950 3998 7 12 13 14 19 20 21 23
2754 2978 7 12 13 14 19 21 22 23
3712 1854 6 12 13 14 19 21 23
3432 1694 6 12 13 15 16 17 20
3984 3648 5 12 13 15 16 17
3762 2996 6 12 13 15 16 20 21
4314 3902 5 12 13 15 16 21
2784 2812 7 12 13 17 18 19 20 23
3336 3384 6 12 13 17 18 19 23
3100 3808 6 12 13 17 20 22 23
3888 1658 5 12 13 17 20 23
3654 2548 5 12 13 17 22 23
4442 1952 4 12 13 17 23
3106 1630 7 12 13 18 19 20 21 23
3660 3736 6 12 13 18 19 21 23
3424 3874 6 12 13 20 21 22 23
4212 4144 5 12 13 20 21 23
3978 3376 5 12 13 21 22 23
4766 4290 4 12 13 21 23
5058 4894 4 12 13 21 23
2602 4142 8 12 14 15 16 17 19 20 22
3522 3428 7 12 14 15 16 17 19 20
2972 4288 8 12 14 15 16 19 20 21 22
1596 4116 8 12 14 15 16 19 20 21 22
3664 4598 8 12 14 15 16 19 20 21 22
3892 4632 7 12 14 15 16 19 20 21
3110 3086 7 12 14 17 19 20 22 23
3054 1192 7 12 14 17 19 20 22 23
3980 4232 6 12 14 17 19 20 23
3034 3112 6 12 14 17 19 22 23
4704 3558 5 12 14 17 19 23
3376 2240 7 12 14 19 20 21 22 23
3560 3910 7 12 14 19 20 21 22 23
4342 754 6 12 14 19 20 21 23
2814 1380 5 12 14 19 20 22
680 2352 5 12 14 19 20 22
3984 5286 6 12 14 19 21 22 23
4268 4590 6 12 14 19 21 22 23
5066 3110 5 12 14 19 21 23
2614 3882 9 12 15 16 17 18 19 20 21 23
3454 2992 7 12 15 16 17 18 19 20
2932 2748 8 12 15 16 17 20 21 22 23
3720 3558 7 12 15 16 17 20 21 23
3870 4016 6 12 15 16 17 20 22
1912 3224 5 12 15 16 17 20
3486 4932 7 12 15 16 17 21 22 23
3958 4532 6 12 15 16 17 21 23
4608 1134 5 12 15 16 17 22
3822 3876 7 12 15 16 18 19 20 21
2440 6442 7 12 15 16 18 19 20 21
4200 2594 6 12 15 16 20 21 22
2602 2240 5 12 15 16 20 21
1162 6416 5 12 15 16 20 21
4938 3984 5 12 15 16 21 22
3114 4216 7 12 17 18 19 20 22 23
3122 4864 7 12 17 18 19 20 22 23
1158 2784 6 12 17 18 19 20 23
3684 1484 6 12 17 18 19 20 23
3910 3062 6 12 17 18 19 20 23
4064 3642 6 12 17 18 19 20 23
3676 3628 6 12 17 18 19 22 23
3706 2260 5 12 17 18 19 23
1474 2538 5 12 17 20 22 23
4326 3146 5 12 17 20 22 23
2262 4512 4 12 17 20 23
5180 4298 4 12 17 20 23
5352 3880 4 12 17 20 23
4874 1912 4 12 17 22 23
2028 3574 4 12 17 22 23
2988 2602 3 12 17 23
3440 3606 7 12 18 19 20 21 22 23
3714 2402 7 12 18 19 20 21 22 23
4274 1286 6 12 18 19 20 21 23
4402 392 6 12 18 19 20 21 23
1794 3448 6 12 18 19 20 21 23
1524 3464 4 12 18 19 20
4040 3844 6 12 18 19 21 22 23
4998 516 5 12 18 19 21 23
4654 5154 5 12 18 19 21 23
4644 2438 5 12 20 21 22 23
1798 3022 5 12 20 21 22 23
4650 3090 5 12 20 21 22 23
5614 2846 4 12 20 21 23
5492 1540 4 12 20 21 23
2586 2864 4 12 20 21 23
316 824 2 12 20
5380 2530 4 12 21 22 23
2352 2268 4 12 21 22 23
3410 4720 3 12 21 23
3532 2404 3 12 21 23
3310 4472 3 12 21 23
3380 3630 7 13 14 15 16 17 19 20
2180 2364 9 13 14 15 16 17 19 21 22 23
1886 3434 8 13 14 15 16 17 19 21 23
2968 3020 8 13 14 15 16 17 19 21 23
3068 5098 7 13 14 15 16 17 19 22
2126 5480 6 13 14 15 16 17 19
1862 3780 7 13 14 15 16 19 20 21
3760 2878 7 13 14 15 16 19 20 21
3826 4686 7 13 14 15 16 19 21 22
1694 4930 7 13 14 15 16 19 21 22
2234 3486 7 13 14 15 16 19 21 22
2094 4476 6 13 14 15 16 19 21
2398 3750 6 13 14 15 16 19 21
3048 3236 7 13 14 17 19 20 22 23
3836 2444 6 13 14 17 19 20 23
3706 3138 6 13 14 17 19 22 23
1224 1874 6 13 14 17 19 22 23
3530 3388 6 13 14 17 19 22 23
3526 2368 6 13 14 17 19 22 23
1472 4442 5 13 14 17 19 23
990 1268 5 13 14 17 19 23
3372 3952 7 13 14 19 20 21 22 23
4160 3702 6 13 14 19 20 21 23
3888 2842 6 13 14 19 21 22 23
1194 2784 6 13 14 19 21 22 23
1834 2542 5 13 14 19 21 23
826 3186 4 13 14 19 22
3364 2448 7 13 15 16 17 18 19 20
3086 4142 8 13 15 16 17 18 19 21 23
3920 3736 6 13 15 16 17 18 19
4642 2580 5 13 15 16 17 20
3404 3328 7 13 15 16 17 21 22 23
4192 2954 6 13 15 16 17 21 23
4336 1594 5 13 15 16 17 22
2284 6086 4 13 15 16 17
2158 3988 7 13 15 16 18 19 20 21
2536 4374 6 13 15 16 18 19 21
4972 3686 5 13 15 16 20 21
4666 2230 5 13 15 16 21 22
1260 5846 4 13 15 16 21
3032 2406 7 13 17 18 19 20 22 23
3820 4094 6 13 17 18 19 20 23
3590 1980 6 13 17 18 19 22 23
3864 2706 6 13 17 18 19 22 23
1630 3364 5 13 17 18 19 23
4312 4290 5 13 17 20 22 23
5098 4680 4 13 17 20 23
1948 4234 4 13 17 22 23
2734 3190 3 13 17 23
3356 1600 7 13 18 19 20 21 22 23
4182 3730 6 13 18 19 20 21 23
4144 3068 6 13 18 19 20 21 23
1060 1210 4 13 18 19 20
3912 3496 6 13 18 19 21 22 23
4188 1656 6 13 18 19 21 22 23
1954 2880 5 13 18 19 21 23
1878 4282 5 13 18 19 21 23
1594 3334 3 13 18 19
4634 730 5 13 20 21 22 23
5422 3356 4 13 20 21 23
2270 4652 4 13 21 22 23
5300 4666 4 13 21 22 23
3058 2790 3 13 21 23
3658 2600 7 14 15 16 17 19 20 22
1694 2778 8 14 15 16 17 19 21 22 23
3452 2108 8 14 15 16 17 19 21 22 23
2694 2194 6 14 15 16 17 19 22
4536 3100 6 14 15 16 17 19 22
2142 1060 7 14 15 16 19 20 21 22
4906 3884 6 14 15 16 19 21 22
2664 2970 6 14 15 16 19 21 22
4320 4306 6 14 17 19 20 22 23
4264 3780 6 14 17 19 20 22 23
4820 2486 5 14 17 19 22 23
2078 3046 5 14 17 19 22 23
1900 2300 5 14 17 19 22 23
910 3306 5 14 17 19 22 23
2084 3606 5 14 17 19 22 23
4232 2724 6 14 19 20 21 22 23
4588 3088 6 14 19 20 21 22 23
4106 5186 6 14 19 20 21 22 23
886 4528 4 14 19 20 22
2394 4142 5 14 19 21 22 23
1140 4642 5 14 19 21 22 23
4142 3502 5 14 19 21 22 23
1422 2202 3 14 19 22
2864 3140 9 15 16 17 18 19 20 21 22 23
3652 2946 8 15 16 17 18 19 20 21 23
2072 3006 8 15 16 17 18 19 20 21 23
4608 2706 7 15 16 17 18 19 20 22
3972 2556 7 15 16 17 18 19 20 22
2058 4514 6 15 16 17 18 19 20
3460 1888 8 15 16 17 18 19 21 22 23
3750 4230 8 15 16 17 18 19 21 22 23
4528 3414 7 15 16 17 18 19 21 23
1606 3164 7 15 16 17 18 19 21 23
4544 2404 6 15 16 17 18 19 22
4142 4250 7 15 16 17 20 21 22 23
4930 3870 6 15 16 17 20 21 23
5074 4764 5 15 16 17 20 22
3022 4668 4 15 16 17 20
1778 1170 6 15 16 17 21 22 23
1260 6540 5 15 16 17 21 23
2566 3410 5 15 16 17 21 23
2908 3230 4 15 16 17 22
1498 4328 3 15 16 17
2926 3200 7 15 16 18 19 20 21 22
2774 5352 7 15 16 18 19 20 21 22
5028 3710 6 15 16 18 19 20 21
2106 3868 6 15 16 18 19 20 21
3174 4036 6 15 16 18 19 21 22
5404 3732 5 15 16 20 21 22
1708 4024 4 15 16 20 21
1898 3716 4 15 16 21 22
1958 4224 3 15 16 21
4252 2334 6 17 18 19 20 22 23
3710 3830 6 17 18 19 20 22 23
1454 3132 6 17 18 19 20 22 23
5116 5042 5 17 18 19 20 23
1220 4394 5 17 18 19 20 23
2368 3632 5 17 18 19 20 23
2238 4264 5 17 18 19 22 23
2010 4106 5 17 18 19 22 23
824 3434 4 17 18 19 23
3032 4444 4 17 18 19 23
2686 4328 4 17 20 22 23
5532 3008 4 17 20 22 23
3474 4700 3 17 20 23
3166 3936 3 17 22 23
694 3806 3 17 22 23
1116 3580 2 17 23
4690 3372 6 18 19 20 21 22 23
1752 3728 6 18 19 20 21 22 23
4614 4630 6 18 19 20 21 22 23
1788 3024 5 18 19 20 21 23
2154 3392 5 18 19 20 21 23
5720 4048 5 18 19 20 21 23
1568 1486 4 18 19 20 22
1730 3522 3 18 19 20
1960 3636 5 18 19 21 22 23
4802 1978 5 18 19 21 22 23
5208 5336 5 18 19 21 22 23
3248 2676 4 18 19 21 23
794 4370 4 18 19 21 23
2102 3662 3 18 19 22
2266 3938 2 18 19
3010 3614 4 20 21 22 23
3796 6200 3 20 21 23
1196 3768 1 20
1384 3928 3 21 22 23
3558 5032 3 21 22 23
1188 3916 2 21 23
892 4016 1 22
