20 1783 
2356 4262 5 1 2 4 6 10
3150 4888 8 1 2 4 9 10 16 19 20
3352 5172 6 1 2 4 9 10 16
2694 3278 7 1 2 4 10 11 17 20
3458 4786 7 1 2 4 10 15 17 20
3258 2176 8 1 2 4 10 16 17 18 20
3782 3662 6 1 2 4 10 17 20
1130 4774 6 1 2 4 10 19 20
1332 1490 4 1 2 4 10
3938 4494 6 1 2 5 8 16 18
4260 2664 6 1 2 5 8 19 20
2660 5102 7 1 2 6 7 8 19 20
2882 2560 5 1 2 6 7 8
1994 4216 7 1 2 6 8 10 19 20
2196 5246 5 1 2 6 8 10
2936 2702 7 1 2 6 9 12 16 18
3260 4634 7 1 2 6 9 12 19 20
3778 2760 5 1 2 6 9 16
2706 3894 6 1 2 6 11 13 17
2702 4084 5 1 2 6 11 14
3470 582 6 1 2 6 13 15 17
3270 4464 7 1 2 6 13 16 17 18
3592 5162 7 1 2 6 13 17 19 20
3466 2476 5 1 2 6 14 15
3266 3214 6 1 2 6 14 16 18
3588 4704 6 1 2 6 14 19 20
4208 2886 5 1 2 6 17 20
1758 3828 3 1 2 6
3338 6056 9 1 2 7 8 9 15 16 19 20
3560 2902 7 1 2 7 8 9 15 16
3764 3766 8 1 2 7 8 9 16 19 20
3990 2674 7 1 2 7 8 15 17 20
4274 4158 7 1 2 7 8 15 19 20
4494 3118 5 1 2 7 8 15
3784 4928 8 1 2 7 8 16 17 18 20
4058 4360 8 1 2 7 8 16 18 19 20
4278 3340 6 1 2 7 8 16 18
4704 3822 6 1 2 7 8 19 20
2674 2678 9 1 2 8 9 10 15 16 19 20
2876 2350 7 1 2 8 9 10 15 16
3080 1758 8 1 2 8 9 10 16 19 20
3306 3134 7 1 2 8 10 15 17 20
3608 4460 7 1 2 8 10 15 19 20
3810 3706 5 1 2 8 10 15
3100 4188 8 1 2 8 10 16 17 18 20
3392 3108 8 1 2 8 10 16 18 19 20
3594 2976 6 1 2 8 10 16 18
4020 2846 6 1 2 8 10 19 20
3010 3740 9 1 2 9 11 12 16 17 18 20
3514 4118 7 1 2 9 11 12 16 18
3838 4862 7 1 2 9 11 12 19 20
3386 4310 8 1 2 9 11 13 15 16 17
3586 3816 9 1 2 9 11 13 16 17 19 20
3386 2690 7 1 2 9 11 14 15 16
3592 4014 8 1 2 9 11 14 16 19 20
4118 4656 7 1 2 9 11 16 17 20
4052 3018 9 1 2 9 12 15 16 17 18 20
4556 3348 7 1 2 9 12 15 16 18
4878 3784 7 1 2 9 12 15 19 20
4656 3248 8 1 2 9 12 16 18 19 20
4272 4158 9 1 2 9 13 15 16 17 19 20
4274 5296 8 1 2 9 14 15 16 19 20
4880 3912 7 1 2 9 15 16 17 20
2554 3760 6 1 2 9 16 19 20
4320 3016 6 1 2 11 13 15 17
4104 1448 7 1 2 11 13 16 17 18
4526 3374 7 1 2 11 13 17 19 20
3816 2564 7 1 2 11 14 15 17 20
4320 3482 5 1 2 11 14 15
3332 3662 8 1 2 11 14 16 17 18 20
3850 4240 6 1 2 11 14 16 18
3838 2388 6 1 2 11 14 16 18
4172 2252 6 1 2 11 14 19 20
4160 4320 6 1 2 11 14 19 20
2098 1130 5 1 2 11 17 20
5048 3772 5 1 2 11 17 20
2604 1894 3 1 2 11
5064 3448 7 1 2 13 15 16 17 18
4866 4492 7 1 2 13 15 16 17 18
5206 3692 7 1 2 13 15 17 19 20
4990 1718 8 1 2 13 16 17 18 19 20
5088 4494 8 1 2 13 16 17 18 19 20
4380 2674 8 1 2 14 15 16 17 18 20
4862 3402 6 1 2 14 15 16 18
4884 2066 6 1 2 14 15 16 18
5208 4722 6 1 2 14 15 19 20
5296 4206 6 1 2 14 15 19 20
5096 3562 7 1 2 14 16 18 19 20
4986 1964 7 1 2 14 16 18 19 20
2854 3808 5 1 2 15 17 20
2662 3238 6 1 2 16 17 18 20
558 3740 4 1 2 16 18
588 4702 4 1 2 19 20
502 3734 2 1 2
4130 3688 7 1 3 5 9 12 16 18
4454 3250 7 1 3 5 9 12 19 20
3938 3346 5 1 3 5 11 14
4502 4060 6 1 3 5 14 16 18
4826 138 6 1 3 5 14 19 20
3606 4404 8 1 4 5 7 8 10 19 20
3808 2256 6 1 4 5 7 8 10
4534 3032 8 1 4 5 10 13 17 19 20
4736 3874 6 1 4 5 10 13 17
5162 3052 5 1 5 6 13 17
4574 2170 7 1 5 7 8 11 17 20
4722 3938 9 1 5 7 8 13 15 17 19 20
4944 3710 7 1 5 7 8 13 15 17
4516 2140 10 1 5 7 8 13 16 17 18 19 20
4738 2538 8 1 5 7 8 13 16 17 18
5148 4336 8 1 5 7 8 13 17 19 20
5658 1588 6 1 5 7 8 13 19
5336 4144 7 1 5 7 8 15 17 20
5136 4952 8 1 5 7 8 16 17 18 20
3010 4298 6 1 5 7 8 19 20
3224 906 4 1 5 7 8
3908 4644 7 1 5 8 10 11 17 20
4058 4346 9 1 5 8 10 13 15 17 19 20
4260 3418 7 1 5 8 10 13 15 17
3850 1736 10 1 5 8 10 13 16 17 18 19 20
4052 4022 8 1 5 8 10 13 16 17 18
4464 4472 8 1 5 8 10 13 17 19 20
4974 6236 6 1 5 8 10 13 19
4670 4374 7 1 5 8 10 15 17 20
4472 3518 8 1 5 8 10 16 17 18 20
2344 766 6 1 5 8 10 19 20
2546 5024 4 1 5 8 10
3962 1798 9 1 5 9 11 12 13 16 17 18
4286 3958 9 1 5 9 11 12 13 17 19 20
5004 2556 9 1 5 9 12 13 15 16 17 18
5328 3698 9 1 5 9 12 13 15 17 19 20
5116 1540 10 1 5 9 12 13 16 17 18 19 20
5720 4710 8 1 5 9 12 13 16 18 19
5958 4874 8 1 5 9 13 16 17 19 20
4770 1966 7 1 5 11 13 14 15 17
4286 3436 8 1 5 11 13 14 16 17 18
4608 3504 8 1 5 11 13 14 17 19 20
5486 4544 6 1 5 11 13 14 19
3052 3168 5 1 5 11 13 17
6014 1490 5 1 5 11 13 17
5322 5830 8 1 5 13 14 15 16 17 18
5656 3744 8 1 5 13 14 15 17 19 20
6250 2298 6 1 5 13 14 15 19
5444 3604 9 1 5 13 14 16 17 18 19 20
6050 3328 7 1 5 13 14 16 18 19
3808 1758 5 1 5 13 15 17
3614 4328 6 1 5 13 16 17 18
3938 2548 6 1 5 13 17 19 20
2838 3464 7 2 4 5 7 8 16 18
3168 3126 7 2 4 5 7 8 19 20
2174 4994 7 2 4 5 8 10 16 18
2476 3126 7 2 4 5 8 10 19 20
2678 1396 5 2 4 5 8 10
3766 4886 7 2 4 5 13 16 17 18
4096 3596 7 2 4 5 13 17 19 20
3900 3490 4 2 4 6 7
3094 1820 4 2 4 6 10
2926 2820 7 2 4 7 8 15 16 18
3248 5328 7 2 4 7 8 15 19 20
3042 2948 8 2 4 7 8 16 18 19 20
4702 3652 7 2 4 7 9 16 19 20
4240 3956 6 2 4 7 11 17 20
4746 2246 4 2 4 7 11
4320 2662 9 2 4 7 13 16 17 18 19 20
5002 3560 6 2 4 7 15 17 20
4802 2334 7 2 4 7 16 17 18 20
2352 4456 5 2 4 7 16 18
2676 4112 5 2 4 7 19 20
2260 1970 7 2 4 8 10 15 16 18
2556 4418 7 2 4 8 10 15 19 20
2758 2394 5 2 4 8 10 15
2350 3386 8 2 4 8 10 16 18 19 20
2552 1956 6 2 4 8 10 16 18
2876 5800 6 2 4 8 10 19 20
3888 4662 7 2 4 9 10 16 19 20
2680 4870 7 2 4 9 11 12 16 18
3004 2598 7 2 4 9 11 12 19 20
3532 5646 7 2 4 9 12 15 16 18
3854 4392 7 2 4 9 12 15 19 20
3642 2216 8 2 4 9 12 16 18 19 20
3434 5048 6 2 4 10 11 17 20
3938 4798 4 2 4 10 11
3464 4328 9 2 4 10 13 16 17 18 19 20
4188 4030 6 2 4 10 15 17 20
3996 2472 7 2 4 10 16 17 18 20
1540 924 5 2 4 10 16 18
1862 4468 5 2 4 10 19 20
4784 5126 5 2 4 10 19 20
3004 3944 6 2 4 11 14 16 18
3326 3404 6 2 4 11 14 19 20
3858 5360 7 2 4 13 15 16 17 18
4182 2226 7 2 4 13 15 17 19 20
3972 3586 8 2 4 13 16 17 18 19 20
3860 2568 6 2 4 14 15 16 18
4184 2824 6 2 4 14 15 19 20
3970 4202 7 2 4 14 16 18 19 20
3096 3822 4 2 5 6 8
3898 3562 7 2 5 8 9 16 19 20
3436 4002 6 2 5 8 11 17 20
3942 2820 4 2 5 8 11
3262 4874 8 2 5 8 13 15 16 17 18
3592 3332 8 2 5 8 13 15 17 19 20
3386 4632 9 2 5 8 13 16 17 18 19 20
3978 4402 7 2 5 8 13 16 18 19
4200 3140 6 2 5 8 15 17 20
4000 3616 7 2 5 8 16 17 18 20
1810 2292 5 2 5 8 16 18
1872 3838 5 2 5 8 19 20
3188 3946 6 2 6 7 8 16 18
3518 5448 6 2 6 7 8 19 20
2382 4708 6 2 6 8 10 16 18
2706 4268 6 2 6 8 10 19 20
3184 2340 4 2 6 8 15
2902 3706 5 2 6 8 16 18
3226 5004 5 2 6 8 19 20
3816 4878 10 2 7 8 13 15 16 17 18 19 20
4298 2744 8 2 7 8 15 16 17 18 20
5012 2120 7 2 7 8 16 18 19 20
2176 3758 8 2 8 9 11 12 15 16 18
2500 5136 8 2 8 9 11 12 15 19 20
2292 4500 9 2 8 9 11 12 16 18 19 20
3138 4612 9 2 8 9 12 15 16 18 19 20
3980 4884 7 2 8 9 15 16 19 20
2960 4812 10 2 8 10 13 15 16 17 18 19 20
3492 2054 8 2 8 10 15 16 17 18 20
4160 4172 7 2 8 10 16 18 19 20
3218 4134 7 2 8 11 12 18 19 20
2500 5186 7 2 8 11 14 15 16 18
2822 4184 7 2 8 11 14 15 19 20
2616 3560 8 2 8 11 14 16 18 19 20
3524 2730 6 2 8 11 15 17 20
4030 3510 4 2 8 11 15
3318 5814 7 2 8 11 16 17 18 20
3822 3952 5 2 8 11 16 18
4016 3844 5 2 8 11 16 18
4160 1794 5 2 8 11 19 20
4148 5216 5 2 8 11 19 20
4068 4084 7 2 8 12 15 18 19 20
3560 3304 9 2 8 13 15 16 17 18 19 20
3468 2828 9 2 8 13 15 16 17 18 19 20
4070 2376 7 2 8 13 15 16 18 19
3472 4410 8 2 8 14 15 16 18 19 20
3466 1434 8 2 8 14 15 16 18 19 20
4072 1698 7 2 8 15 16 17 18 20
1970 3492 5 2 8 15 16 18
2000 4374 5 2 8 15 19 20
1794 5656 6 2 8 16 18 19 20
2668 5212 8 3 4 5 9 10 12 19 20
2870 3506 6 3 4 5 9 10 12
3040 4202 7 3 4 5 10 14 19 20
3244 2974 5 3 4 5 10 14
3964 2896 8 3 4 7 9 10 12 19 20
4160 3784 6 3 4 7 9 10 12
4336 2854 7 3 4 7 10 14 19 20
4532 4348 5 3 4 7 10 14
3348 4480 7 3 4 9 10 12 19 20
3550 5678 5 3 4 9 10 12
3720 3976 6 3 4 10 14 19 20
3922 3974 4 3 4 10 14
3290 2766 5 3 5 6 9 12
3662 6078 4 3 5 6 14
2856 3592 9 3 5 7 8 9 12 15 19 20
3072 4096 7 3 5 7 8 9 12 15
2650 3590 10 3 5 7 8 9 12 16 18 19 20
2864 3168 8 3 5 7 8 9 12 16 18
3276 2556 8 3 5 7 8 9 12 19 20
3576 1782 8 3 5 7 8 12 18 19 20
3790 4776 6 3 5 7 8 12 18
3230 2382 8 3 5 7 8 14 15 19 20
3444 2562 6 3 5 7 8 14 15
3022 4678 9 3 5 7 8 14 16 18 19 20
3238 2438 7 3 5 7 8 14 16 18
3648 3938 7 3 5 7 8 14 19 20
2192 5016 9 3 5 8 9 10 12 15 19 20
2394 3188 7 3 5 8 9 10 12 15
1986 4368 10 3 5 8 9 10 12 16 18 19 20
2188 3464 8 3 5 8 9 10 12 16 18
2598 4360 8 3 5 8 9 10 12 19 20
2910 3472 8 3 5 8 10 12 18 19 20
3112 3344 6 3 5 8 10 12 18
2564 3592 8 3 5 8 10 14 15 19 20
2766 1512 6 3 5 8 10 14 15
2358 2186 9 3 5 8 10 14 16 18 19 20
2560 2742 7 3 5 8 10 14 16 18
2972 3474 7 3 5 8 10 14 19 20
2898 3510 8 3 5 9 11 12 13 15 17
2690 3230 9 3 5 9 11 12 13 16 17 18
3098 3180 9 3 5 9 11 12 13 17 19 20
2898 4556 7 3 5 9 11 12 14 15
2462 3576 8 3 5 9 11 12 14 16 18
2792 1152 8 3 5 9 11 12 14 19 20
3630 2972 7 3 5 9 11 12 17 20
3452 3226 9 3 5 9 12 13 15 16 17 18
3790 2908 9 3 5 9 12 13 15 17 19 20
3582 3028 10 3 5 9 12 13 16 17 18 19 20
3462 3708 8 3 5 9 12 14 15 16 18
3792 5064 8 3 5 9 12 14 15 19 20
3578 3096 9 3 5 9 12 14 16 18 19 20
3710 4708 9 3 5 9 12 14 16 18 19 20
4392 3902 7 3 5 9 12 15 17 20
1942 5490 5 3 5 9 12 15
4192 2898 8 3 5 9 12 16 17 18 20
1742 4390 6 3 5 9 12 16 18
2066 5558 6 3 5 9 12 19 20
4464 5444 7 3 5 9 14 16 19 20
3616 4620 7 3 5 11 12 13 17 18
3610 4284 6 3 5 11 12 14 18
3270 5816 7 3 5 11 13 14 15 17
3062 5506 8 3 5 11 13 14 16 17 18
3470 3258 8 3 5 11 13 14 17 19 20
4002 2556 6 3 5 11 14 17 20
4422 2230 4 3 5 11 14
1552 1780 4 3 5 11 14
4378 3152 7 3 5 12 13 15 17 18
4508 2576 8 3 5 12 13 17 18 19 20
4374 3388 6 3 5 12 14 15 18
4504 4414 7 3 5 12 14 18 19 20
3826 3838 8 3 5 13 14 15 16 17 18
4162 4182 8 3 5 13 14 15 17 19 20
3956 4468 9 3 5 13 14 16 17 18 19 20
4764 4360 6 3 5 14 15 17 20
4564 2984 7 3 5 14 16 17 18 20
2116 3142 5 3 5 14 16 18
2438 2560 5 3 5 14 19 20
4586 3480 5 3 6 7 9 12
4958 3940 4 3 6 7 14
3780 3352 5 3 6 9 10 12
3970 3218 4 3 6 9 12
4152 5042 4 3 6 10 14
4342 1612 3 3 6 14
3340 2866 9 3 7 8 9 10 12 15 19 20
3554 4766 7 3 7 8 9 10 12 15
3132 3744 10 3 7 8 9 10 12 16 18 19 20
3348 3588 8 3 7 8 9 10 12 16 18
3760 4192 8 3 7 8 9 10 12 19 20
3536 3938 8 3 7 8 9 12 15 19 20
3750 3500 6 3 7 8 9 12 15
3330 2854 9 3 7 8 9 12 16 18 19 20
3544 3846 7 3 7 8 9 12 16 18
3956 4986 7 3 7 8 9 12 19 20
4058 3112 8 3 7 8 10 12 18 19 20
4272 2876 6 3 7 8 10 12 18
3712 4922 8 3 7 8 10 14 15 19 20
3926 4366 6 3 7 8 10 14 15
3506 2500 9 3 7 8 10 14 16 18 19 20
3720 1008 7 3 7 8 10 14 16 18
4132 1886 7 3 7 8 10 14 19 20
4254 2932 7 3 7 8 12 18 19 20
4470 2680 5 3 7 8 12 18
3908 1224 7 3 7 8 14 15 19 20
4124 3072 5 3 7 8 14 15
3702 3970 8 3 7 8 14 16 18 19 20
3916 4482 6 3 7 8 14 16 18
4328 1756 6 3 7 8 14 19 20
4192 5010 8 3 7 9 11 12 13 15 17
3986 4272 9 3 7 9 11 12 13 16 17 18
4392 4236 9 3 7 9 11 12 13 17 19 20
4194 2192 7 3 7 9 11 12 14 15
3758 3356 8 3 7 9 11 12 14 16 18
4086 4194 8 3 7 9 11 12 14 19 20
4924 5550 7 3 7 9 11 12 17 20
4748 2378 9 3 7 9 12 13 15 16 17 18
5086 3582 9 3 7 9 12 13 15 17 19 20
4878 3942 10 3 7 9 12 13 16 17 18 19 20
4758 3022 8 3 7 9 12 14 15 16 18
5086 3694 8 3 7 9 12 14 15 19 20
4874 4276 9 3 7 9 12 14 16 18 19 20
5688 2430 7 3 7 9 12 15 17 20
5488 3558 8 3 7 9 12 16 17 18 20
3038 2706 6 3 7 9 12 16 18
3362 2416 6 3 7 9 12 19 20
5760 5208 7 3 7 9 14 16 19 20
4912 3896 7 3 7 11 12 13 17 18
4906 502 6 3 7 11 12 14 18
4566 3862 7 3 7 11 13 14 15 17
4358 3406 8 3 7 11 13 14 16 17 18
4766 3732 8 3 7 11 13 14 17 19 20
5298 3236 6 3 7 11 14 17 20
2846 4782 4 3 7 11 14
5674 1420 7 3 7 12 13 15 17 18
5804 3174 8 3 7 12 13 17 18 19 20
5670 1724 6 3 7 12 14 15 18
5800 3418 7 3 7 12 14 18 19 20
5122 3266 8 3 7 13 14 15 16 17 18
5458 2824 8 3 7 13 14 15 17 19 20
5250 4000 9 3 7 13 14 16 17 18 19 20
6060 2296 6 3 7 14 15 17 20
5860 4380 7 3 7 14 16 17 18 20
3410 1928 5 3 7 14 16 18
3734 3528 5 3 7 14 19 20
2872 4120 8 3 8 9 10 12 15 19 20
3074 3650 6 3 8 9 10 12 15
2664 4098 9 3 8 9 10 12 16 18 19 20
2866 4102 7 3 8 9 10 12 16 18
3278 3500 7 3 8 9 10 12 19 20
3590 4880 7 3 8 10 12 18 19 20
3792 4880 5 3 8 10 12 18
3244 720 7 3 8 10 14 15 19 20
3446 5760 5 3 8 10 14 15
3036 4086 8 3 8 10 14 16 18 19 20
3240 4620 6 3 8 10 14 16 18
3650 2838 6 3 8 10 14 19 20
3386 3412 8 3 9 10 11 12 13 15 17
3180 4102 9 3 9 10 11 12 13 16 17 18
3586 2464 9 3 9 10 11 12 13 17 19 20
3388 3586 7 3 9 10 11 12 14 15
2952 2196 8 3 9 10 11 12 14 16 18
3274 3594 8 3 9 10 11 12 14 19 20
4118 4976 7 3 9 10 11 12 17 20
3936 4532 9 3 9 10 12 13 15 16 17 18
4272 3720 9 3 9 10 12 13 15 17 19 20
4066 4576 10 3 9 10 12 13 16 17 18 19 20
3952 4374 8 3 9 10 12 14 15 16 18
4274 5210 8 3 9 10 12 14 15 19 20
4318 5516 8 3 9 10 12 14 15 19 20
4062 2962 9 3 9 10 12 14 16 18 19 20
4200 2408 9 3 9 10 12 14 16 18 19 20
4874 3810 7 3 9 10 12 15 17 20
4682 5336 8 3 9 10 12 16 17 18 20
2226 4460 6 3 9 10 12 16 18
2548 1582 6 3 9 10 12 19 20
4948 4248 7 3 9 10 14 16 19 20
3576 3392 7 3 9 11 12 13 15 17
3370 2816 8 3 9 11 12 13 16 17 18
3776 4758 8 3 9 11 12 13 17 19 20
3576 3380 6 3 9 11 12 14 15
3142 4890 7 3 9 11 12 14 16 18
3364 3642 7 3 9 11 12 14 16 18
3470 2866 7 3 9 11 12 14 19 20
4308 4864 6 3 9 11 12 17 20
4132 3258 8 3 9 12 13 15 16 17 18
4468 4542 8 3 9 12 13 15 17 19 20
4262 3466 9 3 9 12 13 16 17 18 19 20
4140 2188 7 3 9 12 14 15 16 18
4470 2574 7 3 9 12 14 15 19 20
4302 3188 8 3 9 12 14 16 18 19 20
4390 3290 8 3 9 12 14 16 18 19 20
4258 3022 8 3 9 12 14 16 18 19 20
5072 3348 6 3 9 12 15 17 20
4872 2442 7 3 9 12 16 17 18 20
2422 4544 5 3 9 12 16 18
2744 4406 5 3 9 12 19 20
5144 3706 6 3 9 14 16 19 20
4104 3382 7 3 10 11 12 13 17 18
4100 3664 6 3 10 11 12 14 18
3758 6142 7 3 10 11 13 14 15 17
3552 3064 8 3 10 11 13 14 16 17 18
3960 2824 8 3 10 11 13 14 17 19 20
4492 4894 6 3 10 11 14 17 20
2034 3856 4 3 10 11 14
4860 3180 7 3 10 12 13 15 17 18
4990 3884 8 3 10 12 13 17 18 19 20
4856 4084 6 3 10 12 14 15 18
4986 3588 7 3 10 12 14 18 19 20
4308 3030 8 3 10 13 14 15 16 17 18
4644 3226 8 3 10 13 14 15 17 19 20
4438 3504 9 3 10 13 14 16 17 18 19 20
5248 3144 6 3 10 14 15 17 20
5054 3414 7 3 10 14 16 17 18 20
2598 5264 5 3 10 14 16 18
2920 3764 5 3 10 14 19 20
4294 5850 6 3 11 12 13 17 18
4290 3816 5 3 11 12 14 18
3948 2432 6 3 11 13 14 15 17
3742 2586 7 3 11 13 14 16 17 18
4150 4692 7 3 11 13 14 17 19 20
4682 1982 5 3 11 14 17 20
2230 3176 3 3 11 14
5058 4454 6 3 12 13 15 17 18
5188 5828 7 3 12 13 17 18 19 20
5054 4680 5 3 12 14 15 18
5184 3922 6 3 12 14 18 19 20
4504 4052 7 3 13 14 15 16 17 18
4842 3580 7 3 13 14 15 17 19 20
4634 3692 8 3 13 14 16 17 18 19 20
5444 2624 5 3 14 15 17 20
5244 3650 6 3 14 16 17 18 20
2794 4280 4 3 14 16 18
3118 3676 4 3 14 19 20
2442 3244 6 4 5 6 7 8 10
3370 6014 6 4 5 6 10 13 17
2782 2374 8 4 5 7 8 10 11 17 20
2938 1364 10 4 5 7 8 10 13 15 17 19 20
3140 3260 8 4 5 7 8 10 13 15 17
2730 3600 11 4 5 7 8 10 13 16 17 18 19 20
2932 4672 9 4 5 7 8 10 13 16 17 18
3344 3316 9 4 5 7 8 10 13 17 19 20
3854 478 7 4 5 7 8 10 13 19
3544 588 8 4 5 7 8 10 15 17 20
3344 3274 9 4 5 7 8 10 16 17 18 20
3876 2952 7 4 5 7 8 10 17 20
1804 5132 7 4 5 7 8 10 19 20
4350 726 7 4 5 7 8 10 19 20
4340 4628 5 4 5 7 8 10
1734 3802 5 4 5 7 8 10
5198 4100 6 4 5 7 11 13 17
5960 4282 6 4 5 7 13 15 17
5762 3936 7 4 5 7 13 16 17 18
6090 3956 7 4 5 7 13 17 19 20
2500 2774 10 4 5 9 10 11 12 13 17 19 20
2702 4924 8 4 5 9 10 11 12 13 17
3542 4138 10 4 5 9 10 12 13 15 17 19 20
3744 2820 8 4 5 9 10 12 13 15 17
3330 2966 11 4 5 9 10 12 13 16 17 18 19 20
3532 3736 9 4 5 9 10 12 13 16 17 18
3950 4356 9 4 5 9 10 12 13 17 19 20
4460 3452 7 4 5 9 10 12 13 19
4172 3276 9 4 5 9 10 13 16 17 19 20
4374 4490 7 4 5 9 10 13 16 17
2824 5058 9 4 5 10 11 13 14 17 19 20
3026 4078 7 4 5 10 11 13 14 17
4392 2944 6 4 5 10 11 13 17
3872 3406 9 4 5 10 13 14 15 17 19 20
4074 2096 7 4 5 10 13 14 15 17
3660 4426 10 4 5 10 13 14 16 17 18 19 20
3862 3774 8 4 5 10 13 14 16 17 18
4280 4340 8 4 5 10 13 14 17 19 20
4790 1458 6 4 5 10 13 14 19
5148 2890 6 4 5 10 13 15 17
4956 4274 7 4 5 10 13 16 17 18
2146 2922 7 4 5 10 13 17 19 20
2348 5380 5 4 5 10 13 17
2530 4072 6 4 6 7 8 10 15
2322 5020 7 4 6 7 8 10 16 18
2570 2820 7 4 6 7 8 10 19 20
2774 4562 5 4 6 7 8 10
3134 4320 8 4 6 7 9 10 12 16 18
3464 4140 8 4 6 7 9 10 12 19 20
3658 1742 6 4 6 7 9 10 12
2904 3334 7 4 6 7 10 11 13 17
2900 2608 6 4 6 7 10 11 14
3666 4878 7 4 6 7 10 13 15 17
3466 3100 8 4 6 7 10 13 16 17 18
3796 3012 8 4 6 7 10 13 17 19 20
3992 4586 6 4 6 7 10 13 17
3662 4284 6 4 6 7 10 14 15
3464 542 7 4 6 7 10 14 16 18
3792 4162 7 4 6 7 10 14 19 20
3988 2302 5 4 6 7 10 14
4406 5528 6 4 6 7 10 17 20
1956 3790 4 4 6 7 10
2284 4526 6 4 6 9 10 11 12
3134 3168 6 4 6 9 10 12 15
2922 4286 7 4 6 9 10 12 16 18
3170 5216 7 4 6 9 10 12 19 20
3372 4986 5 4 6 9 10 12
2608 3408 5 4 6 10 11 14
3462 1970 6 4 6 10 13 15 17
3256 3432 7 4 6 10 13 16 17 18
3504 2232 7 4 6 10 13 17 19 20
3706 3952 5 4 6 10 13 17
3464 4406 5 4 6 10 14 15
3252 4450 6 4 6 10 14 16 18
3500 3040 6 4 6 10 14 19 20
3702 4298 4 4 6 10 14
1892 2128 10 4 7 8 9 10 11 12 15 19 20
2046 3518 8 4 7 8 9 10 11 12 15
1764 3778 11 4 7 8 9 10 11 12 16 18 19 20
1840 4906 9 4 7 8 9 10 11 12 16 18
2252 2066 9 4 7 8 9 10 11 12 19 20
2482 4274 11 4 7 8 9 10 12 15 16 18 19 20
2684 4488 9 4 7 8 9 10 12 15 16 18
3016 2022 9 4 7 8 9 10 12 15 19 20
2810 4058 10 4 7 8 9 10 12 16 18 19 20
2564 4516 9 4 7 8 10 11 12 18 19 20
2766 3702 7 4 7 8 10 11 12 18
2168 6372 9 4 7 8 10 11 14 15 19 20
2370 2102 7 4 7 8 10 11 14 15
1960 2770 10 4 7 8 10 11 14 16 18 19 20
2162 2690 8 4 7 8 10 11 14 16 18
2574 3962 8 4 7 8 10 11 14 19 20
2870 5136 8 4 7 8 10 11 15 17 20
2662 3462 9 4 7 8 10 11 16 17 18 20
3414 1960 9 4 7 8 10 12 15 18 19 20
3616 4628 7 4 7 8 10 12 15 18
3736 1606 8 4 7 8 10 12 18 19 20
2816 4420 11 4 7 8 10 13 15 16 17 18 19 20
3018 2024 9 4 7 8 10 13 15 16 17 18
3338 4480 9 4 7 8 10 13 15 17 19 20
3940 2554 7 4 7 8 10 13 15 19
3132 2896 10 4 7 8 10 13 16 17 18 19 20
3732 3152 8 4 7 8 10 13 16 18 19
2812 5248 10 4 7 8 10 14 15 16 18 19 20
3014 3950 8 4 7 8 10 14 15 16 18
3346 3910 8 4 7 8 10 14 15 19 20
3140 1552 9 4 7 8 10 14 16 18 19 20
3418 4180 9 4 7 8 10 15 16 17 18 20
3958 4308 7 4 7 8 10 15 17 20
1966 2710 7 4 7 8 10 15 19 20
1894 3570 5 4 7 8 10 15
3750 4298 8 4 7 8 10 16 17 18 20
1758 4764 8 4 7 8 10 16 18 19 20
1688 3026 6 4 7 8 10 16 18
2066 2904 6 4 7 8 10 19 20
3250 4868 10 4 7 9 10 11 12 13 17 19 20
3206 5358 10 4 7 9 10 11 12 16 17 18 20
3732 3538 8 4 7 9 10 11 12 17 20
4292 2170 10 4 7 9 10 12 13 15 17 19 20
4080 4880 11 4 7 9 10 12 13 16 17 18 19 20
4248 2076 10 4 7 9 10 12 15 16 17 18 20
4774 2906 8 4 7 9 10 12 15 17 20
4562 3132 9 4 7 9 10 12 16 17 18 20
4918 3386 9 4 7 9 10 12 16 18 19 20
5490 3578 7 4 7 9 10 12 19 20
4922 5096 9 4 7 9 10 13 16 17 19 20
5404 4074 7 4 7 9 10 16 17 20
3572 1430 9 4 7 10 11 13 14 17 19 20
4678 2650 8 4 7 10 11 13 17 19 20
4014 1914 8 4 7 10 11 14 15 17 20
3528 3970 9 4 7 10 11 14 16 17 18 20
4054 5488 7 4 7 10 11 14 17 20
4684 5818 7 4 7 10 11 14 19 20
2296 998 6 4 7 10 11 17 20
5246 4332 6 4 7 10 11 17 20
4620 6240 9 4 7 10 13 14 15 17 19 20
4408 5298 10 4 7 10 13 14 16 17 18 19 20
5440 4948 8 4 7 10 13 15 17 19 20
5240 2902 9 4 7 10 13 16 17 18 19 20
2902 3542 7 4 7 10 13 17 19 20
5816 5522 7 4 7 10 13 17 19 20
4578 1974 9 4 7 10 14 15 16 17 18 20
5102 764 7 4 7 10 14 15 17 20
5448 1520 7 4 7 10 14 15 19 20
4890 3062 8 4 7 10 14 16 17 18 20
5248 2182 8 4 7 10 14 16 18 19 20
5818 4504 6 4 7 10 14 19 20
3052 1146 6 4 7 10 15 17 20
2858 1494 7 4 7 10 16 17 18 20
3384 1204 5 4 7 10 17 20
1352 2694 5 4 7 10 19 20
1280 3572 3 4 7 10
2586 1812 10 4 9 10 11 12 13 15 17 19 20
2788 4774 8 4 9 10 11 12 13 15 17
2378 1574 11 4 9 10 11 12 13 16 17 18 19 20
2582 4280 9 4 9 10 11 12 13 16 17 18
2902 2128 9 4 9 10 11 12 13 17 19 20
2772 5254 9 4 9 10 11 12 14 15 19 20
2586 4160 9 4 9 10 11 12 14 15 19 20
2788 2936 7 4 9 10 11 12 14 15
2974 1424 7 4 9 10 11 12 14 15
2560 3226 10 4 9 10 11 12 14 16 18 19 20
2374 1872 10 4 9 10 11 12 14 16 18 19 20
2576 4182 8 4 9 10 11 12 14 16 18
2908 2344 8 4 9 10 11 12 14 19 20
3380 5220 8 4 9 10 11 12 15 17 20
3186 5054 9 4 9 10 11 12 16 17 18 20
3712 4616 7 4 9 10 11 12 17 20
3974 4682 7 4 9 10 11 12 19 20
1326 4856 7 4 9 10 11 12 19 20
1262 4350 5 4 9 10 11 12
4176 3944 5 4 9 10 11 12
3402 2548 8 4 9 10 11 14 16 19 20
3604 3260 6 4 9 10 11 14 16
3416 3502 11 4 9 10 12 13 15 16 17 18 19 20
3416 4956 11 4 9 10 12 13 15 16 17 18 19 20
3618 4290 9 4 9 10 12 13 15 16 17 18
3950 3544 9 4 9 10 12 13 15 17 19 20
3944 2426 9 4 9 10 12 13 15 17 19 20
4546 2900 7 4 9 10 12 13 15 19
3732 3662 10 4 9 10 12 13 16 17 18 19 20
4340 5302 8 4 9 10 12 13 16 18 19
3418 5224 10 4 9 10 12 14 15 16 18 19 20
3620 3214 8 4 9 10 12 14 15 16 18
3952 2926 8 4 9 10 12 14 15 19 20
3738 4872 9 4 9 10 12 14 16 18 19 20
4018 3630 9 4 9 10 12 15 16 17 18 20
4562 4836 7 4 9 10 12 15 17 20
1910 4574 7 4 9 10 12 15 19 20
2112 3132 5 4 9 10 12 15
4350 1910 8 4 9 10 12 16 17 18 20
1698 1494 8 4 9 10 12 16 18 19 20
1900 3506 6 4 9 10 12 16 18
2232 2352 6 4 9 10 12 19 20
4258 6090 9 4 9 10 13 15 16 17 19 20
4460 2696 7 4 9 10 13 15 16 17
4574 1804 8 4 9 10 13 16 17 19 20
4260 4274 8 4 9 10 14 15 16 19 20
4462 4098 6 4 9 10 14 15 16
4582 964 7 4 9 10 14 16 19 20
3496 3806 9 4 10 11 12 13 17 18 19 20
3698 1554 7 4 10 11 12 13 17 18
3492 3150 8 4 10 11 12 14 18 19 20
3694 5444 6 4 10 11 12 14 18
2908 5392 9 4 10 11 13 14 15 17 19 20
3110 4378 7 4 10 11 13 14 15 17
2702 4890 10 4 10 11 13 14 16 17 18 19 20
2904 2960 8 4 10 11 13 14 16 17 18
3224 5116 8 4 10 11 13 14 17 19 20
3702 3388 7 4 10 11 14 15 17 20
3510 4940 8 4 10 11 14 16 17 18 20
4034 1262 6 4 10 11 14 17 20
1510 1810 6 4 10 11 14 19 20
1584 1352 4 4 10 11 14
4346 6250 9 4 10 12 13 15 17 18 19 20
4548 4704 7 4 10 12 13 15 17 18
4668 3444 8 4 10 12 13 17 18 19 20
4342 2308 8 4 10 12 14 15 18 19 20
4544 2238 6 4 10 12 14 15 18
4664 4742 7 4 10 12 14 18 19 20
3744 2856 10 4 10 13 14 15 16 17 18 19 20
3744 3014 10 4 10 13 14 15 16 17 18 19 20
3946 2254 8 4 10 13 14 15 16 17 18
3946 5602 8 4 10 13 14 15 16 17 18
4274 2806 8 4 10 13 14 15 17 19 20
4874 4184 6 4 10 13 14 15 19
4060 4292 9 4 10 13 14 16 17 18 19 20
4668 1990 7 4 10 13 14 16 18 19
2238 3826 7 4 10 13 15 17 19 20
2440 3946 5 4 10 13 15 17
2032 5558 8 4 10 13 16 17 18 19 20
2234 4158 6 4 10 13 16 17 18
2554 3224 6 4 10 13 17 19 20
4348 4784 8 4 10 14 15 16 17 18 20
4892 3004 6 4 10 14 15 17 20
2240 3780 6 4 10 14 15 19 20
2442 2820 4 4 10 14 15
4680 2702 7 4 10 14 16 17 18 20
2028 4286 7 4 10 14 16 18 19 20
2230 3386 5 4 10 14 16 18
2562 4470 5 4 10 14 19 20
3682 2234 8 5 6 7 8 13 17 19 20
3896 2946 6 5 6 7 8 13 17
4296 2778 6 5 6 7 8 17 20
3016 3260 8 5 6 8 10 13 17 19 20
3218 3666 6 5 6 8 10 13 17
3630 3330 6 5 6 8 10 17 20
4096 3712 4 5 6 8 10
3122 4416 7 5 6 9 11 12 13 17
4164 1512 7 5 6 9 12 13 15 17
3952 3346 8 5 6 9 12 13 16 17 18
4282 4524 8 5 6 9 12 13 17 19 20
4880 3622 6 5 6 9 12 13 19
4794 2864 6 5 6 9 13 16 17
3444 5390 6 5 6 11 13 14 17
4480 1892 6 5 6 13 14 15 17
4282 4082 7 5 6 13 14 16 17 18
4610 3036 7 5 6 13 14 17 19 20
5210 4102 5 5 6 13 14 19
2774 2354 4 5 6 13 17
2690 6140 11 5 7 8 9 11 12 13 15 17 19 20
2904 4924 9 5 7 8 9 11 12 13 15 17
2482 5384 12 5 7 8 9 11 12 13 16 17 18 19 20
2698 2530 10 5 7 8 9 11 12 13 16 17 18
3108 3386 10 5 7 8 9 11 12 13 17 19 20
3096 4020 10 5 7 8 9 11 12 16 17 18 20
3518 2284 12 5 7 8 9 12 13 15 16 17 18 19 20
3734 3758 10 5 7 8 9 12 13 15 16 17 18
4150 2936 10 5 7 8 9 12 13 15 17 19 20
4662 4454 8 5 7 8 9 12 13 15 19
3938 6408 11 5 7 8 9 12 13 16 17 18 19 20
4454 1266 9 5 7 8 9 12 13 16 18 19
4138 4054 10 5 7 8 9 12 15 16 17 18 20
4854 4990 9 5 7 8 9 12 16 18 19 20
4360 3098 10 5 7 8 9 13 15 16 17 19 20
4576 2920 8 5 7 8 9 13 15 16 17
4780 3990 9 5 7 8 9 13 16 17 19 20
3408 1602 10 5 7 8 11 12 13 17 18 19 20
3622 5298 8 5 7 8 11 12 13 17 18
3012 2356 10 5 7 8 11 13 14 15 17 19 20
3226 3792 8 5 7 8 11 13 14 15 17
2804 4180 11 5 7 8 11 13 14 16 17 18 19 20
3020 2818 9 5 7 8 11 13 14 16 17 18
3432 796 9 5 7 8 11 13 14 17 19 20
4614 3750 8 5 7 8 11 13 17 19 20
3904 5250 8 5 7 8 11 14 15 17 20
3418 5606 9 5 7 8 11 14 16 17 18 20
4620 4340 7 5 7 8 11 14 19 20
5148 5034 6 5 7 8 11 17 20
2186 3262 6 5 7 8 11 17 20
4450 2374 10 5 7 8 12 13 15 17 18 19 20
4664 3268 8 5 7 8 12 13 15 17 18
4870 2312 9 5 7 8 12 13 17 18 19 20
5380 3146 7 5 7 8 12 13 18 19
3848 1310 11 5 7 8 13 14 15 16 17 18 19 20
4062 4468 9 5 7 8 13 14 15 16 17 18
4480 4188 9 5 7 8 13 14 15 17 19 20
4990 4262 7 5 7 8 13 14 15 19
4268 3990 10 5 7 8 13 14 16 17 18 19 20
4784 1774 8 5 7 8 13 14 16 18 19
2334 4614 8 5 7 8 13 15 17 19 20
5296 2350 8 5 7 8 13 15 17 19 20
2556 2382 6 5 7 8 13 15 17
5006 3450 9 5 7 8 13 16 17 18 19 20
2128 5322 9 5 7 8 13 16 17 18 19 20
2350 5380 7 5 7 8 13 16 17 18
2760 2872 7 5 7 8 13 17 19 20
3270 3744 5 5 7 8 13 19
4468 3854 9 5 7 8 14 15 16 17 18 20
5384 3978 7 5 7 8 14 15 19 20
5184 3608 8 5 7 8 14 16 18 19 20
2948 3956 6 5 7 8 15 17 20
2748 3524 7 5 7 8 16 17 18 20
1442 2594 5 5 7 8 19 20
1404 2904 3 5 7 8
2024 4296 11 5 8 9 10 11 12 13 15 17 19 20
2226 3610 9 5 8 9 10 11 12 13 15 17
1818 3338 12 5 8 9 10 11 12 13 16 17 18 19 20
2020 5002 10 5 8 9 10 11 12 13 16 17 18
2430 2748 10 5 8 9 10 11 12 13 17 19 20
2432 2872 10 5 8 9 10 11 12 16 17 18 20
2854 1870 12 5 8 9 10 12 13 15 16 17 18 19 20
3056 4106 10 5 8 9 10 12 13 15 16 17 18
3472 4342 10 5 8 9 10 12 13 15 17 19 20
3984 3134 8 5 8 9 10 12 13 15 19
3260 1602 11 5 8 9 10 12 13 16 17 18 19 20
3778 5162 9 5 8 9 10 12 13 16 18 19
3474 5248 10 5 8 9 10 12 15 16 17 18 20
4144 4914 9 5 8 9 10 12 16 18 19 20
3696 4578 10 5 8 9 10 13 15 16 17 19 20
3898 2078 8 5 8 9 10 13 15 16 17
4102 3516 9 5 8 9 10 13 16 17 19 20
2742 2928 10 5 8 10 11 12 13 17 18 19 20
2944 4562 8 5 8 10 11 12 13 17 18
2346 3466 10 5 8 10 11 13 14 15 17 19 20
2548 4192 8 5 8 10 11 13 14 15 17
2140 4870 11 5 8 10 11 13 14 16 17 18 19 20
2342 3230 9 5 8 10 11 13 14 16 17 18
2754 2660 9 5 8 10 11 13 14 17 19 20
3902 3060 8 5 8 10 11 13 17 19 20
3948 3868 8 5 8 10 11 13 17 19 20
3238 4156 8 5 8 10 11 14 15 17 20
2754 3312 9 5 8 10 11 14 16 17 18 20
3908 4294 7 5 8 10 11 14 19 20
1520 2562 6 5 8 10 11 17 20
4434 3986 6 5 8 10 11 17 20
3784 2084 10 5 8 10 12 13 15 17 18 19 20
3986 3988 8 5 8 10 12 13 15 17 18
4192 3702 9 5 8 10 12 13 17 18 19 20
4702 2916 7 5 8 10 12 13 18 19
3182 3418 11 5 8 10 13 14 15 16 17 18 19 20
3386 4434 9 5 8 10 13 14 15 16 17 18
3802 4352 9 5 8 10 13 14 15 17 19 20
4314 2582 7 5 8 10 13 14 15 19
3590 4160 10 5 8 10 13 14 16 17 18 19 20
4106 4274 8 5 8 10 13 14 16 18 19
4710 4550 8 5 8 10 13 15 17 19 20
1670 4272 8 5 8 10 13 15 17 19 20
4548 2120 8 5 8 10 13 15 17 19 20
4832 3896 6 5 8 10 13 15 17
1872 4278 6 5 8 10 13 15 17
1462 1660 9 5 8 10 13 16 17 18 19 20
4414 1584 9 5 8 10 13 16 17 18 19 20
4616 4258 7 5 8 10 13 16 17 18
1666 2900 7 5 8 10 13 16 17 18
5042 5148 7 5 8 10 13 17 19 20
2076 3616 7 5 8 10 13 17 19 20
2586 3590 5 5 8 10 13 19
3802 2488 9 5 8 10 14 15 16 17 18 20
4672 3128 7 5 8 10 14 15 19 20
4472 1150 8 5 8 10 14 16 18 19 20
5198 4548 6 5 8 10 15 17 20
2284 3348 6 5 8 10 15 17 20
2084 774 7 5 8 10 16 17 18 20
836 5800 5 5 8 10 19 20
3030 4100 3 5 8 10
766 3250 3 5 8 10
4482 4816 6 5 8 11 13 15 17
4276 3490 7 5 8 11 13 16 17 18
4602 4966 7 5 8 11 13 17 19 20
5032 4100 7 5 8 13 15 16 17 18
5358 1682 7 5 8 13 15 17 19 20
5162 4454 8 5 8 13 16 17 18 19 20
3288 4164 10 5 9 11 12 13 14 15 16 17 18
3616 2532 10 5 9 11 12 13 14 15 17 19 20
3622 3682 10 5 9 11 12 13 14 15 17 19 20
4488 4534 8 5 9 11 12 13 14 15 19
3404 2220 11 5 9 11 12 13 14 16 17 18 19 20
3494 4370 11 5 9 11 12 13 14 16 17 18 19 20
4008 4290 9 5 9 11 12 13 14 16 18 19
1574 4610 8 5 9 11 12 13 16 17 18
1898 3256 8 5 9 11 12 13 17 19 20
4776 3424 8 5 9 11 12 13 17 19 20
4402 3840 8 5 9 11 13 14 15 16 17
4246 2574 9 5 9 11 13 14 16 17 19 20
4454 3660 11 5 9 12 13 14 15 16 17 18 19 20
4542 4500 11 5 9 12 13 14 15 16 17 18 19 20
5052 4392 9 5 9 12 13 14 15 16 18 19
2616 4620 8 5 9 12 13 15 16 17 18
5572 3960 8 5 9 12 13 15 16 17 18
5818 5960 8 5 9 12 13 15 17 19 20
2940 4802 8 5 9 12 13 15 17 19 20
5606 2804 9 5 9 12 13 16 17 18 19 20
5678 4876 9 5 9 12 13 16 17 18 19 20
2728 2572 9 5 9 12 13 16 17 18 19 20
3332 2972 7 5 9 12 13 16 18 19
5296 1548 9 5 9 13 14 15 16 17 19 20
5296 3578 9 5 9 13 14 15 16 17 19 20
3570 3630 7 5 9 13 16 17 19 20
4206 2430 8 5 11 12 13 14 15 17 18
4336 2870 9 5 11 12 13 14 17 18 19 20
5200 5808 7 5 11 12 13 14 18 19
2382 4202 6 5 11 13 14 15 17
5254 3916 6 5 11 13 14 15 17
1898 6312 7 5 11 13 14 16 17 18
5042 1666 7 5 11 13 14 16 17 18
2170 4462 7 5 11 13 14 16 17 18
2220 3908 7 5 11 13 14 17 19 20
5176 3996 7 5 11 13 14 17 19 20
2588 3936 7 5 11 13 14 17 19 20
3098 4352 5 5 11 13 14 19
3536 3588 4 5 11 13 17
750 3296 4 5 11 13 17
5378 4008 9 5 12 13 14 15 17 18 19 20
5964 3938 7 5 12 13 14 15 18 19
2934 4912 7 5 13 14 15 16 17 18
2946 1660 7 5 13 14 15 16 17 18
5878 4468 7 5 13 14 15 16 17 18
6230 5458 7 5 13 14 15 17 19 20
3268 2762 7 5 13 14 15 17 19 20
6312 4684 7 5 13 14 15 17 19 20
3862 3098 5 5 13 14 15 19
3152 4116 8 5 13 14 16 17 18 19 20
3056 5762 8 5 13 14 16 17 18 19 20
3662 4018 6 5 13 14 16 18 19
1420 3444 4 5 13 15 17
1228 3986 5 5 13 16 17 18
1590 4304 5 5 13 17 19 20
2838 2246 9 6 7 8 9 10 12 15 19 20
3054 3860 7 6 7 8 9 10 12 15
2632 5006 10 6 7 8 9 10 12 16 18 19 20
2846 5552 8 6 7 8 9 10 12 16 18
3258 3266 8 6 7 8 9 10 12 19 20
2590 3736 8 6 7 8 9 11 12 19 20
2804 6100 6 6 7 8 9 11 12
3358 3418 8 6 7 8 9 12 15 19 20
3580 4318 6 6 7 8 9 12 15
3152 1512 9 6 7 8 9 12 16 18 19 20
3374 2358 7 6 7 8 9 12 16 18
3774 4374 7 6 7 8 9 12 19 20
3018 3750 7 6 7 8 10 11 17 20
3558 3042 8 6 7 8 10 12 18 19 20
3772 1590 6 6 7 8 10 12 18
3172 3026 9 6 7 8 10 13 15 17 19 20
3386 3544 7 6 7 8 10 13 15 17
2966 1700 10 6 7 8 10 13 16 17 18 19 20
3180 2440 8 6 7 8 10 13 16 17 18
3588 2230 8 6 7 8 10 13 17 19 20
4102 5658 6 6 7 8 10 13 19
3168 4784 8 6 7 8 10 14 15 19 20
3382 988 6 6 7 8 10 14 15
2962 2678 9 6 7 8 10 14 16 18 19 20
3176 2772 7 6 7 8 10 14 16 18
3588 2152 7 6 7 8 10 14 19 20
3774 2804 7 6 7 8 10 15 17 20
3582 3784 8 6 7 8 10 16 17 18 20
4120 2052 6 6 7 8 10 17 20
1448 2106 6 6 7 8 10 19 20
1670 4248 4 6 7 8 10
2912 802 7 6 7 8 11 14 19 20
3126 3576 5 6 7 8 11 14
3538 1578 6 6 7 8 11 17 20
4078 2020 7 6 7 8 12 18 19 20
4298 3132 5 6 7 8 12 18
3692 2442 8 6 7 8 13 15 17 19 20
3914 3714 6 6 7 8 13 15 17
3486 1900 9 6 7 8 13 16 17 18 19 20
3706 3496 7 6 7 8 13 16 17 18
4096 4294 7 6 7 8 13 17 19 20
4628 4564 5 6 7 8 13 19
3688 2766 7 6 7 8 14 15 19 20
3910 3738 5 6 7 8 14 15
3482 7004 8 6 7 8 14 16 18 19 20
3702 3024 6 6 7 8 14 16 18
4104 2260 6 6 7 8 14 19 20
4294 2500 6 6 7 8 15 17 20
4102 4584 7 6 7 8 16 17 18 20
1974 3622 5 6 7 8 19 20
2190 2032 3 6 7 8
3692 3464 8 6 7 9 11 12 13 15 17
3218 5236 9 6 7 9 11 12 13 16 17 18
3548 6088 9 6 7 9 11 12 13 17 19 20
3692 3496 7 6 7 9 11 12 14 15
3214 3548 8 6 7 9 11 12 14 16 18
3544 3732 8 6 7 9 11 12 14 19 20
4158 3834 7 6 7 9 11 12 17 20
4248 2176 9 6 7 9 12 13 15 16 17 18
4584 3944 9 6 7 9 12 13 15 17 19 20
4378 2084 10 6 7 9 12 13 16 17 18 19 20
4976 2840 8 6 7 9 12 13 16 18 19
4256 3392 8 6 7 9 12 14 15 16 18
4586 3446 8 6 7 9 12 14 15 19 20
4374 2258 9 6 7 9 12 14 16 18 19 20
4374 3948 9 6 7 9 12 14 16 18 19 20
5186 4150 7 6 7 9 12 15 17 20
4988 4760 8 6 7 9 12 16 17 18 20
2538 3870 6 6 7 9 12 16 18
2860 4958 6 6 7 9 12 19 20
5220 3848 8 6 7 9 13 16 17 19 20
5216 4422 7 6 7 9 14 16 19 20
5830 3418 6 6 7 9 16 17 20
4410 2860 7 6 7 11 12 13 17 18
4406 4574 6 6 7 11 12 14 18
4022 1108 7 6 7 11 13 14 15 17
3542 2586 8 6 7 11 13 14 16 17 18
4222 2220 8 6 7 11 13 14 17 19 20
3870 3372 8 6 7 11 13 14 17 19 20
4742 2570 6 6 7 11 13 14 19
5270 4342 5 6 7 11 13 17
2308 3938 5 6 7 11 13 17
4480 2100 6 6 7 11 14 17 20
2302 3662 4 6 7 11 14
5174 3010 7 6 7 12 13 15 17 18
5302 2766 8 6 7 12 13 17 18 19 20
5170 5958 6 6 7 12 14 15 18
5298 3858 7 6 7 12 14 18 19 20
4578 4282 8 6 7 13 14 15 16 17 18
4578 2162 8 6 7 13 14 15 16 17 18
4914 4974 8 6 7 13 14 15 17 19 20
4984 4866 8 6 7 13 14 15 17 19 20
5506 4630 6 6 7 13 14 15 19
4708 4286 9 6 7 13 14 16 17 18 19 20
4834 2048 9 6 7 13 14 16 17 18 19 20
4708 4052 9 6 7 13 14 16 17 18 19 20
5306 3318 7 6 7 13 14 16 18 19
3064 3950 5 6 7 13 15 17
2870 5670 6 6 7 13 16 17 18
3194 3466 6 6 7 13 17 19 20
5528 2838 6 6 7 14 15 17 20
5516 5438 6 6 7 14 15 17 20
3060 5234 4 6 7 14 15
5316 2284 7 6 7 14 16 17 18 20
2866 4246 5 6 7 14 16 18
3190 2616 5 6 7 14 19 20
3810 5302 4 6 7 17 20
1354 5486 2 6 7
1924 2758 8 6 8 9 10 11 12 19 20
2126 3334 6 6 8 9 10 11 12
2694 1778 8 6 8 9 10 12 15 19 20
2896 4272 6 6 8 9 10 12 15
2488 3764 9 6 8 9 10 12 16 18 19 20
2690 5270 7 6 8 9 10 12 16 18
3096 4124 7 6 8 9 10 12 19 20
2246 3740 7 6 8 10 11 14 19 20
2448 2828 5 6 8 10 11 14
2874 4058 6 6 8 10 11 17 20
3412 4956 7 6 8 10 12 18 19 20
3614 2926 5 6 8 10 12 18
3026 3986 8 6 8 10 13 15 17 19 20
3230 1504 6 6 8 10 13 15 17
2820 4854 9 6 8 10 13 16 17 18 19 20
3022 2820 7 6 8 10 13 16 17 18
3418 4348 7 6 8 10 13 17 19 20
3944 4118 5 6 8 10 13 19
3024 3494 7 6 8 10 14 15 19 20
3226 3540 5 6 8 10 14 15
2816 2812 8 6 8 10 14 16 18 19 20
3018 4256 6 6 8 10 14 16 18
3426 2482 6 6 8 10 14 19 20
3630 4954 6 6 8 10 15 17 20
4182 222 4 6 8 10 15
3436 3516 7 6 8 10 16 17 18 20
3976 1924 5 6 8 10 16 18
1310 3554 5 6 8 10 19 20
1512 3938 3 6 8 10
2886 3194 8 6 9 10 11 12 13 15 17
2412 2814 9 6 9 10 11 12 13 16 17 18
2736 4680 9 6 9 10 11 12 13 17 19 20
2886 1844 7 6 9 10 11 12 14 15
2408 3468 8 6 9 10 11 12 14 16 18
2730 3110 8 6 9 10 11 12 14 19 20
3352 3218 7 6 9 10 11 12 17 20
3436 2684 9 6 9 10 12 13 15 16 17 18
3772 3896 9 6 9 10 12 13 15 17 19 20
3564 2932 10 6 9 10 12 13 16 17 18 19 20
4170 902 8 6 9 10 12 13 16 18 19
3450 5306 8 6 9 10 12 14 15 16 18
3774 3150 8 6 9 10 12 14 15 19 20
3562 3014 9 6 9 10 12 14 16 18 19 20
3562 3796 9 6 9 10 12 14 16 18 19 20
4374 2182 7 6 9 10 12 15 17 20
4180 3614 8 6 9 10 12 16 17 18 20
1724 1694 6 6 9 10 12 16 18
2048 1898 6 6 9 10 12 19 20
5064 4834 6 6 9 10 12 19 20
4406 2450 8 6 9 10 13 16 17 19 20
4404 3732 7 6 9 10 14 16 19 20
5024 3764 6 6 9 10 16 17 20
3392 3984 7 6 9 11 12 13 15 17
3214 3908 7 6 9 11 12 13 15 17
3008 3676 8 6 9 11 12 13 16 17 18
2932 1280 8 6 9 11 12 13 16 17 18
3328 3712 8 6 9 11 12 13 17 19 20
3256 4192 8 6 9 11 12 13 17 19 20
3214 2902 6 6 9 11 12 14 15
3406 3326 6 6 9 11 12 14 15
3388 3860 6 6 9 11 12 14 15
3188 2908 7 6 9 11 12 14 16 18
2928 2710 7 6 9 11 12 14 16 18
3002 3106 7 6 9 11 12 14 16 18
3512 1580 7 6 9 11 12 14 19 20
3518 3862 7 6 9 11 12 14 19 20
3250 2554 7 6 9 11 12 14 19 20
3334 3518 7 6 9 11 12 14 19 20
4138 2490 6 6 9 11 12 17 20
1682 4782 4 6 9 11 12
4030 4038 5 6 9 11 14 16
4030 5562 8 6 9 12 13 15 16 17 18
3956 5674 8 6 9 12 13 15 16 17 18
4292 3492 8 6 9 12 13 15 17 19 20
4298 4160 8 6 9 12 13 15 17 19 20
4366 5170 8 6 9 12 13 15 17 19 20
4972 2158 6 6 9 12 13 15 19
4158 2938 9 6 9 12 13 16 17 18 19 20
4158 5148 9 6 9 12 13 16 17 18 19 20
4084 2434 9 6 9 12 13 16 17 18 19 20
4084 4286 9 6 9 12 13 16 17 18 19 20
4690 2782 7 6 9 12 13 16 18 19
4026 3338 7 6 9 12 14 15 16 18
4046 4616 7 6 9 12 14 15 16 18
3970 5054 7 6 9 12 14 15 16 18
4294 2028 7 6 9 12 14 15 19 20
4370 4200 7 6 9 12 14 15 19 20
4294 2970 7 6 9 12 14 15 19 20
4368 5732 7 6 9 12 14 15 19 20
4156 2774 8 6 9 12 14 16 18 19 20
4164 1044 8 6 9 12 14 16 18 19 20
4164 3262 8 6 9 12 14 16 18 19 20
4082 1228 8 6 9 12 14 16 18 19 20
4894 2820 6 6 9 12 15 17 20
2532 4392 4 6 9 12 15
4702 1328 7 6 9 12 16 17 18 20
2244 1898 5 6 9 12 16 18
2574 4546 5 6 9 12 19 20
4886 2308 6 6 9 13 15 16 17
4928 3782 7 6 9 13 16 17 19 20
4888 3946 5 6 9 14 15 16
4924 3940 6 6 9 14 16 19 20
3604 3914 7 6 10 11 12 13 17 18
3600 4672 6 6 10 11 12 14 18
3216 4096 7 6 10 11 13 14 15 17
2734 3700 8 6 10 11 13 14 16 17 18
3008 4228 8 6 10 11 13 14 16 17 18
3142 5148 8 6 10 11 13 14 17 19 20
3058 1528 8 6 10 11 13 14 17 19 20
3936 3218 6 6 10 11 13 14 19
4452 2578 5 6 10 11 13 17
1494 2112 5 6 10 11 13 17
3946 3274 6 6 10 11 14 17 20
3674 3616 6 6 10 11 14 17 20
1490 3590 4 6 10 11 14
4360 4988 7 6 10 12 13 15 17 18
4490 4200 8 6 10 12 13 17 18 19 20
4356 4026 6 6 10 12 14 15 18
4486 3576 7 6 10 12 14 18 19 20
3764 4058 8 6 10 13 14 15 16 17 18
3764 5012 8 6 10 13 14 15 16 17 18
4100 2756 8 6 10 13 14 15 17 19 20
4692 4754 6 6 10 13 14 15 19
3894 2046 9 6 10 13 14 16 17 18 19 20
3894 3010 9 6 10 13 14 16 17 18 19 20
4500 3038 7 6 10 13 14 16 18 19
2258 2932 5 6 10 13 15 17
2058 2792 6 6 10 13 16 17 18
2464 2370 6 6 10 13 17 19 20
2380 4504 6 6 10 13 17 19 20
4704 3792 6 6 10 14 15 17 20
2254 3032 4 6 10 14 15
4510 2632 7 6 10 14 16 17 18 20
2054 3436 5 6 10 14 16 18
5392 3514 5 6 10 14 19 20
2376 3658 5 6 10 14 19 20
2996 3152 4 6 10 17 20
774 5236 2 6 10
4124 3352 6 6 11 12 13 17 18
4120 2912 5 6 11 12 14 18
3536 2500 6 6 11 13 14 15 17
3714 2126 6 6 11 13 14 15 17
3808 3494 6 6 11 13 14 15 17
3254 3952 7 6 11 13 14 16 17 18
3522 4030 7 6 11 13 14 16 17 18
3650 2266 7 6 11 13 14 17 19 20
3578 2346 7 6 11 13 14 17 19 20
4456 2736 5 6 11 13 14 19
2022 7000 4 6 11 13 17
4460 5122 5 6 11 14 17 20
4966 3542 3 6 11 14
2004 558 3 6 11 14
4880 1438 6 6 12 13 15 17 18
5010 2640 7 6 12 13 17 18 19 20
4876 4428 5 6 12 14 15 18
5006 3556 6 6 12 14 18 19 20
4304 3696 7 6 13 14 15 16 17 18
4284 3054 7 6 13 14 15 16 17 18
4284 3150 7 6 13 14 15 16 17 18
4360 1326 7 6 13 14 15 16 17 18
4620 5878 7 6 13 14 15 17 19 20
4704 3470 7 6 13 14 15 17 19 20
4680 5168 7 6 13 14 15 17 19 20
4692 3808 7 6 13 14 15 17 19 20
5212 4664 5 6 13 14 15 19
4414 3320 8 6 13 14 16 17 18 19 20
4414 3582 8 6 13 14 16 17 18 19 20
4490 4944 8 6 13 14 16 17 18 19 20
4498 2890 8 6 13 14 16 17 18 19 20
4486 1898 8 6 13 14 16 17 18 19 20
5020 2190 6 6 13 14 16 18 19
2778 5464 4 6 13 15 17
2578 4104 5 6 13 16 17 18
2908 4614 5 6 13 17 19 20
5224 3650 5 6 14 15 17 20
2774 3056 3 6 14 15
5030 4672 6 6 14 16 17 18 20
2574 3144 4 6 14 16 18
2904 4192 4 6 14 19 20
1240 2224 1 6
2594 3384 11 7 8 9 10 11 12 13 15 17 19 20
2388 3306 12 7 8 9 10 11 12 13 16 17 18 19 20
3126 2908 9 7 8 9 10 11 12 15 17 20
2920 4630 10 7 8 9 10 11 12 16 17 18 20
3430 3932 12 7 8 9 10 12 13 15 16 17 18 19 20
3424 2902 12 7 8 9 10 12 13 15 16 17 18 19 20
4084 3138 10 7 8 9 10 12 15 16 17 18 20
3956 5176 10 7 8 9 10 12 15 16 17 18 20
4838 4368 8 7 8 9 10 12 15 19 20
4806 1786 9 7 8 9 10 12 16 18 19 20
4632 2574 9 7 8 9 10 12 16 18 19 20
4266 4280 10 7 8 9 10 13 15 16 17 19 20
4798 3618 8 7 8 9 10 15 16 17 20
2760 5384 12 7 8 9 11 12 13 15 16 17 18 19 20
2568 3110 12 7 8 9 11 12 13 15 16 17 18 19 20
2974 4302 10 7 8 9 11 12 13 15 16 17 18
2782 3140 10 7 8 9 11 12 13 15 16 17 18
3102 4670 10 7 8 9 11 12 13 15 17 19 20
3896 886 8 7 8 9 11 12 13 15 19
2896 4268 11 7 8 9 11 12 13 16 17 18 19 20
3174 3186 11 7 8 9 11 12 13 16 17 18 19 20
3688 3648 9 7 8 9 11 12 13 16 18 19
2568 5500 11 7 8 9 11 12 14 15 16 18 19 20
2562 1994 11 7 8 9 11 12 14 15 16 18 19 20
2756 4866 11 7 8 9 11 12 14 15 16 18 19 20
2970 3184 9 7 8 9 11 12 14 15 16 18
2778 3370 9 7 8 9 11 12 14 15 16 18
3194 3358 9 7 8 9 11 12 14 15 19 20
3110 5040 9 7 8 9 11 12 14 15 19 20
2902 3224 10 7 8 9 11 12 14 16 18 19 20
3168 2218 10 7 8 9 11 12 14 16 18 19 20
2982 3898 10 7 8 9 11 12 14 16 18 19 20
3376 3416 10 7 8 9 11 12 15 16 17 18 20
3184 4358 10 7 8 9 11 12 15 16 17 18 20
3912 3838 8 7 8 9 11 12 15 17 20
4202 2342 8 7 8 9 11 12 15 19 20
1528 3894 8 7 8 9 11 12 15 19 20
1490 4460 6 7 8 9 11 12 15
4426 2604 6 7 8 9 11 12 15
3706 2940 9 7 8 9 11 12 16 17 18 20
3986 3982 9 7 8 9 11 12 16 18 19 20
1402 3774 9 7 8 9 11 12 16 18 19 20
4202 3364 7 7 8 9 11 12 16 18
1364 2106 7 7 8 9 11 12 16 18
1694 5184 7 7 8 9 11 12 19 20
4628 5804 7 7 8 9 11 12 19 20
3590 2810 9 7 8 9 11 14 15 16 19 20
3806 3018 7 7 8 9 11 14 15 16
4010 3620 8 7 8 9 11 14 16 19 20
3938 1462 11 7 8 9 12 13 15 16 17 18 19 20
3932 4322 11 7 8 9 12 13 15 16 17 18 19 20
3944 1756 11 7 8 9 12 13 15 16 17 18 19 20
4534 3256 9 7 8 9 12 13 15 16 18 19
3940 4452 10 7 8 9 12 14 15 16 18 19 20
3940 3254 10 7 8 9 12 14 15 16 18 19 20
3946 3410 10 7 8 9 12 14 15 16 18 19 20
4026 3734 10 7 8 9 12 14 15 16 18 19 20
4550 4508 9 7 8 9 12 15 16 17 18 20
1886 2852 9 7 8 9 12 15 16 18 19 20
4836 3218 9 7 8 9 12 15 16 18 19 20
2106 3536 7 7 8 9 12 15 16 18
2102 5342 7 7 8 9 12 15 16 18
2434 3550 7 7 8 9 12 15 19 20
5172 2134 8 7 8 9 12 16 18 19 20
2226 2516 8 7 8 9 12 16 18 19 20
4774 3182 9 7 8 9 13 15 16 17 19 20
4782 3004 8 7 8 9 14 15 16 19 20
3312 3702 10 7 8 10 11 12 13 17 18 19 20
3844 2582 8 7 8 10 11 12 17 18 20
2916 5174 10 7 8 10 11 13 14 15 17 19 20
2710 4702 11 7 8 10 11 13 14 16 17 18 19 20
3448 1564 8 7 8 10 11 14 15 17 20
3242 3170 9 7 8 10 11 14 16 17 18 20
4354 4132 10 7 8 10 12 13 15 17 18 19 20
4886 2498 8 7 8 10 12 15 17 18 20
5558 2244 7 7 8 10 12 18 19 20
3932 2574 11 7 8 10 13 14 15 16 17 18 19 20
3754 4730 11 7 8 10 13 14 15 16 17 18 19 20
2246 3008 8 7 8 10 13 15 17 19 20
2426 1282 8 7 8 10 13 15 17 19 20
5200 1404 8 7 8 10 13 15 17 19 20
4954 4566 9 7 8 10 13 16 17 18 19 20
2040 2174 9 7 8 10 13 16 17 18 19 20
4290 2504 9 7 8 10 14 15 16 17 18 20
4286 1902 9 7 8 10 14 15 16 17 18 20
5168 4172 7 7 8 10 14 15 19 20
5342 3418 7 7 8 10 14 15 19 20
4962 2100 8 7 8 10 14 16 18 19 20
2778 4682 6 7 8 10 15 17 20
5732 5064 6 7 8 10 15 17 20
2700 3214 7 7 8 10 16 17 18 20
2572 4892 7 7 8 10 16 17 18 20
5646 3720 7 7 8 10 16 17 18 20
3494 3684 5 7 8 10 19 20
3448 2690 5 7 8 10 19 20
3492 5560 10 7 8 11 12 13 15 17 18 19 20
3708 2546 8 7 8 11 12 13 15 17 18
3822 4874 9 7 8 11 12 13 17 18 19 20
4614 4842 7 7 8 11 12 13 18 19
3494 3102 9 7 8 11 12 14 15 18 19 20
3708 1752 7 7 8 11 12 14 15 18
3828 3498 8 7 8 11 12 14 18 19 20
4286 3376 8 7 8 11 12 15 17 18 20
2100 2564 7 7 8 11 12 18 19 20
2182 3416 5 7 8 11 12 18
2890 3172 11 7 8 11 13 14 15 16 17 18 19 20
2890 2598 11 7 8 11 13 14 15 16 17 18 19 20
3104 4254 9 7 8 11 13 14 15 16 17 18
3296 2896 9 7 8 11 13 14 15 16 17 18
3426 3370 9 7 8 11 13 14 15 17 19 20
3516 4070 9 7 8 11 13 14 15 17 19 20
4218 1354 7 7 8 11 13 14 15 19
3496 2794 10 7 8 11 13 14 16 17 18 19 20
3218 5164 10 7 8 11 13 14 16 17 18 19 20
4012 3464 8 7 8 11 13 14 16 18 19
4700 4668 8 7 8 11 13 15 17 19 20
4494 3422 9 7 8 11 13 16 17 18 19 20
3506 4702 9 7 8 11 14 15 16 17 18 20
3684 4358 9 7 8 11 14 15 16 17 18 20
4236 4292 7 7 8 11 14 15 17 20
4706 5440 7 7 8 11 14 15 19 20
1718 2174 7 7 8 11 14 15 19 20
1786 5206 5 7 8 11 14 15
4028 3096 8 7 8 11 14 16 17 18 20
1512 3292 8 7 8 11 14 16 18 19 20
4310 3536 8 7 8 11 14 16 18 19 20
1512 4786 8 7 8 11 14 16 18 19 20
1580 6050 6 7 8 11 14 16 18
1990 3218 6 7 8 11 14 19 20
2266 2870 6 7 8 11 15 17 20
2060 3206 7 7 8 11 16 17 18 20
5016 5184 7 7 8 11 16 17 18 20
4864 2000 9 7 8 12 13 15 17 18 19 20
4868 3470 9 7 8 12 13 15 17 18 19 20
5464 2182 7 7 8 12 13 15 18 19
4870 2584 8 7 8 12 14 15 18 19 20
4866 4080 8 7 8 12 14 15 18 19 20
2818 1734 7 7 8 12 15 18 19 20
3032 2778 5 7 8 12 15 18
3152 3490 6 7 8 12 18 19 20
4348 3564 10 7 8 13 14 15 16 17 18 19 20
4352 4320 10 7 8 13 14 15 16 17 18 19 20
4358 3288 10 7 8 13 14 15 16 17 18 19 20
4268 5166 10 7 8 13 14 15 16 17 18 19 20
4262 2436 10 7 8 13 14 15 16 17 18 19 20
4862 3850 8 7 8 13 14 15 16 18 19
2220 3876 9 7 8 13 15 16 17 18 19 20
5264 2754 9 7 8 13 15 16 17 18 19 20
5164 1958 9 7 8 13 15 16 17 18 19 20
2434 4498 7 7 8 13 15 16 17 18
5380 4984 7 7 8 13 15 16 17 18
2846 3754 7 7 8 13 15 17 19 20
2756 3492 7 7 8 13 15 17 19 20
3356 2434 5 7 8 13 15 19
2640 4990 8 7 8 13 16 17 18 19 20
2548 3256 8 7 8 13 16 17 18 19 20
3150 3190 6 7 8 13 16 18 19
4880 4918 8 7 8 14 15 16 17 18 20
2222 2004 8 7 8 14 15 16 18 19 20
5166 4990 8 7 8 14 15 16 18 19 20
2216 5240 8 7 8 14 15 16 18 19 20
2430 3104 6 7 8 14 15 16 18
2436 3774 6 7 8 14 15 16 18
2762 2226 6 7 8 14 15 19 20
5808 4354 6 7 8 14 15 19 20
5500 4098 7 7 8 14 16 18 19 20
2556 5056 7 7 8 14 16 18 19 20
2822 1862 7 7 8 15 16 17 18 20
1602 4794 5 7 8 15 19 20
1564 2788 3 7 8 15
1396 4030 6 7 8 16 18 19 20
1358 3056 4 7 8 16 18
1736 3808 4 7 8 19 20
3840 4766 12 7 9 11 12 13 14 15 16 17 18 19 20
3846 5964 12 7 9 11 12 13 14 15 16 17 18 19 20
5522 4084 9 7 9 11 12 13 15 17 19 20
2128 4578 10 7 9 11 12 13 16 17 18 19 20
4328 4490 10 7 9 11 12 14 15 16 17 18 20
4322 4096 10 7 9 11 12 14 15 16 17 18 20
5524 4460 8 7 9 11 12 14 15 19 20
5044 2462 9 7 9 11 12 14 16 18 19 20
5560 4704 8 7 9 11 12 16 17 18 20
2610 2058 8 7 9 11 12 16 17 18 20
4956 2256 10 7 9 11 13 14 15 16 17 19 20
5438 2706 8 7 9 11 14 15 16 17 20
6078 2846 10 7 9 12 13 15 16 17 18 19 20
3170 3262 10 7 9 12 13 15 16 17 18 19 20
6088 3900 9 7 9 12 14 15 16 18 19 20
3652 1670 8 7 9 12 15 16 17 18 20
4368 4464 7 7 9 12 16 18 19 20
4760 4690 10 7 11 12 13 14 15 17 18 19 20
6240 2992 8 7 11 12 13 17 18 19 20
5242 2886 8 7 11 12 14 15 17 18 20
6236 790 7 7 11 12 14 18 19 20
5850 2094 8 7 11 13 14 15 17 19 20
2936 4586 8 7 11 13 14 15 17 19 20
5400 2816 9 7 11 13 14 16 17 18 19 20
2450 2676 9 7 11 13 14 16 17 18 19 20
5360 2060 9 7 11 13 14 16 17 18 19 20
4180 1902 6 7 11 13 17 19 20
1458 3802 6 7 11 13 17 19 20
6372 5086 6 7 11 14 15 17 20
3418 3926 6 7 11 14 15 17 20
2932 1764 7 7 11 14 16 17 18 20
3206 4608 7 7 11 14 16 17 18 20
4134 4218 5 7 11 14 19 20
7084 2910 5 7 11 14 19 20
1700 2822 4 7 11 17 20
7004 4414 8 7 12 13 15 17 18 19 20
7000 2760 7 7 12 14 15 18 19 20
6408 2748 9 7 13 14 15 16 17 18 19 20
3480 1878 9 7 13 14 15 16 17 18 19 20
3500 4222 9 7 13 14 15 16 17 18 19 20
2120 3992 6 7 13 15 17 19 20
1914 4208 7 7 13 16 17 18 19 20
3982 2910 7 7 14 15 16 17 18 20
4890 3872 5 7 14 15 19 20
4698 3012 6 7 14 16 18 19 20
2456 3472 4 7 15 17 20
2256 4748 5 7 16 17 18 20
988 3486 3 7 19 20
1224 2034 1 7
2094 4010 12 8 9 10 11 12 13 15 16 17 18 19 20
1902 2824 12 8 9 10 11 12 13 15 16 17 18 19 20
2104 3936 10 8 9 10 11 12 13 15 16 17 18
2426 3630 10 8 9 10 11 12 13 15 17 19 20
2516 3512 10 8 9 10 11 12 13 15 17 19 20
3218 4266 8 8 9 10 11 12 13 15 19
2218 3692 11 8 9 10 11 12 13 16 17 18 19 20
3012 4510 9 8 9 10 11 12 13 16 18 19
1902 3362 11 8 9 10 11 12 14 15 16 18 19 20
1898 5244 11 8 9 10 11 12 14 15 16 18 19 20
2286 3674 9 8 9 10 11 12 14 15 16 18
2100 3094 9 8 9 10 11 12 14 15 16 18
2106 4132 9 8 9 10 11 12 14 15 16 18
2432 3946 9 8 9 10 11 12 14 15 19 20
2710 5378 9 8 9 10 11 12 14 15 19 20
2490 4812 10 8 9 10 11 12 14 16 18 19 20
2498 4012 10 8 9 10 11 12 14 16 18 19 20
2224 3750 10 8 9 10 11 12 14 16 18 19 20
2696 2898 10 8 9 10 11 12 15 16 17 18 20
2518 4746 10 8 9 10 11 12 15 16 17 18 20
3236 4704 8 8 9 10 11 12 15 17 20
924 2904 8 8 9 10 11 12 15 19 20
852 2700 6 8 9 10 11 12 15
3740 5088 6 8 9 10 11 12 15
3028 4972 9 8 9 10 11 12 16 17 18 20
3292 5242 9 8 9 10 11 12 16 18 19 20
796 4486 9 8 9 10 11 12 16 18 19 20
726 4578 7 8 9 10 11 12 16 18
3494 1670 7 8 9 10 11 12 16 18
1058 1840 7 8 9 10 11 12 19 20
2926 3194 9 8 9 10 11 14 15 16 19 20
3128 3206 7 8 9 10 11 14 15 16
3332 1442 8 8 9 10 11 14 16 19 20
3346 3270 11 8 9 10 12 13 15 16 17 18 19 20
3346 3426 11 8 9 10 12 13 15 16 17 18 19 20
3260 2934 11 8 9 10 12 13 15 16 17 18 19 20
3266 5296 11 8 9 10 12 13 15 16 17 18 19 20
3256 4258 11 8 9 10 12 13 15 16 17 18 19 20
3856 2816 9 8 9 10 12 13 15 16 18 19
3262 2456 10 8 9 10 12 14 15 16 18 19 20
3262 4422 10 8 9 10 12 14 15 16 18 19 20
3268 5144 10 8 9 10 12 14 15 16 18 19 20
3348 2240 10 8 9 10 12 14 15 16 18 19 20
3874 4028 9 8 9 10 12 15 16 17 18 20
1242 4066 9 8 9 10 12 15 16 18 19 20
1328 2568 9 8 9 10 12 15 16 18 19 20
1424 1854 7 8 9 10 12 15 16 18
1430 2146 7 8 9 10 12 15 16 18
4754 3688 7 8 9 10 12 15 19 20
4710 5404 7 8 9 10 12 15 19 20
1756 3536 7 8 9 10 12 15 19 20
1548 1402 8 8 9 10 12 16 18 19 20
4098 2908 9 8 9 10 13 15 16 17 19 20
4104 4164 8 8 9 10 14 15 16 19 20
2828 6060 10 8 10 11 12 13 15 17 18 19 20
3030 3142 8 8 10 11 12 13 15 17 18
3144 5086 9 8 10 11 12 13 17 18 19 20
3936 2668 7 8 10 11 12 13 18 19
2828 3030 9 8 10 11 12 14 15 18 19 20
3014 2694 9 8 10 11 12 14 15 18 19 20
3030 4698 7 8 10 11 12 14 15 18
3150 1860 8 8 10 11 12 14 18 19 20
3422 4548 8 8 10 11 12 14 18 19 20
3622 5524 8 8 10 11 12 15 17 18 20
4216 4508 7 8 10 11 12 18 19 20
1496 4664 7 8 10 11 12 18 19 20
1504 5030 5 8 10 11 12 18
4418 4838 5 8 10 11 12 18
2224 3170 11 8 10 11 13 14 15 16 17 18 19 20
2416 1986 11 8 10 11 13 14 15 16 17 18 19 20
2428 2588 9 8 10 11 13 14 15 16 17 18
3026 4486 9 8 10 11 13 14 15 17 19 20
2748 2106 9 8 10 11 13 14 15 17 19 20
3540 3386 7 8 10 11 13 14 15 19
2542 4124 10 8 10 11 13 14 16 17 18 19 20
3334 4138 8 8 10 11 13 14 16 18 19
3990 3772 8 8 10 11 13 15 17 19 20
4036 2072 8 8 10 11 13 15 17 19 20
3828 1112 9 8 10 11 13 16 17 18 19 20
3784 4414 9 8 10 11 13 16 17 18 19 20
2842 2474 9 8 10 11 14 15 16 17 18 20
3032 4294 9 8 10 11 14 15 16 17 18 20
3558 2428 7 8 10 11 14 15 17 20
1112 830 7 8 10 11 14 15 19 20
3868 1450 7 8 10 11 14 15 19 20
3860 3606 7 8 10 11 14 15 19 20
1108 2432 5 8 10 11 14 15
3352 3898 8 8 10 11 14 16 17 18 20
906 3500 8 8 10 11 14 16 18 19 20
3650 4710 8 8 10 11 14 16 18 19 20
3834 3552 8 8 10 11 14 16 18 19 20
3816 4336 6 8 10 11 14 16 18
902 4186 6 8 10 11 14 16 18
1314 3888 6 8 10 11 14 19 20
4228 4962 6 8 10 11 14 19 20
1602 1942 6 8 10 11 15 17 20
4522 2730 6 8 10 11 15 17 20
4352 2586 7 8 10 11 16 17 18 20
1394 2252 7 8 10 11 16 17 18 20
4186 3244 9 8 10 12 13 15 17 18 19 20
4786 4522 7 8 10 12 13 15 18 19
4188 2448 8 8 10 12 14 15 18 19 20
4280 2728 8 8 10 12 14 15 18 19 20
2152 3462 7 8 10 12 15 18 19 20
2354 4290 5 8 10 12 15 18
2474 2874 6 8 10 12 18 19 20
3596 3614 10 8 10 13 14 15 16 17 18 19 20
3676 3792 10 8 10 13 14 15 16 17 18 19 20
3676 3776 10 8 10 13 14 15 16 17 18 19 20
3584 4160 10 8 10 13 14 15 16 17 18 19 20
4184 4472 8 8 10 13 14 15 16 18 19
4192 2552 8 8 10 13 14 15 16 18 19
4500 5052 9 8 10 13 15 16 17 18 19 20
4468 5072 9 8 10 13 15 16 17 18 19 20
4468 3702 9 8 10 13 15 16 17 18 19 20
4508 3752 9 8 10 13 15 16 17 18 19 20
1554 5458 9 8 10 13 15 16 17 18 19 20
1756 3790 7 8 10 13 15 16 17 18
1756 1974 7 8 10 13 15 16 17 18
2168 3252 7 8 10 13 15 17 19 20
2078 4668 7 8 10 13 15 17 19 20
2678 2226 5 8 10 13 15 19
4816 2842 8 8 10 13 16 17 18 19 20
4786 4406 8 8 10 13 16 17 18 19 20
1870 3980 8 8 10 13 16 17 18 19 20
2472 1242 6 8 10 13 16 18 19
4202 3544 8 8 10 14 15 16 17 18 20
1582 5400 8 8 10 14 15 16 18 19 20
1578 3964 8 8 10 14 15 16 18 19 20
1752 5200 6 8 10 14 15 16 18
4672 5860 6 8 10 14 15 16 18
4704 2482 6 8 10 14 15 16 18
2084 4104 6 8 10 14 15 19 20
2170 4378 6 8 10 14 15 19 20
1958 2756 7 8 10 14 16 18 19 20
1878 4534 7 8 10 14 16 18 19 20
2164 1112 7 8 10 15 16 17 18 20
2158 2876 7 8 10 15 16 17 18 20
998 3030 5 8 10 15 19 20
926 4602 3 8 10 15
790 1496 6 8 10 16 18 19 20
720 4860 4 8 10 16 18
1098 3270 4 8 10 19 20
2984 4016 12 9 10 11 12 13 14 15 16 17 18 19 20
2992 2778 12 9 10 11 12 13 14 15 16 17 18 19 20
4670 4408 9 9 10 11 12 13 15 17 19 20
1266 4314 10 9 10 11 12 13 16 17 18 19 20
3516 3096 10 9 10 11 12 14 15 16 17 18 20
3522 3532 10 9 10 11 12 14 15 16 17 18 20
4672 2224 8 9 10 11 12 14 15 19 20
4460 3956 9 9 10 11 12 14 16 18 19 20
4192 926 9 9 10 11 12 14 16 18 19 20
1798 2222 8 9 10 11 12 16 17 18 20
4766 750 8 9 10 11 12 16 17 18 20
4098 3854 10 9 10 11 13 14 15 16 17 19 20
4630 4164 8 9 10 11 14 15 16 17 20
5234 3810 10 9 10 12 13 15 16 17 18 19 20
2308 3494 10 9 10 12 13 15 16 17 18 19 20
5236 2104 9 9 10 12 14 15 16 18 19 20
5236 3346 9 9 10 12 14 15 16 18 19 20
2840 1240 8 9 10 12 15 16 17 18 20
5800 4470 8 9 10 12 15 16 17 18 20
3556 4036 7 9 10 12 16 18 19 20
3510 2610 7 9 10 12 16 18 19 20
3772 2996 11 9 11 12 13 14 15 16 17 18 19 20
3578 1852 11 9 11 12 13 14 15 16 17 18 19 20
3494 3522 11 9 11 12 13 14 15 16 17 18 19 20
3490 3238 11 9 11 12 13 14 15 16 17 18 19 20
3496 2788 11 9 11 12 13 14 15 16 17 18 19 20
3498 3434 11 9 11 12 13 14 15 16 17 18 19 20
3490 3558 11 9 11 12 13 14 15 16 17 18 19 20
3502 4880 11 9 11 12 13 14 15 16 17 18 19 20
3500 3018 11 9 11 12 13 14 15 16 17 18 19 20
3490 5044 11 9 11 12 13 14 15 16 17 18 19 20
3504 4862 11 9 11 12 13 14 15 16 17 18 19 20
3752 4148 11 9 11 12 13 14 15 16 17 18 19 20
4280 4260 9 9 11 12 13 14 15 16 18 19
4100 5204 9 9 11 12 13 14 15 16 18 19
4812 4736 8 9 11 12 13 15 16 17 18
1926 1990 8 9 11 12 13 15 16 17 18
1660 3932 8 9 11 12 13 15 16 17 18
1852 3352 8 9 11 12 13 15 16 17 18
4616 3504 8 9 11 12 13 15 16 17 18
1844 2858 8 9 11 12 13 15 16 17 18
2182 5296 8 9 11 12 13 15 17 19 20
2340 3080 8 9 11 12 13 15 17 19 20
1990 3422 8 9 11 12 13 15 17 19 20
5132 2734 8 9 11 12 13 15 17 19 20
2252 4738 8 9 11 12 13 15 17 19 20
4730 4742 9 9 11 12 13 16 17 18 19 20
4742 4026 9 9 11 12 13 16 17 18 19 20
1782 4170 9 9 11 12 13 16 17 18 19 20
2052 4832 9 9 11 12 13 16 17 18 19 20
1774 3330 9 9 11 12 13 16 17 18 19 20
1974 3522 9 9 11 12 13 16 17 18 19 20
4098 3940 9 9 11 12 14 15 16 17 18 20
4112 5066 9 9 11 12 14 15 16 17 18 20
4290 4120 9 9 11 12 14 15 16 17 18 20
4116 4152 9 9 11 12 14 15 16 17 18 20
4118 4046 9 9 11 12 14 15 16 17 18 20
1854 6146 7 9 11 12 14 15 16 18
1660 5316 7 9 11 12 14 15 16 18
4630 1756 7 9 11 12 14 15 16 18
1928 4438 7 9 11 12 14 15 16 18
2182 3772 7 9 11 12 14 15 19 20
5302 3816 7 9 11 12 14 15 19 20
1990 4130 7 9 11 12 14 15 19 20
2176 2346 7 9 11 12 14 15 19 20
2346 2702 7 9 11 12 14 15 19 20
4940 2542 7 9 11 12 14 15 19 20
1778 2168 8 9 11 12 14 16 18 19 20
1780 2754 8 9 11 12 14 16 18 19 20
1970 1642 8 9 11 12 14 16 18 19 20
1964 2412 8 9 11 12 14 16 18 19 20
2048 3850 8 9 11 12 14 16 18 19 20
2134 4706 8 9 11 12 14 16 18 19 20
2872 2662 6 9 11 12 15 17 20
2784 4614 6 9 11 12 15 17 20
5828 7084 6 9 11 12 15 17 20
5552 3622 7 9 11 12 16 17 18 20
2584 2426 7 9 11 12 16 17 18 20
582 2784 5 9 11 12 16 18
964 3948 5 9 11 12 19 20
4524 4176 9 9 11 13 14 15 16 17 19 20
4332 3778 9 9 11 13 14 15 16 17 19 20
4614 3184 9 9 11 13 14 15 16 17 19 20
5126 5088 7 9 11 14 15 16 17 20
2806 2616 6 9 11 14 16 19 20
2814 2392 9 9 12 13 15 16 17 18 19 20
2820 3470 9 9 12 13 15 16 17 18 19 20
5770 4150 9 9 12 13 15 16 17 18 19 20
2824 2774 9 9 12 13 15 16 17 18 19 20
2820 1332 9 9 12 13 15 16 17 18 19 20
2908 2782 9 9 12 13 15 16 17 18 19 20
2816 2920 9 9 12 13 15 16 17 18 19 20
3418 5188 7 9 12 13 15 16 18 19
2820 4260 8 9 12 14 15 16 18 19 20
2910 5688 8 9 12 14 15 16 18 19 20
2820 2982 8 9 12 14 15 16 18 19 20
2824 1314 8 9 12 14 15 16 18 19 20
2820 6230 8 9 12 14 15 16 18 19 20
2824 4790 8 9 12 14 15 16 18 19 20
2820 3426 8 9 12 14 15 16 18 19 20
3422 1358 7 9 12 15 16 17 18 20
1112 2348 5 9 12 15 16 18
1494 2870 5 9 12 15 19 20
1282 2846 6 9 12 16 18 19 20
3662 4260 7 9 13 15 16 17 19 20
3664 1688 6 9 14 15 16 19 20
3896 3270 10 10 11 12 13 14 15 17 18 19 20
5390 3122 8 10 11 12 13 17 18 19 20
4428 2904 8 10 11 12 14 15 17 18 20
5384 4582 7 10 11 12 14 18 19 20
5034 1990 8 10 11 13 14 15 17 19 20
2072 1818 8 10 11 13 14 15 17 19 20
4994 3182 8 10 11 13 14 15 17 19 20
4812 998 9 10 11 13 14 16 17 18 19 20
1588 4826 9 10 11 13 14 16 17 18 19 20
4544 3242 9 10 11 13 14 16 17 18 19 20
1860 4118 9 10 11 13 14 16 17 18 19 20
3316 3708 6 10 11 13 17 19 20
542 4806 6 10 11 13 17 19 20
3304 2168 6 10 11 13 17 19 20
2604 3168 6 10 11 14 15 17 20
5562 4294 6 10 11 14 15 17 20
5040 2822 7 10 11 14 16 17 18 20
2392 2322 7 10 11 14 16 17 18 20
2120 4068 7 10 11 14 16 17 18 20
5088 3908 7 10 11 14 16 17 18 20
3274 852 5 10 11 14 19 20
6244 3604 5 10 11 14 19 20
3320 4700 5 10 11 14 19 20
886 2882 4 10 11 17 20
6146 4670 8 10 12 13 15 17 18 19 20
6142 4692 7 10 12 14 15 18 19 20
5558 4104 9 10 13 14 15 16 17 18 19 20
2624 5198 9 10 13 14 15 16 17 18 19 20
5550 2590 9 10 13 14 15 16 17 18 19 20
5602 3058 9 10 13 14 15 16 17 18 19 20
1204 836 6 10 13 15 17 19 20
998 3216 7 10 13 16 17 18 19 20
3168 3240 7 10 14 15 16 17 18 20
6100 982 7 10 14 15 16 17 18 20
4038 5198 5 10 14 15 19 20
4084 3742 5 10 14 15 19 20
3838 2974 6 10 14 16 18 19 20
3884 5006 6 10 14 16 18 19 20
1642 1394 4 10 15 17 20
1450 3448 5 10 16 17 18 20
222 776 3 10 19 20
478 2164 1 10
4612 5572 9 11 12 13 14 15 17 18 19 20
4416 3736 9 11 12 13 14 15 17 18 19 20
4420 3268 9 11 12 13 14 15 17 18 19 20
4406 2098 9 11 12 13 14 15 17 18 19 20
4782 5200 9 11 12 13 14 15 17 18 19 20
4422 5032 9 11 12 13 14 15 17 18 19 20
5204 4780 7 11 12 13 14 15 18 19
5814 3430 6 11 12 13 15 17 18
2770 3344 6 11 12 13 15 17 18
2900 3436 7 11 12 13 17 18 19 20
5216 4480 7 11 12 14 15 17 18 20
2766 2604 5 11 12 14 15 18
2852 2422 5 11 12 14 15 18
2972 5296 6 11 12 14 18 19 20
2896 2518 6 11 12 14 18 19 20
5136 4886 7 11 13 14 15 16 17 18
4952 3074 7 11 13 14 15 16 17 18
2256 1058 7 11 13 14 15 16 17 18
2174 4502 7 11 13 14 15 16 17 18
1982 3904 7 11 13 14 15 16 17 18
2504 2380 7 11 13 14 15 17 19 20
5458 4062 7 11 13 14 15 17 19 20
2674 3052 7 11 13 14 15 17 19 20
2312 4374 7 11 13 14 15 17 19 20
2574 3016 7 11 13 14 15 17 19 20
2582 3386 7 11 13 14 15 17 19 20
3182 3828 5 11 13 14 15 19
6140 4192 5 11 13 14 15 19
2096 3008 8 11 13 14 16 17 18 19 20
2106 3972 8 11 13 14 16 17 18 19 20
2298 3020 8 11 13 14 16 17 18 19 20
5066 3002 8 11 13 14 16 17 18 19 20
2374 5770 8 11 13 14 16 17 18 19 20
5056 5042 8 11 13 14 16 17 18 19 20
2976 4770 6 11 13 14 16 18 19
982 5818 4 11 13 15 17
776 4034 5 11 13 16 17 18
3504 2116 5 11 13 16 17 18
1150 1872 5 11 13 17 19 20
6056 2548 5 11 14 15 17 20
3106 4104 5 11 14 15 17 20
1044 4406 3 11 14 15
3700 3494 3 11 14 15
2906 2048 6 11 14 16 17 18 20
764 1098 4 11 14 16 18
3406 4062 4 11 14 16 18
830 6244 4 11 14 16 18
3736 3578 4 11 14 19 20
1146 2286 4 11 14 19 20
138 5720 1 11
3740 1926 7 12 13 15 17 18 19 20
3736 4350 6 12 14 15 18 19 20
3144 3496 8 13 14 15 16 17 18 19 20
3146 3970 8 13 14 15 16 17 18 19 20
3132 3458 8 13 14 15 16 17 18 19 20
3740 3026 6 13 14 15 16 18 19
1438 2698 5 13 15 16 17 18
1812 3592 5 13 15 17 19 20
1606 3332 6 13 16 17 18 19 20
3750 1510 6 14 15 16 17 18 20
1434 4308 4 14 15 16 18
1820 3494 4 14 15 19 20
1612 3584 5 14 16 18 19 20
1008 2040 1 15
802 3332 2 16 18
1152 3532 2 19 20
