23 1220 
564 4382 2 1 2
1422 1606 1 1
486 3178 1 2
2614 3830 5 3 4 6 7 8
2744 3872 5 3 4 6 7 8
2614 3934 5 3 4 6 7 8
2830 2652 4 3 4 6 8
1524 2456 3 3 4 6
2562 2366 4 3 4 7 8
1080 4568 3 3 4 7
1898 3686 2 3 4
4616 2468 5 3 5 6 7 8
1718 3608 5 3 5 6 7 8
2134 3636 4 3 5 6 8
1864 1992 4 3 5 7 8
2546 3800 4 3 6 7 8
2534 1852 4 3 6 7 8
1126 3678 3 3 6 7
1964 2374 2 3 6
1698 2534 2 3 7
5162 1100 7 4 6 8 12 14 17 18
3578 4274 9 4 6 8 12 15 17 20 21 23
3696 1864 8 4 6 8 12 15 17 20 21
3856 3692 6 4 6 8 12 15 20
3972 2658 8 4 6 8 12 16 17 21 23
4100 2416 7 4 6 8 12 16 17 21
4258 3736 5 4 6 8 12 16
4382 1964 8 4 6 8 12 17 18 21 23
4502 3310 7 4 6 8 12 17 18 21
4204 3172 7 4 6 8 12 17 21 23
4330 3290 6 4 6 8 12 17 21
4660 1996 5 4 6 8 12 18
4488 3232 4 4 6 8 12
1632 5210 3 4 6 8
4764 4148 7 4 7 8 12 14 17 18
3272 2334 9 4 7 8 12 15 17 20 21 23
3390 1626 8 4 7 8 12 15 17 20 21
3550 4312 6 4 7 8 12 15 20
3666 1702 8 4 7 8 12 16 17 21 23
3792 1404 7 4 7 8 12 16 17 21
3952 2518 5 4 7 8 12 16
4076 2838 8 4 7 8 12 17 18 21 23
4196 2486 7 4 7 8 12 17 18 21
3898 1716 7 4 7 8 12 17 21 23
4024 692 6 4 7 8 12 17 21
5220 4346 6 4 7 8 12 17 21
4354 3598 5 4 7 8 12 18
4182 3282 4 4 7 8 12
1236 488 3 4 7 8
1012 2698 1 4
4264 2652 7 5 6 8 12 14 17 18
2674 1632 9 5 6 8 12 15 17 20 21 23
2792 1716 8 5 6 8 12 15 17 20 21
2952 4880 6 5 6 8 12 15 20
3068 5312 8 5 6 8 12 16 17 21 23
3194 2846 7 5 6 8 12 16 17 21
3354 3996 5 5 6 8 12 16
3478 2090 8 5 6 8 12 17 18 21 23
3598 2446 7 5 6 8 12 17 18 21
3300 3372 7 5 6 8 12 17 21 23
3426 2210 6 5 6 8 12 17 21
3756 4214 5 5 6 8 12 18
3584 2868 4 5 6 8 12
1054 2162 3 5 6 8
3640 4672 3 5 6 8
3868 4214 7 5 7 8 12 14 17 18
2366 2328 9 5 7 8 12 15 17 20 21 23
2486 5098 8 5 7 8 12 15 17 20 21
2646 2154 6 5 7 8 12 15 20
2762 2788 8 5 7 8 12 16 17 21 23
2888 4646 7 5 7 8 12 16 17 21
3048 2298 5 5 7 8 12 16
3172 1110 8 5 7 8 12 17 18 21 23
3292 3602 7 5 7 8 12 17 18 21
2992 3192 7 5 7 8 12 17 21 23
3226 4530 6 5 7 8 12 17 21
3120 846 6 5 7 8 12 17 21
3450 4102 5 5 7 8 12 18
3278 1870 4 5 7 8 12
744 1264 3 5 7 8
182 2176 1 5
4738 5668 7 6 7 8 12 14 17 18
3410 3214 9 6 7 8 12 15 17 20 21 23
3432 3712 9 6 7 8 12 15 17 20 21 23
3530 3114 8 6 7 8 12 15 17 20 21
3572 2152 8 6 7 8 12 15 17 20 21
3688 2008 6 6 7 8 12 15 20
3806 4750 8 6 7 8 12 16 17 21 23
3868 2852 8 6 7 8 12 16 17 21 23
3932 1162 7 6 7 8 12 16 17 21
4314 4830 7 6 7 8 12 16 17 21
4092 3188 5 6 7 8 12 16
4098 2736 8 6 7 8 12 17 18 21 23
4216 4504 8 6 7 8 12 17 18 21 23
4334 1306 7 6 7 8 12 17 18 21
4036 994 7 6 7 8 12 17 21 23
4608 2386 7 6 7 8 12 17 21 23
4162 3102 6 6 7 8 12 17 21
5334 4556 6 6 7 8 12 17 21
4494 4064 5 6 7 8 12 18
4322 3560 4 6 7 8 12
1282 2344 3 6 7 8
3830 4134 8 6 8 9 12 14 15 17 20
4232 2168 7 6 8 9 12 14 16 17
4636 2470 7 6 8 9 12 14 17 18
4462 1600 6 6 8 9 12 14 17
2456 3642 10 6 8 9 12 15 17 20 21 22 23
2576 3390 9 6 8 9 12 15 17 20 21 22
2734 2292 7 6 8 9 12 15 20 22
2914 4028 9 6 8 9 12 16 17 21 22 23
3034 3586 8 6 8 9 12 16 17 21 22
3192 4304 6 6 8 9 12 16 22
3064 2766 9 6 8 9 12 17 18 21 22 23
3182 2356 8 6 8 9 12 17 18 21 22
3342 3074 6 6 8 9 12 18 22
3500 4890 9 6 8 10 12 14 15 17 18 20
3904 1418 8 6 8 10 12 14 16 17 18
4134 2912 7 6 8 10 12 14 17 18
3946 1470 8 6 8 10 12 15 17 20 21
4348 3336 7 6 8 10 12 16 17 21
4750 4496 7 6 8 10 12 17 18 21
4578 1712 6 6 8 10 12 17 21
2718 3344 11 6 8 11 12 13 15 16 17 20 21 23
2844 5016 10 6 8 11 12 13 15 16 17 20 21
3002 2514 8 6 8 11 12 13 15 16 20
2648 2090 11 6 8 11 12 13 15 17 18 20 21 23
2566 4452 10 6 8 11 12 13 15 17 20 21 23
2806 3310 9 6 8 11 12 13 15 18 20 23
3060 4868 8 6 8 11 12 13 15 20 23
3106 2228 10 6 8 11 12 13 16 17 18 21 23
3024 3982 9 6 8 11 12 13 16 17 21 23
3264 1530 8 6 8 11 12 13 16 18 23
3518 3320 7 6 8 11 12 13 16 23
3738 4078 9 6 8 12 13 16 17 20 21 23
3864 1602 8 6 8 12 13 16 17 20 21
4022 3738 6 6 8 12 13 16 20
3668 4650 9 6 8 12 13 17 18 20 21 23
3586 2776 8 6 8 12 13 17 20 21 23
3826 2952 7 6 8 12 13 18 20 23
4080 1904 6 6 8 12 13 20 23
3072 4264 11 6 8 12 14 15 17 18 19 20 21 23
3192 528 10 6 8 12 14 15 17 18 19 20 21
3934 1136 9 6 8 12 14 15 17 18 20 23
4090 3792 8 6 8 12 14 15 17 18 20
2848 2562 9 6 8 12 14 15 17 19 20 21
3372 3452 8 6 8 12 14 15 18 19 20
3374 1936 10 6 8 12 14 16 17 18 19 21 23
3500 3382 9 6 8 12 14 16 17 18 19 21
4330 4108 8 6 8 12 14 16 17 18 23
4486 1042 7 6 8 12 14 16 17 18
3190 1656 8 6 8 12 14 16 17 19 21
3712 2336 7 6 8 12 14 16 18 19
3406 4392 9 6 8 12 14 17 18 19 21 23
2996 3446 9 6 8 12 14 17 18 19 21 23
3596 3596 8 6 8 12 14 17 18 19 21
4560 2934 7 6 8 12 14 17 18 23
4716 3760 6 6 8 12 14 17 18
3456 3172 8 6 8 12 14 17 19 21 23
3978 4448 7 6 8 12 14 18 19 23
3008 2820 10 6 8 12 15 16 17 20 21 22 23
3136 4232 9 6 8 12 15 16 17 20 21 22
3294 1370 7 6 8 12 15 16 20 22
2940 3190 10 6 8 12 15 17 18 20 21 22 23
3378 4322 9 6 8 12 15 17 18 20 21 22
2858 1012 9 6 8 12 15 17 20 21 22 23
1404 780 8 6 8 12 15 17 20 21 23
1530 2796 7 6 8 12 15 17 20 21
3098 4092 8 6 8 12 15 18 20 22 23
3538 2996 7 6 8 12 15 18 20 22
3806 1880 7 6 8 12 15 19 20 21
3352 2324 7 6 8 12 15 20 22 23
2016 2144 5 6 8 12 15 20
3398 4738 9 6 8 12 16 17 18 21 22 23
3742 1544 8 6 8 12 16 17 18 21 22
3316 1018 8 6 8 12 16 17 21 22 23
1806 3084 7 6 8 12 16 17 21 23
1926 4156 6 6 8 12 16 17 21
3556 3024 7 6 8 12 16 18 22 23
3902 2642 6 6 8 12 16 18 22
4112 2872 6 6 8 12 16 19 21
3810 3148 6 6 8 12 16 22 23
2406 4392 4 6 8 12 16
3466 4774 8 6 8 12 17 18 21 22 23
2210 1718 7 6 8 12 17 18 21 23
2336 2590 6 6 8 12 17 18 21
2378 3400 6 6 8 12 17 21 23
2276 3536 5 6 8 12 17 21
3972 4694 7 6 8 12 18 19 21 23
4572 2776 6 6 8 12 18 19 21
3958 2362 6 6 8 12 18 22 23
2642 2368 4 6 8 12 18
4226 1582 6 6 8 12 19 21 23
3062 4088 3 6 8 12
1144 4482 1 6
3564 4510 8 7 8 9 12 14 15 17 20
3966 2554 7 7 8 9 12 14 16 17
4368 2404 7 7 8 9 12 14 17 18
4196 4218 6 7 8 9 12 14 17
2190 3234 10 7 8 9 12 15 17 20 21 22 23
2308 4064 9 7 8 9 12 15 17 20 21 22
2468 3404 7 7 8 9 12 15 20 22
2648 1120 9 7 8 9 12 16 17 21 22 23
2766 3586 8 7 8 9 12 16 17 21 22
2926 2808 6 7 8 9 12 16 22
2796 3696 9 7 8 9 12 17 18 21 22 23
2916 3276 8 7 8 9 12 17 18 21 22
3074 1942 6 7 8 9 12 18 22
3234 2462 9 7 8 10 12 14 15 17 18 20
3636 1152 8 7 8 10 12 14 16 17 18
3866 3846 7 7 8 10 12 14 17 18
3678 1216 8 7 8 10 12 15 17 20 21
4080 2264 7 7 8 10 12 16 17 21
4484 4270 7 7 8 10 12 17 18 21
4312 4974 6 7 8 10 12 17 21
2450 3712 11 7 8 11 12 13 15 16 17 20 21 23
2576 1048 10 7 8 11 12 13 15 16 17 20 21
2736 4354 8 7 8 11 12 13 15 16 20
2380 4686 11 7 8 11 12 13 15 17 18 20 21 23
2300 1412 10 7 8 11 12 13 15 17 20 21 23
2540 4130 9 7 8 11 12 13 15 18 20 23
2794 4620 8 7 8 11 12 13 15 20 23
2838 3674 10 7 8 11 12 13 16 17 18 21 23
2758 3878 9 7 8 11 12 13 16 17 21 23
2998 3640 8 7 8 11 12 13 16 18 23
3252 4076 7 7 8 11 12 13 16 23
3470 3322 9 7 8 12 13 16 17 20 21 23
3596 3878 8 7 8 12 13 16 17 20 21
3756 868 6 7 8 12 13 16 20
3400 2328 9 7 8 12 13 17 18 20 21 23
3320 3756 8 7 8 12 13 17 20 21 23
3560 3476 7 7 8 12 13 18 20 23
3812 3722 6 7 8 12 13 20 23
2806 3162 11 7 8 12 14 15 17 18 19 20 21 23
2926 4276 10 7 8 12 14 15 17 18 19 20 21
3668 4888 9 7 8 12 14 15 17 18 20 23
3822 2232 8 7 8 12 14 15 17 18 20
2582 1688 9 7 8 12 14 15 17 19 20 21
3104 5800 8 7 8 12 14 15 18 19 20
3106 3872 10 7 8 12 14 16 17 18 19 21 23
3234 1852 9 7 8 12 14 16 17 18 19 21
4064 4982 8 7 8 12 14 16 17 18 23
4218 4656 7 7 8 12 14 16 17 18
2922 4668 8 7 8 12 14 16 17 19 21
3446 2978 7 7 8 12 14 16 18 19
3346 1828 9 7 8 12 14 17 18 19 21 23
2728 3864 9 7 8 12 14 17 18 19 21 23
3328 3840 8 7 8 12 14 17 18 19 21
4294 3442 7 7 8 12 14 17 18 23
4448 2958 6 7 8 12 14 17 18
3190 4226 8 7 8 12 14 17 19 21 23
3712 1938 7 7 8 12 14 18 19 23
2742 1054 10 7 8 12 15 16 17 20 21 22 23
2868 3286 9 7 8 12 15 16 17 20 21 22
3028 4602 7 7 8 12 15 16 20 22
2672 2674 10 7 8 12 15 17 18 20 21 22 23
3112 3500 9 7 8 12 15 17 18 20 21 22
2592 4162 9 7 8 12 15 17 20 21 22 23
4088 3300 8 7 8 12 15 17 20 21 23
1138 3868 8 7 8 12 15 17 20 21 23
1264 2854 7 7 8 12 15 17 20 21
2832 1994 8 7 8 12 15 18 20 22 23
3270 4556 7 7 8 12 15 18 20 22
3538 2806 7 7 8 12 15 19 20 21
3084 1540 7 7 8 12 15 20 22 23
1750 4302 5 7 8 12 15 20
3130 2928 9 7 8 12 16 17 18 21 22 23
3476 1606 8 7 8 12 16 17 18 21 22
3048 2232 8 7 8 12 16 17 21 22 23
1540 3714 7 7 8 12 16 17 21 23
1660 1214 6 7 8 12 16 17 21
3290 1866 7 7 8 12 16 18 22 23
3634 3548 6 7 8 12 16 18 22
3846 2848 6 7 8 12 16 19 21
3542 3436 6 7 8 12 16 22 23
2138 4662 4 7 8 12 16
3198 2154 8 7 8 12 17 18 21 22 23
1942 700 7 7 8 12 17 18 21 23
2068 2514 6 7 8 12 17 18 21
2110 3060 6 7 8 12 17 21 23
4734 2710 6 7 8 12 17 21 23
2010 2366 5 7 8 12 17 21
2184 3072 5 7 8 12 17 21
3706 4112 7 7 8 12 18 19 21 23
4306 3160 6 7 8 12 18 19 21
3692 2744 6 7 8 12 18 22 23
2374 3992 4 7 8 12 18
3960 3136 6 7 8 12 19 21 23
2796 3192 3 7 8 12
838 4774 1 7
1936 2024 12 9 10 11 13 14 15 16 17 19 20 21 22
2470 168 11 9 10 11 13 14 15 16 18 19 20 22
1592 4224 13 9 10 11 13 14 15 17 18 19 20 21 22 23
2294 3382 12 9 10 11 13 14 15 17 19 20 21 22 23
2828 3354 11 9 10 11 13 14 15 18 19 20 22 23
1956 5138 12 9 10 11 13 14 16 17 18 19 21 22 23
2658 536 11 9 10 11 13 14 16 17 19 21 22 23
3192 1080 10 9 10 11 13 14 16 18 19 22 23
2914 1574 10 9 10 11 13 15 16 19 20 21 22
2570 4488 11 9 10 11 13 15 18 19 20 21 22 23
3272 4246 10 9 10 11 13 15 19 20 21 22 23
1810 2554 7 9 10 11 13 15 20 22
2934 3836 10 9 10 11 13 16 18 19 21 22 23
3690 2946 9 9 10 11 13 16 19 21 22 23
3636 4734 9 9 10 11 13 16 19 21 22 23
2228 3088 6 9 10 11 13 16 22
5174 3340 6 9 10 11 13 16 22
3842 1158 9 9 10 11 13 18 19 21 22 23
1828 1536 7 9 10 11 13 18 22 23
4736 1746 7 9 10 11 13 18 22 23
2530 4022 6 9 10 11 13 22 23
5366 2388 6 9 10 11 13 22 23
2912 4260 10 9 10 11 14 15 16 17 19 21 22
3444 1584 9 9 10 11 14 15 16 18 19 22
3270 4436 10 9 10 11 14 15 17 19 21 22 23
3804 2844 9 9 10 11 14 15 18 19 22 23
3888 2600 8 9 10 11 15 16 19 21 22
4246 1152 8 9 10 11 15 19 21 22 23
2784 3902 5 9 10 11 15 22
3018 1162 9 9 10 12 14 15 17 18 20 22
3476 2300 8 9 10 12 14 16 17 18 22
3464 2702 8 9 10 12 15 17 20 21 22
3922 1936 7 9 10 12 16 17 21 22
4070 3538 7 9 10 12 17 18 21 22
3012 4080 10 9 10 13 14 16 17 19 20 21 22
3546 1862 9 9 10 13 14 16 18 19 20 22
2612 3314 11 9 10 13 14 17 18 19 20 21 22 23
3314 986 10 9 10 13 14 17 19 20 21 22 23
3848 2294 9 9 10 13 14 18 19 20 22 23
3988 3020 8 9 10 13 16 19 20 21 22
3590 4892 9 9 10 13 18 19 20 21 22 23
4292 5220 8 9 10 13 19 20 21 22 23
930 1388 9 9 10 14 15 17 19 20 21 22
3458 1144 9 9 10 14 15 17 19 20 21 22
3992 4922 8 9 10 14 15 18 19 20 22
1158 2916 8 9 10 14 15 18 19 20 22
4102 3028 8 9 10 14 15 18 19 20 22
4560 4508 7 9 10 14 15 19 20 22
3934 4368 8 9 10 14 16 17 19 21 22
1148 5328 8 9 10 14 16 17 19 21 22
1520 3082 7 9 10 14 16 18 19 22
4356 2308 7 9 10 14 16 18 19 22
4868 3572 6 9 10 14 16 19 22
3608 3550 9 9 10 14 17 18 19 21 22 23
970 4546 9 9 10 14 17 18 19 21 22 23
1354 2828 8 9 10 14 17 18 19 21 22
4028 3616 8 9 10 14 17 18 19 21 22
4310 2738 8 9 10 14 17 19 21 22 23
1506 3404 8 9 10 14 17 19 21 22 23
5104 3564 7 9 10 14 17 19 21 22
1880 3164 7 9 10 14 18 19 22 23
4226 3074 7 9 10 14 18 19 22 23
5328 4388 6 9 10 14 18 19 22
4982 2294 6 9 10 14 19 22 23
4434 3476 7 9 10 15 19 20 21 22
1600 4682 7 9 10 15 19 20 21 22
1964 1322 6 9 10 16 19 21 22
1620 3294 7 9 10 18 19 21 22 23
4528 3018 7 9 10 18 19 21 22 23
2170 2208 6 9 10 18 19 21 22
550 2546 4 9 10 18 22
2938 970 4 9 10 18 22
2322 3538 6 9 10 19 21 22 23
952 2546 3 9 10 22
3616 486 9 9 11 12 13 14 15 16 17 20
3420 952 10 9 11 12 13 14 15 17 18 20 23
3674 3252 9 9 11 12 13 14 15 17 20 23
3878 930 9 9 11 12 13 14 16 17 18 23
4132 3940 8 9 11 12 13 14 16 17 23
2298 2366 11 9 11 12 13 15 16 17 20 21 22 23
2416 2674 10 9 11 12 13 15 16 17 20 21 22
2614 4024 8 9 11 12 13 15 16 20 22
2018 3722 11 9 11 12 13 15 17 18 20 21 22 23
2720 2768 10 9 11 12 13 15 17 20 21 22 23
2264 3656 9 9 11 12 13 15 18 20 22 23
2966 5334 8 9 11 12 13 15 20 22 23
2476 2850 10 9 11 12 13 16 17 18 21 22 23
3178 5184 9 9 11 12 13 16 17 21 22 23
2634 2428 8 9 11 12 13 16 18 22 23
3336 1328 7 9 11 12 13 16 22 23
3310 1698 9 9 11 12 15 16 17 21 22 23
3430 858 8 9 11 12 15 16 17 21 22
3590 3530 6 9 11 12 15 16 22
2924 2086 12 9 11 13 14 15 16 17 19 20 21 22 23
2366 2144 12 9 11 13 14 15 16 17 19 20 21 22 23
2486 3308 11 9 11 13 14 15 16 17 19 20 21 22
3016 3398 11 9 11 13 14 15 16 18 19 20 22 23
3016 2496 11 9 11 13 14 15 16 18 19 20 22 23
2904 2830 11 9 11 13 14 15 16 18 19 20 22 23
3060 2882 10 9 11 13 14 15 16 18 19 20 22
3418 3922 10 9 11 13 14 15 16 19 20 22 23
3418 3856 10 9 11 13 14 15 16 19 20 22 23
3472 1904 10 9 11 13 14 15 16 19 20 22 23
4590 5032 8 9 11 13 14 15 16 19 20
4698 4082 8 9 11 13 14 15 16 19 20
1754 2322 8 9 11 13 14 15 16 19 20
2142 830 12 9 11 13 14 15 17 18 19 20 21 22 23
2844 4726 11 9 11 13 14 15 17 19 20 21 22 23
1438 2614 10 9 11 13 14 15 17 19 20 21 23
4152 2796 10 9 11 13 14 15 17 19 20 21 23
3418 2252 10 9 11 13 14 15 18 19 20 22 23
3418 5212 10 9 11 13 14 15 18 19 20 22 23
1558 3742 9 9 11 13 14 15 18 19 20 23
4392 4716 9 9 11 13 14 15 18 19 20 23
2020 3252 8 9 11 13 14 15 19 20 23
2506 1754 11 9 11 13 14 16 17 18 19 21 22 23
3208 3044 10 9 11 13 14 16 17 19 21 22 23
1682 2578 9 9 11 13 14 16 17 19 21 23
4640 5162 9 9 11 13 14 16 17 19 21 23
3836 1652 9 9 11 13 14 16 18 19 22 23
3782 3944 9 9 11 13 14 16 18 19 22 23
1922 2694 8 9 11 13 14 16 18 19 23
4868 3178 8 9 11 13 14 16 18 19 23
5010 3034 7 9 11 13 14 16 19 23
2176 3532 7 9 11 13 14 16 19 23
2470 3574 7 9 11 13 14 16 19 23
3366 2586 10 9 11 13 15 16 19 20 21 22 23
3342 2546 10 9 11 13 15 16 19 20 21 22 23
4738 2288 7 9 11 13 15 16 20 22
1904 3888 7 9 11 13 15 16 20 22
1994 4070 7 9 11 13 15 16 20 22
4336 4206 9 9 11 13 15 17 20 21 22 23
1502 3676 9 9 11 13 15 17 20 21 22 23
3548 2844 10 9 11 13 15 18 19 20 21 22 23
1530 2418 8 9 11 13 15 18 20 22 23
4686 4040 8 9 11 13 15 18 20 22 23
1742 2672 8 9 11 13 15 18 20 22 23
2232 3192 7 9 11 13 15 20 22 23
4830 4982 7 9 11 13 15 20 22 23
2232 3666 7 9 11 13 15 20 22 23
1996 3060 7 9 11 13 15 20 22 23
1922 3668 8 9 11 13 16 17 21 22 23
4868 3776 8 9 11 13 16 17 21 22 23
3936 3194 9 9 11 13 16 18 19 21 22 23
1924 3818 7 9 11 13 16 18 22 23
4996 4134 7 9 11 13 16 18 22 23
2162 3264 7 9 11 13 16 18 22 23
5362 3908 6 9 11 13 16 22 23
2626 5090 6 9 11 13 16 22 23
2414 1610 6 9 11 13 16 22 23
3340 2578 10 9 11 14 15 16 17 19 21 22 23
3460 4362 9 9 11 14 15 16 17 19 21 22
3878 4454 9 9 11 14 15 16 18 19 22 23
4034 4306 8 9 11 14 15 16 18 19 22
4392 4868 8 9 11 14 15 16 19 22 23
3818 1780 9 9 11 14 15 17 19 21 22 23
4392 1282 8 9 11 14 15 18 19 22 23
4318 3690 8 9 11 15 16 19 21 22 23
2878 772 5 9 11 15 16 22
3206 2882 5 9 11 15 22 23
4636 2232 7 9 12 13 14 16 17 20
4440 4578 8 9 12 13 14 17 18 20 23
4694 6048 7 9 12 13 14 17 20 23
3318 4576 9 9 12 13 16 17 20 21 22 23
3436 1660 8 9 12 13 16 17 20 21 22
3596 498 6 9 12 13 16 20 22
3038 4024 9 9 12 13 17 18 20 21 22 23
3740 4090 8 9 12 13 17 20 21 22 23
3196 3998 7 9 12 13 18 20 22 23
3898 2188 6 9 12 13 20 22 23
3908 5008 8 9 12 14 15 16 17 20 22
2590 1892 11 9 12 14 15 17 18 19 20 21 22 23
2710 4038 10 9 12 14 15 17 18 19 20 21 22
3452 3008 9 9 12 14 15 17 18 20 22 23
3608 4246 8 9 12 14 15 17 18 20 22
2586 2134 9 9 12 14 15 17 19 20 21 22
3760 3590 9 9 12 14 15 17 19 20 21 23
4382 2020 8 9 12 14 15 17 19 20 21
3964 3346 8 9 12 14 15 17 20 22 23
2302 4392 6 9 12 14 15 17 20
3108 4122 8 9 12 14 15 18 19 20 22
2954 4250 10 9 12 14 16 17 18 19 21 22 23
3074 2218 9 9 12 14 16 17 18 19 21 22
3910 2580 8 9 12 14 16 17 18 22 23
4066 3732 7 9 12 14 16 17 18 22
2802 3856 8 9 12 14 16 17 19 21 22
4164 2998 8 9 12 14 16 17 19 21 23
4726 5036 7 9 12 14 16 17 19 21
4422 838 7 9 12 14 16 17 22 23
2698 1440 5 9 12 14 16 17
3326 3458 7 9 12 14 16 18 19 22
2626 4196 9 9 12 14 17 18 19 21 22 23
3008 4462 8 9 12 14 17 18 19 21 22
4566 4266 8 9 12 14 17 18 19 21 23
5186 1832 7 9 12 14 17 18 19 21
4572 2758 7 9 12 14 17 18 22 23
3108 926 5 9 12 14 17 18
3160 3406 8 9 12 14 17 19 21 22 23
4400 1862 7 9 12 14 17 19 21 23
4394 1850 7 9 12 14 17 19 21 23
5016 3958 6 9 12 14 17 19 21
2928 5098 4 9 12 14 17
3684 1558 7 9 12 14 18 19 22 23
3872 5304 8 9 12 15 17 20 21 22 23
1096 2346 8 9 12 15 17 20 21 22 23
3992 3806 7 9 12 15 17 20 21 22
1048 4100 7 9 12 15 17 20 21 22
3322 3430 7 9 12 15 19 20 21 22
1780 2742 5 9 12 15 20 22
4220 3590 7 9 12 16 17 21 22 23
1380 3538 7 9 12 16 17 21 22 23
4346 3534 7 9 12 16 17 21 22 23
1506 1192 6 9 12 16 17 21 22
3686 1996 6 9 12 16 19 21 22
2018 3556 4 9 12 16 22
1530 1888 7 9 12 17 18 21 22 23
4496 4636 7 9 12 17 18 21 22 23
1656 2506 6 9 12 17 18 21 22
4576 4006 6 9 12 17 21 22 23
3342 2772 7 9 12 18 19 21 22 23
3892 1354 6 9 12 18 19 21 22
2168 4356 4 9 12 18 22
4044 4696 6 9 12 19 21 22 23
3442 3158 10 9 13 14 16 17 19 20 21 22 23
3944 2062 10 9 13 14 16 17 19 20 21 22 23
3560 5186 9 9 13 14 16 17 19 20 21 22
3980 4476 9 9 13 14 16 18 19 20 22 23
4036 1904 9 9 13 14 16 18 19 20 22 23
4134 1500 8 9 13 14 16 18 19 20 22
4436 3608 8 9 13 14 16 19 20 22 23
2768 1254 6 9 13 14 16 19 20
3162 3596 10 9 13 14 17 18 19 20 21 22 23
3864 4502 9 9 13 14 17 19 20 21 22 23
2338 4608 8 9 13 14 17 19 20 21 23
4438 4456 8 9 13 14 18 19 20 22 23
2578 2858 7 9 13 14 18 19 20 23
2832 4090 6 9 13 14 19 20 23
4364 2168 8 9 13 16 19 20 21 22 23
2952 3418 5 9 13 16 20 22
2522 4560 7 9 13 17 20 21 22 23
4824 2926 8 9 13 18 19 20 21 22 23
2762 2556 6 9 13 18 20 22 23
3016 2406 5 9 13 20 22 23
2046 3530 7 9 14 15 16 19 20 22
4880 4572 7 9 14 15 16 19 20 22
2040 1926 7 9 14 15 16 19 20 22
4656 2138 7 9 14 15 16 19 20 22
4016 2378 9 9 14 15 17 19 20 21 22 23
4444 4222 9 9 14 15 17 19 20 21 22 23
3996 4226 9 9 14 15 17 19 20 21 22 23
1046 296 9 9 14 15 17 19 20 21 22 23
1172 3034 8 9 14 15 17 19 20 21 22
1584 3470 8 9 14 15 18 19 20 22 23
1850 1922 8 9 14 15 18 19 20 22 23
1702 3554 8 9 14 15 18 19 20 22 23
4436 1948 8 9 14 15 18 19 20 22 23
4608 3934 8 9 14 15 18 19 20 22 23
1740 3016 7 9 14 15 18 19 20 22
4938 730 7 9 14 15 19 20 22 23
2404 1170 7 9 14 15 19 20 22 23
5362 3292 7 9 14 15 19 20 22 23
2190 3630 7 9 14 15 19 20 22 23
1002 1380 5 9 14 15 19 20
1410 3418 8 9 14 16 17 19 21 22 23
1974 4726 8 9 14 16 17 19 21 22 23
4380 3636 8 9 14 16 17 19 21 22 23
4382 3756 8 9 14 16 17 19 21 22 23
4576 2500 8 9 14 16 17 19 21 22 23
4482 2040 7 9 14 16 17 19 21 22
1536 3826 7 9 14 16 17 19 21 22
4822 3782 7 9 14 16 18 19 22 23
1948 3112 7 9 14 16 18 19 22 23
4902 4734 7 9 14 16 18 19 22 23
4694 3342 6 9 14 16 18 19 22
2610 156 6 9 14 16 18 19 22
2104 1924 6 9 14 16 18 19 22
2762 2362 6 9 14 16 19 22 23
2468 3904 6 9 14 16 19 22 23
1344 2380 4 9 14 16 19
1192 4602 8 9 14 17 18 19 21 22 23
4774 532 8 9 14 17 18 19 21 22 23
4456 3898 8 9 14 17 18 19 21 22 23
1616 5650 8 9 14 17 18 19 21 22 23
1742 5010 7 9 14 17 18 19 21 22
1894 3326 7 9 14 17 19 21 22 23
3204 2626 6 9 14 17 19 21 23
1036 3994 6 9 14 17 19 21 23
1444 3924 5 9 14 17 19 21
5426 3992 6 9 14 18 19 22 23
2674 4134 6 9 14 18 19 22 23
2462 2226 6 9 14 18 19 22 23
1036 4850 5 9 14 18 19 23
1636 3232 4 9 14 18 19
1610 3528 4 9 14 19 23
2024 2888 7 9 15 19 20 21 22 23
4922 1938 7 9 15 19 20 21 22 23
700 2176 4 9 15 20 22
772 2760 4 9 15 20 22
2386 1812 6 9 16 19 21 22 23
2388 3044 6 9 16 19 21 22 23
1108 4386 3 9 16 22
780 1138 5 9 17 21 22 23
3510 3732 5 9 17 21 22 23
2592 4258 6 9 18 19 21 22 23
2854 4054 6 9 18 19 21 22 23
670 1974 4 9 18 22 23
892 3016 4 9 18 22 23
3490 2272 4 9 18 22 23
1106 4778 3 9 18 22
1380 1784 3 9 22 23
1422 2018 3 9 22 23
456 5104 1 9
3286 2582 10 10 11 12 13 14 15 16 17 18 20
3344 1536 10 10 11 12 13 14 15 17 18 20 23
3802 1314 9 10 11 12 13 14 16 17 18 23
3732 3456 9 10 11 12 13 15 16 17 20 21
3536 3932 10 10 11 12 13 15 17 18 20 21 23
3790 2414 9 10 11 12 13 15 17 20 21 23
4090 3946 9 10 11 12 13 15 17 20 21 23
3994 3236 9 10 11 12 13 16 17 18 21 23
4246 3608 8 10 11 12 13 16 17 21 23
4888 1262 8 10 11 12 13 17 18 21 23
4716 3804 7 10 11 12 13 17 21 23
2152 2610 13 10 11 13 14 15 16 17 18 19 20 21 22 23
2152 2762 13 10 11 13 14 15 16 17 18 19 20 21 22 23
2300 4736 13 10 11 13 14 15 16 17 18 19 20 21 22 23
2702 1922 12 10 11 13 14 15 16 17 18 19 20 21 22
2554 3172 12 10 11 13 14 15 16 17 19 20 21 22 23
2854 3272 12 10 11 13 14 15 16 17 19 20 21 22 23
2554 2300 12 10 11 13 14 15 16 17 19 20 21 22 23
2854 3426 12 10 11 13 14 15 16 17 19 20 21 22 23
1018 2900 10 10 11 13 14 15 16 17 19 20 21
3856 1026 10 10 11 13 14 15 16 17 19 20 21
3088 3590 11 10 11 13 14 15 16 18 19 20 22 23
3088 2802 11 10 11 13 14 15 16 18 19 20 22 23
1426 1284 9 10 11 13 14 15 16 18 19 20
4386 1702 9 10 11 13 14 15 16 18 19 20
2760 4550 12 10 11 13 14 15 17 18 19 20 21 22 23
3948 2830 11 10 11 13 14 15 17 18 19 20 21 23
1042 2302 11 10 11 13 14 15 17 18 19 20 21 23
1136 3048 11 10 11 13 14 15 17 18 19 20 21 23
3894 2360 10 10 11 13 14 15 17 19 20 21 23
1376 1592 10 10 11 13 14 15 17 19 20 21 23
1784 2068 9 10 11 13 14 15 18 19 20 23
1716 4416 9 10 11 13 14 15 18 19 20 23
3178 1126 11 10 11 13 14 16 17 18 19 21 22 23
1152 1046 10 10 11 13 14 16 17 18 19 21 23
1152 2714 10 10 11 13 14 16 17 18 19 21 23
4024 3750 10 10 11 13 14 16 17 18 19 21 23
4276 3834 9 10 11 13 14 16 17 19 21 23
1626 2966 9 10 11 13 14 16 17 19 21 23
5056 3866 8 10 11 13 14 16 18 19 23
1846 1036 8 10 11 13 14 16 18 19 23
2140 1636 8 10 11 13 14 16 18 19 23
4974 2024 9 10 11 13 14 17 18 19 21 23
4982 1316 9 10 11 13 14 17 18 19 21 23
3074 2300 11 10 11 13 15 16 18 19 20 21 22 23
3276 1132 11 10 11 13 15 16 18 19 20 21 22 23
3020 956 11 10 11 13 15 16 18 19 20 21 22 23
3678 1120 10 10 11 13 15 16 18 19 20 21 22
1606 4310 8 10 11 13 15 16 18 20 22
4556 2924 8 10 11 13 15 16 18 20 22
3832 2614 10 10 11 13 15 16 19 20 21 22 23
3530 2626 10 10 11 13 15 16 19 20 21 22 23
3586 3802 10 10 11 13 15 16 19 20 21 22 23
3776 1096 10 10 11 13 15 16 19 20 21 22 23
3530 3518 10 10 11 13 15 16 19 20 21 22 23
4812 4184 8 10 11 13 15 16 19 20 21
1862 4334 8 10 11 13 15 16 19 20 21
2362 2486 7 10 11 13 15 16 20 22
5312 4080 7 10 11 13 15 16 20 22
2362 5978 7 10 11 13 15 16 20 22
4134 3420 10 10 11 13 15 17 18 20 21 22 23
1170 4756 10 10 11 13 15 17 18 20 21 22 23
1926 3998 9 10 11 13 15 17 20 21 22 23
4890 2050 9 10 11 13 15 17 20 21 22 23
3736 1516 10 10 11 13 15 18 19 20 21 22 23
4038 2786 10 10 11 13 15 18 19 20 21 22 23
1672 4938 9 10 11 13 15 18 19 20 21 23
2026 3832 8 10 11 13 15 18 20 22 23
4614 1422 8 10 11 13 15 18 20 22 23
1970 4380 8 10 11 13 15 18 20 22 23
1670 3490 8 10 11 13 15 18 20 22 23
1926 456 8 10 11 13 15 19 20 21 23
2226 3748 8 10 11 13 15 19 20 21 23
2426 4344 7 10 11 13 15 20 22 23
818 4418 5 10 11 13 15 20
1588 3144 9 10 11 13 16 17 18 21 22 23
4542 1172 9 10 11 13 16 17 18 21 22 23
2346 2954 8 10 11 13 16 17 21 22 23
2346 2722 8 10 11 13 16 17 21 22 23
4156 1040 9 10 11 13 16 18 19 21 22 23
4400 2762 9 10 11 13 16 18 19 21 22 23
4982 1810 8 10 11 13 16 18 19 21 23
2036 2924 8 10 11 13 16 18 19 21 23
2382 3804 7 10 11 13 16 18 22 23
2592 4400 7 10 11 13 16 18 22 23
2328 3196 7 10 11 13 16 18 22 23
2090 3908 7 10 11 13 16 18 22 23
5036 3596 7 10 11 13 16 18 22 23
2290 1444 7 10 11 13 16 19 21 23
2584 3002 7 10 11 13 16 19 21 23
2846 4390 6 10 11 13 16 22 23
6048 2710 6 10 11 13 16 22 23
1214 2454 4 10 11 13 16
846 1964 6 10 11 13 17 21 23
2994 4364 7 10 11 13 18 19 21 23
952 3952 5 10 11 13 18 23
1426 2994 4 10 11 13 23
3274 2570 11 10 11 14 15 16 17 18 19 21 22 23
3528 3996 10 10 11 14 15 16 17 19 21 22 23
4062 2614 9 10 11 14 15 16 18 19 22 23
4252 3278 9 10 11 15 16 18 19 21 22 23
4504 2592 8 10 11 15 16 19 21 22 23
3336 1750 5 10 11 15 16 22
2900 3980 7 10 11 15 17 21 22 23
5210 1900 8 10 11 15 18 19 21 22 23
3148 1572 6 10 11 15 18 22 23
3400 4630 5 10 11 15 22 23
4306 4062 8 10 12 13 14 16 17 18 20
4364 3088 8 10 12 13 14 17 18 20 23
4752 5362 7 10 12 13 16 17 20 21
4556 2184 8 10 12 13 17 18 20 21 23
4808 2592 7 10 12 13 17 20 21 23
3578 3374 9 10 12 14 15 16 17 18 20 22
3432 3342 10 10 12 14 15 17 18 19 20 21 23
4040 4444 9 10 12 14 15 17 18 19 20 21
4054 3064 9 10 12 14 15 17 18 19 20 21
3636 3208 9 10 12 14 15 17 18 20 22 23
1974 4212 7 10 12 14 15 17 18 20
3840 3310 9 10 12 14 16 17 18 19 21 23
3834 2832 9 10 12 14 16 17 18 19 21 23
4388 1682 8 10 12 14 16 17 18 19 21
4442 4400 8 10 12 14 16 17 18 19 21
4094 3266 8 10 12 14 16 17 18 22 23
2370 3834 6 10 12 14 16 17 18
4070 3106 8 10 12 14 17 18 19 21 23
4064 4080 8 10 12 14 17 18 19 21 23
4672 4050 7 10 12 14 17 18 19 21
2600 3098 5 10 12 14 17 18
4022 2992 8 10 12 15 16 17 20 21 22
3618 4614 9 10 12 15 17 18 20 21 22 23
4266 2468 8 10 12 15 17 18 20 21 22
4080 562 8 10 12 15 17 20 21 22 23
2418 5874 6 10 12 15 17 20 21
4020 4012 8 10 12 16 17 18 21 22 23
4026 1166 8 10 12 16 17 18 21 22 23
4630 856 7 10 12 16 17 18 21 22
4538 4608 7 10 12 16 17 21 22 23
2814 5426 5 10 12 16 17 21
4250 5366 7 10 12 17 18 21 22 23
3224 840 5 10 12 17 18 21
5008 3578 6 10 12 17 21 22 23
3044 818 4 10 12 17 21
3172 4434 11 10 13 14 16 17 18 19 20 21 22 23
3172 4812 11 10 13 14 16 17 18 19 20 21 22 23
3722 4982 10 10 13 14 16 17 18 19 20 21 22
3630 2192 10 10 13 14 16 17 19 20 21 22 23
3574 1102 10 10 13 14 16 17 19 20 21 22 23
1904 3848 8 10 13 14 16 17 19 20 21
4108 2648 9 10 13 14 16 18 19 20 22 23
2438 5100 7 10 13 14 16 18 19 20
3780 2810 10 10 13 14 17 18 19 20 21 22 23
2002 564 9 10 13 14 17 18 19 20 21 23
4968 2914 9 10 13 14 17 18 19 20 21 23
1716 3618 9 10 13 14 17 18 19 20 21 23
1996 2526 8 10 13 14 17 19 20 21 23
2502 3780 7 10 13 14 18 19 20 23
4038 2582 9 10 13 16 18 19 20 21 22 23
4148 3446 9 10 13 16 18 19 20 21 22 23
4698 1608 8 10 13 16 18 19 20 21 22
2626 3366 6 10 13 16 18 20 22
4550 4822 8 10 13 16 19 20 21 22 23
4850 4102 8 10 13 16 19 20 21 22 23
2882 1852 6 10 13 16 19 20 21
3382 3688 5 10 13 16 20 22
2190 3790 8 10 13 17 18 20 21 22 23
2946 2952 7 10 13 17 20 21 22 23
4756 3038 8 10 13 18 19 20 21 22 23
2692 3822 7 10 13 18 19 20 21 23
2690 2170 6 10 13 18 20 22 23
5650 2046 6 10 13 18 20 22 23
2946 3182 6 10 13 19 20 21 23
3446 2576 5 10 13 20 22 23
1476 2946 9 10 14 15 16 17 19 20 21 22
1296 2016 9 10 14 15 16 17 19 20 21 22
4130 4996 9 10 14 15 16 17 19 20 21 22
1718 4296 8 10 14 15 16 18 19 20 22
1710 2720 8 10 14 15 16 18 19 20 22
1120 2104 10 10 14 15 17 18 19 20 21 22 23
3750 2718 10 10 14 15 17 18 19 20 21 22 23
3748 3272 10 10 14 15 17 18 19 20 21 22 23
1502 1264 9 10 14 15 17 18 19 20 21 22
1654 1506 9 10 14 15 17 19 20 21 22 23
1688 2540 9 10 14 15 17 19 20 21 22 23
498 3546 7 10 14 15 17 19 20 21
1888 4528 8 10 14 15 18 19 20 22 23
2076 4400 8 10 14 15 18 19 20 22 23
700 3806 6 10 14 15 18 19 20
1418 2952 9 10 14 16 17 18 19 21 22 23
4112 3410 9 10 14 16 17 18 19 21 22 23
1516 1096 9 10 14 16 17 18 19 21 22 23
1900 3342 8 10 14 16 17 18 19 21 22
1904 3490 8 10 14 16 17 19 21 22 23
4568 3756 8 10 14 16 17 19 21 22 23
840 4348 6 10 14 16 17 19 21
2432 1434 7 10 14 16 18 19 22 23
5098 1136 7 10 14 16 18 19 22 23
2138 1002 7 10 14 16 18 19 22 23
1040 3336 5 10 14 16 18 19
2110 1578 8 10 14 17 18 19 21 22 23
4774 3676 8 10 14 17 18 19 21 22 23
2710 5308 7 10 14 17 18 19 21 23
5668 2832 7 10 14 17 18 19 21 23
532 3418 7 10 14 17 18 19 21 23
2992 1948 7 10 14 17 18 19 21 23
1132 2788 6 10 14 17 18 19 21
3608 3084 6 10 14 17 18 19 21
1106 3636 6 10 14 17 19 21 23
1306 3120 5 10 14 18 19 23
2154 3728 7 10 15 16 19 20 21 22
1762 1816 8 10 15 18 19 20 21 22 23
1816 700 8 10 15 18 19 20 21 22 23
4726 2762 8 10 15 18 19 20 21 22 23
2366 1710 7 10 15 18 19 20 21 22
700 3842 5 10 15 18 20 22
2218 3960 7 10 15 19 20 21 22 23
2518 4806 7 10 15 19 20 21 22 23
548 1108 5 10 15 19 20 21
1102 2338 4 10 15 20 22
5090 2110 7 10 16 18 19 21 22 23
2062 2762 7 10 16 18 19 21 22 23
2172 4590 7 10 16 18 19 21 22 23
2328 1106 7 10 16 18 19 21 22 23
2722 3510 6 10 16 18 19 21 22
1096 5362 4 10 16 18 22
2580 2476 6 10 16 19 21 22 23
856 1412 4 10 16 19 21
1500 2854 3 10 16 22
3178 4694 6 10 17 18 21 22 23
706 2018 6 10 17 18 21 22 23
1110 2888 5 10 17 21 22 23
168 4888 3 10 17 21
2786 4220 6 10 18 19 21 22 23
716 3224 5 10 18 19 21 23
1316 2804 4 10 18 19 21
1224 2702 4 10 18 22 23
156 3692 2 10 18
1050 1654 4 10 19 21 23
1710 3104 3 10 22 23
662 4964 1 10
2852 4066 12 11 12 13 14 15 16 17 18 19 20 21 23
2978 670 11 11 12 13 14 15 16 17 18 19 20 21
3714 3432 10 11 12 13 14 15 16 17 18 20 23
3868 1426 9 11 12 13 14 15 16 17 18 20
2674 2626 10 11 12 13 14 15 16 17 19 20 21
3196 1506 9 11 12 13 14 15 16 18 19 20
2698 2334 11 11 12 13 14 15 17 18 19 20 21 23
3114 4778 11 11 12 13 14 15 17 18 19 20 21 23
3932 3678 9 11 12 13 14 15 17 18 20 23
3032 4702 10 11 12 13 14 15 17 19 20 21 23
3556 3868 9 11 12 13 14 15 18 19 20 23
3224 1074 10 11 12 13 14 16 17 18 19 21 23
2808 3684 10 11 12 13 14 16 17 18 19 21 23
4390 3578 8 11 12 13 14 16 17 18 23
3282 1458 9 11 12 13 14 16 17 19 21 23
3804 4070 8 11 12 13 14 16 18 19 23
2578 724 11 11 12 13 15 16 17 18 20 21 22 23
2672 1926 11 11 12 13 15 16 17 18 20 21 22 23
3164 4088 10 11 12 13 15 16 17 18 20 21 22
2738 1588 10 11 12 13 15 16 17 20 21 22 23
2820 1806 10 11 12 13 15 16 17 20 21 22 23
2712 4022 10 11 12 13 15 16 17 20 21 22 23
1470 4306 9 11 12 13 15 16 17 20 21 23
4134 1106 9 11 12 13 15 16 17 20 21 23
1284 1262 9 11 12 13 15 16 17 20 21 23
1370 2996 8 11 12 13 15 16 17 20 21
4260 2592 8 11 12 13 15 16 17 20 21
2810 2124 9 11 12 13 15 16 18 20 22 23
2830 1576 9 11 12 13 15 16 18 20 22 23
3324 2090 8 11 12 13 15 16 18 20 22
2882 2992 9 11 12 13 15 16 19 20 21 23
3590 1530 8 11 12 13 15 16 19 20 21
3232 2794 8 11 12 13 15 16 20 22 23
3232 1926 8 11 12 13 15 16 20 22 23
3532 3970 8 11 12 13 15 16 20 22 23
1890 638 6 11 12 13 15 16 20
4418 548 6 11 12 13 15 16 20
2888 182 10 11 12 13 15 17 18 20 21 22 23
4602 4330 9 11 12 13 15 17 18 20 21 23
1120 4094 9 11 12 13 15 17 18 20 21 23
4596 4422 9 11 12 13 15 17 18 20 21 23
1580 1426 8 11 12 13 15 17 20 21 23
3996 1520 8 11 12 13 15 17 20 21 23
3982 4902 8 11 12 13 15 17 20 21 23
3342 3032 9 11 12 13 15 18 19 20 21 23
3382 4156 8 11 12 13 15 18 20 22 23
1892 5222 7 11 12 13 15 18 20 23
3648 1050 8 11 12 13 15 19 20 21 23
2366 4314 6 11 12 13 15 20 23
3642 3130 9 11 12 13 16 17 18 21 22 23
3306 3794 9 11 12 13 16 17 18 21 22 23
1578 2176 8 11 12 13 16 17 18 21 23
4990 4660 8 11 12 13 16 17 18 21 23
4778 1710 7 11 12 13 16 17 21 23
1832 1620 7 11 12 13 16 17 21 23
4454 3972 7 11 12 13 16 17 21 23
1918 4382 7 11 12 13 16 17 21 23
3758 4038 8 11 12 13 16 18 19 21 23
3800 3284 7 11 12 13 16 18 22 23
2024 4134 6 11 12 13 16 18 23
4012 4318 7 11 12 13 16 19 21 23
2498 2552 5 11 12 13 16 23
3794 1502 9 11 12 15 16 17 18 21 22 23
3712 3068 8 11 12 15 16 17 21 22 23
3952 3352 7 11 12 15 16 18 22 23
4206 1790 6 11 12 15 16 22 23
2702 1148 12 11 13 14 15 16 17 18 19 20 21 22 23
2850 2698 12 11 13 14 15 16 17 18 19 20 21 22 23
2702 4756 12 11 13 14 15 16 17 18 19 20 21 22 23
3252 3378 11 11 13 14 15 16 17 18 19 20 21 22
3404 4160 11 11 13 14 15 16 17 19 20 21 22 23
3404 2096 11 11 13 14 15 16 17 19 20 21 22 23
3102 2366 11 11 13 14 15 16 17 19 20 21 22 23
1314 4990 10 11 13 14 15 16 17 19 20 21 23
4222 2290 10 11 13 14 15 16 17 19 20 21 23
4302 2298 10 11 13 14 15 16 17 19 20 21 23
1314 2190 10 11 13 14 15 16 17 19 20 21 23
1440 4566 9 11 13 14 15 16 17 19 20 21
1434 3272 9 11 13 14 15 16 17 19 20 21
3732 892 10 11 13 14 15 16 18 19 20 22 23
3676 3432 10 11 13 14 15 16 18 19 20 22 23
3676 1740 10 11 13 14 15 16 18 19 20 22 23
3970 2518 10 11 13 14 15 16 18 19 20 22 23
1852 2940 9 11 13 14 15 16 18 19 20 23
1852 3324 9 11 13 14 15 16 18 19 20 23
4756 3902 9 11 13 14 15 16 18 19 20 23
2008 2672 8 11 13 14 15 16 18 19 20
2008 4636 8 11 13 14 15 16 18 19 20
3308 1746 11 11 13 14 15 17 18 19 20 21 22 23
4530 3810 10 11 13 14 15 17 18 19 20 21 23
1572 4164 10 11 13 14 15 17 18 19 20 21 23
1244 4182 10 11 13 14 15 17 18 19 20 21 23
4682 3898 10 11 13 14 15 17 18 19 20 21 23
1544 690 9 11 13 14 15 17 19 20 21 23
2086 3174 8 11 13 14 15 18 19 20 23
3728 2612 10 11 13 14 16 17 18 19 21 22 23
4892 2156 9 11 13 14 16 17 18 19 21 23
1608 6246 9 11 13 14 16 17 18 19 21 23
5076 2010 9 11 13 14 16 17 18 19 21 23
1936 2152 9 11 13 14 16 17 18 19 21 23
1862 4036 8 11 13 14 16 17 19 21 23
2156 1670 8 11 13 14 16 17 19 21 23
2428 2190 7 11 13 14 16 18 19 23
5382 1072 7 11 13 14 16 18 19 23
2022 2450 9 11 13 15 16 17 20 21 22 23
4964 3780 9 11 13 15 16 17 20 21 22 23
2022 3584 9 11 13 15 16 17 20 21 22 23
3602 3952 10 11 13 15 16 18 19 20 21 22 23
3656 2022 10 11 13 15 16 18 19 20 21 22 23
3664 4572 10 11 13 15 16 18 19 20 21 22 23
4102 2778 10 11 13 15 16 18 19 20 21 22 23
2096 4054 8 11 13 15 16 18 20 22 23
5212 3648 8 11 13 15 16 18 20 22 23
2292 4436 8 11 13 15 16 18 20 22 23
2040 4610 8 11 13 15 16 18 20 22 23
2090 4484 8 11 13 15 16 18 20 22 23
2194 3978 7 11 13 15 16 18 20 22
5138 1314 7 11 13 15 16 18 20 22
2236 3894 8 11 13 15 16 19 20 21 23
2292 2538 8 11 13 15 16 19 20 21 23
5800 1606 7 11 13 15 16 20 22 23
2546 3720 7 11 13 15 16 20 22 23
2514 2264 7 11 13 15 16 20 22 23
2546 3008 7 11 13 15 16 20 22 23
5780 2702 7 11 13 15 16 20 22 23
2514 3040 7 11 13 15 16 20 22 23
956 4292 5 11 13 15 16 20
1758 4710 9 11 13 15 17 18 20 21 22 23
4702 3016 9 11 13 15 17 18 20 21 22 23
586 3342 7 11 13 15 17 20 21 23
2694 2076 8 11 13 15 18 19 20 21 23
2552 4716 7 11 13 15 18 20 22 23
2252 2400 7 11 13 15 18 20 22 23
692 3472 6 11 13 15 18 20 23
1166 2426 5 11 13 15 20 23
2178 3062 8 11 13 16 17 18 21 22 23
994 3634 6 11 13 16 17 21 23
3082 1726 7 11 13 16 18 19 21 23
2672 3048 6 11 13 16 18 22 23
5874 1894 6 11 13 16 18 22 23
1100 5362 5 11 13 16 18 23
1574 2154 4 11 13 16 23
3824 4034 10 11 14 15 16 17 18 19 21 22 23
4078 4328 9 11 14 15 16 17 19 21 22 23
4650 2792 8 11 14 15 16 18 19 22 23
2996 3712 7 11 15 16 17 21 22 23
5304 3438 8 11 15 16 18 19 21 22 23
3236 2530 6 11 15 16 18 22 23
3490 2330 5 11 15 16 22 23
3872 1524 10 12 13 14 16 17 18 19 20 21 23
3998 4026 9 12 13 14 16 17 18 19 20 21
4734 3596 8 12 13 14 16 17 18 20 23
4888 4132 7 12 13 14 16 17 18 20
3634 662 8 12 13 14 16 17 19 20 21
4156 2734 7 12 13 14 16 18 19 20
3720 3306 9 12 13 14 17 18 19 20 21 23
3438 2576 9 12 13 14 17 18 19 20 21 23
4952 3720 7 12 13 14 17 18 20 23
3692 2346 8 12 13 14 17 19 20 21 23
4214 3028 7 12 13 14 18 19 20 23
3800 4442 9 12 13 16 17 18 20 21 22 23
3596 2236 9 12 13 16 17 18 20 21 22 23
4184 4252 8 12 13 16 17 18 20 21 22
3720 1676 8 12 13 16 17 20 21 22 23
4054 4576 8 12 13 16 17 20 21 22 23
2210 2522 7 12 13 16 17 20 21 23
2330 2562 6 12 13 16 17 20 21
3756 2140 7 12 13 16 18 20 22 23
3998 3450 7 12 13 16 18 20 22 23
4344 4294 6 12 13 16 18 20 22
3902 3766 7 12 13 16 19 20 21 23
4610 1502 6 12 13 16 19 20 21
4212 4394 6 12 13 16 20 22 23
2562 3800 4 12 13 16 20
3908 550 8 12 13 17 18 20 21 22 23
2140 1296 7 12 13 17 18 20 21 23
2192 4204 6 12 13 17 20 21 23
4362 4974 7 12 13 18 19 20 21 23
4400 4538 6 12 13 18 20 22 23
2298 1642 5 12 13 18 20 23
4668 1158 6 12 13 19 20 21 23
2772 1898 4 12 13 20 23
3144 1236 11 12 14 15 16 17 18 19 20 21 22 23
3270 3178 10 12 14 15 16 17 18 19 20 21 22
4006 4382 9 12 14 15 16 17 18 20 22 23
4160 4834 8 12 14 15 16 17 18 20 22
2952 4486 9 12 14 15 16 17 19 20 21 22
3476 1068 8 12 14 15 16 18 19 20 22
2776 4968 10 12 14 15 17 18 19 20 21 22 23
3266 3234 10 12 14 15 17 18 19 20 21 22 23
3158 3206 9 12 14 15 17 18 19 20 21 22
1992 1430 9 12 14 15 17 18 19 20 21 23
1892 3668 8 12 14 15 17 18 19 20 21
4224 2938 8 12 14 15 17 18 20 22 23
2400 3964 7 12 14 15 17 18 20 23
2556 5174 6 12 14 15 17 18 20
3310 706 9 12 14 15 17 19 20 21 22 23
2154 3910 7 12 14 15 17 19 20 21
3834 3560 8 12 14 15 18 19 20 22 23
2678 3868 6 12 14 15 18 19 20
3072 4764 9 12 14 16 17 18 19 21 22 23
3554 1846 8 12 14 16 17 18 19 21 22
4806 4682 8 12 14 16 17 18 19 21 23
4416 2672 8 12 14 16 17 18 19 21 23
2334 5780 8 12 14 16 17 18 19 21 23
4932 1762 7 12 14 16 17 18 19 21
2232 4952 7 12 14 16 17 18 19 21
4682 4152 7 12 14 16 17 18 22 23
2804 1036 6 12 14 16 17 18 23
2958 3204 5 12 14 16 17 18
3560 1244 8 12 14 16 17 19 21 22 23
2496 3108 6 12 14 16 17 19 21
4082 1224 7 12 14 16 18 19 22 23
3018 1246 5 12 14 16 18 19
3766 3972 8 12 14 17 18 19 21 22 23
2500 2646 7 12 14 17 18 19 21 23
4646 3270 7 12 14 17 18 19 21 23
5098 1122 7 12 14 17 18 19 21 23
2188 5382 7 12 14 17 18 19 21 23
5032 2926 6 12 14 17 18 19 21
2788 3018 6 12 14 17 18 19 21
3034 1530 5 12 14 17 18 23
3188 2566 4 12 14 17 18
2762 4112 6 12 14 17 19 21 23
3284 3274 5 12 14 18 19 23
1642 2040 8 12 15 16 17 20 21 22 23
4476 3328 8 12 15 16 17 20 21 22 23
1576 3106 8 12 15 16 17 20 21 22 23
4546 3460 8 12 15 16 17 20 21 22 23
1602 2854 7 12 15 16 17 20 21 22
1702 3108 7 12 15 16 17 20 21 22
3174 1892 8 12 15 16 19 20 21 22 23
3882 2648 7 12 15 16 19 20 21 22
4710 2110 5 12 15 16 20 22
2168 1376 5 12 15 16 20 22
4370 3812 8 12 15 17 18 20 21 22 23
4214 2140 8 12 15 17 18 20 21 22 23
1412 586 8 12 15 17 18 20 21 22 23
4356 5242 8 12 15 17 18 20 21 22 23
1852 2210 7 12 15 17 18 20 21 22
4274 1580 7 12 15 17 20 21 22 23
1938 1684 7 12 15 17 20 21 22 23
1752 3740 7 12 15 17 20 21 22 23
638 5076 6 12 15 17 20 21 23
536 716 5 12 15 17 20 21
3472 5048 8 12 15 18 19 20 21 22 23
3538 3198 8 12 15 18 19 20 21 22 23
4088 3948 7 12 15 18 19 20 21 22
2050 4560 6 12 15 18 20 22 23
2318 2190 5 12 15 18 20 22
3940 4036 7 12 15 19 20 21 22 23
2312 2432 5 12 15 19 20 21
2538 1438 5 12 15 20 22 23
1322 2142 3 12 15 20
1870 2904 7 12 16 17 18 21 22 23
4602 952 7 12 16 17 18 21 22 23
2208 2498 6 12 16 17 18 21 22
2124 2438 6 12 16 17 21 22 23
2176 2584 6 12 16 17 21 22 23
1026 2292 5 12 16 17 21 23
926 3060 4 12 16 17 21
3780 1718 7 12 16 18 19 21 22 23
4050 4640 7 12 16 18 19 21 22 23
4452 2022 6 12 16 18 19 21 22
2288 1890 5 12 16 18 22 23
4974 1752 5 12 16 18 22 23
2714 4698 4 12 16 18 22
4304 3478 6 12 16 19 21 22 23
2652 3936 4 12 16 19 21
2776 2678 4 12 16 22 23
1712 3864 2 12 16
2272 3400 6 12 17 18 21 22 23
2324 3466 6 12 17 18 21 22 23
4834 4330 6 12 17 18 21 22 23
1262 3270 5 12 17 18 21 23
1162 3318 4 12 17 18 21
1684 4494 4 12 17 21 23
1582 3530 3 12 17 21
4510 4752 6 12 18 19 21 22 23
2446 4616 5 12 18 19 21 23
3044 2690 4 12 18 19 21
2924 4438 4 12 18 22 23
1948 4016 2 12 18
2918 2382 4 12 19 21 23
2368 4044 1 12
3924 4542 10 13 14 16 17 18 19 20 21 22 23
3722 2728 10 13 14 16 17 18 19 20 21 22 23
4270 3316 9 13 14 16 17 18 19 20 21 22
4122 3664 9 13 14 16 17 19 20 21 22 23
4424 2914 9 13 14 16 17 19 20 21 22 23
2334 3074 8 13 14 16 17 19 20 21 23
2454 4808 7 13 14 16 17 19 20 21
4696 2138 8 13 14 16 18 19 20 22 23
2872 2002 7 13 14 16 18 19 20 23
3028 1758 6 13 14 16 18 19 20
4328 3758 9 13 14 17 18 19 20 21 22 23
2264 3226 8 13 14 17 18 19 20 21 23
5222 3634 8 13 14 17 18 19 20 21 23
2518 970 7 13 14 17 19 20 21 23
3084 1476 6 13 14 18 19 20 23
3040 2922 7 13 16 17 20 21 22 23
4620 3706 8 13 16 18 19 20 21 22 23
3060 4440 6 13 16 18 20 22 23
6246 4698 6 13 16 18 20 22 23
3214 1410 5 13 16 18 20 22
3310 1862 6 13 16 19 20 21 23
3534 2026 5 13 16 20 22 23
2778 1900 7 13 17 18 20 21 22 23
3272 2036 5 13 18 20 22 23
1606 1672 9 14 15 16 17 19 20 21 22 23
1606 2674 9 14 15 16 17 19 20 21 22 23
4508 3560 9 14 15 16 17 19 20 21 22 23
1726 1380 8 14 15 16 17 19 20 21 22
2144 2178 8 14 15 16 18 19 20 22 23
2144 4216 8 14 15 16 18 19 20 22 23
5048 3464 8 14 15 16 18 19 20 22 23
2300 3500 7 14 15 16 18 19 20 22
5242 4020 7 14 15 16 18 19 20 22
4778 3556 9 14 15 17 18 19 20 21 22 23
1388 4596 9 14 15 17 18 19 20 21 22 23
1536 2318 9 14 15 17 18 19 20 21 22 23
1812 2194 9 14 15 17 18 19 20 21 22 23
4296 2276 9 14 15 17 18 19 20 21 22 23
1938 3270 8 14 15 17 18 19 20 21 22
2090 2502 8 14 15 17 19 20 21 22 23
1790 2918 8 14 15 17 19 20 21 22 23
488 2878 7 14 15 17 19 20 21 23
528 3224 6 14 15 17 19 20 21
5308 1616 7 14 15 18 19 20 22 23
2356 2712 7 14 15 18 19 20 22 23
986 2806 6 14 15 18 19 20 23
1068 1422 5 14 15 18 19 20
2176 2692 8 14 16 17 18 19 21 22 23
5184 3418 8 14 16 17 18 19 21 22 23
1900 4356 8 14 16 17 18 19 21 22 23
1746 2470 8 14 16 17 18 19 21 22 23
4662 5056 8 14 16 17 18 19 21 22 23
5362 2172 8 14 16 17 18 19 21 22 23
2294 1956 7 14 16 17 18 19 21 22
5100 2634 7 14 16 17 19 21 22 23
2154 1742 7 14 16 17 19 21 22 23
830 1918 6 14 16 17 19 21 23
868 1970 5 14 16 17 19 21
2720 3012 6 14 16 18 19 22 23
5978 2008 6 14 16 18 19 22 23
1328 4364 5 14 16 18 19 23
1410 3988 4 14 16 18 19
2360 3444 7 14 17 18 19 21 22 23
1122 3542 6 14 17 18 19 21 23
1430 3476 6 14 17 18 19 21 23
562 4336 6 14 17 18 19 21 23
1162 4738 5 14 17 18 19 21
1136 744 5 14 17 19 21 23
1676 1344 4 14 18 19 23
2526 3932 7 15 16 19 20 21 22 23
2582 3824 7 15 16 19 20 21 22 23
1246 1974 4 15 16 20 22
858 2312 6 15 17 20 21 22 23
2788 4370 7 15 18 19 20 21 22 23
2344 3882 7 15 18 19 20 21 22 23
820 2814 5 15 18 20 22 23
970 3196 5 15 18 20 22 23
1254 1742 4 15 18 20 22
1072 1410 5 15 19 20 21 23
1458 4098 4 15 20 22 23
690 4424 2 15 20
1264 820 5 16 17 21 22 23
2652 3072 6 16 18 19 21 22 23
1216 4824 4 16 18 22 23
1652 700 3 16 18 22
1412 3472 4 16 19 21 23
1866 4196 3 16 22 23
1074 3190 1 16
1262 4932 5 17 18 21 22 23
296 3966 3 17 21 23
730 4868 2 17 21
1746 3892 4 18 19 21 23
1862 2370 3 18 22 23
724 2784 2 18 23
1158 2720 1 18
