25 677 
6297 3354 6 1 2 11 23 24 25
2601 5583 3 1 2 11
5124 5802 8 1 4 7 11 20 21 22 23
3996 5265 5 1 4 7 11 23
4611 4914 7 1 4 9 11 19 20 21
4563 1083 7 1 4 10 11 18 20 21
6033 1392 8 1 4 11 12 20 23 24 25
2112 6297 5 1 4 11 12 20
5733 4875 6 1 4 11 13 20 21
6063 4608 7 1 4 11 15 19 20 21
5049 4641 8 1 4 11 20 21 23 24 25
4284 3615 5 1 4 11 20 21
5214 6453 6 1 7 10 13 22 23
3891 1728 5 1 7 10 22 23
6348 6267 6 1 9 10 16 19 21
4797 5196 7 1 9 11 19 23 24 25
5460 2763 6 1 10 13 20 21 22
5136 6084 6 1 10 13 23 24 25
4455 2688 3 1 10 13
6021 6348 4 1 10 16 21
3324 4740 2 1 10
5874 5667 8 1 11 12 20 22 23 24 25
6156 4812 6 1 11 13 23 24 25
4797 4593 7 1 11 15 19 23 24 25
5874 3720 8 1 11 20 21 22 23 24 25
4791 5985 5 1 11 23 24 25
948 4020 2 1 11
4968 2415 7 2 5 11 14 15 17 18
6396 6678 6 2 5 15 23 24 25
2724 4284 3 2 5 15
4956 5994 7 2 6 9 19 23 24 25
4917 3198 7 2 6 11 18 23 24 25
6015 2385 8 2 6 12 20 22 23 24 25
6297 1704 6 2 6 13 23 24 25
4956 2892 7 2 6 15 19 23 24 25
6015 5952 8 2 6 20 21 22 23 24 25
4932 5274 5 2 6 23 24 25
2445 4368 2 2 6
6066 1569 8 2 8 11 16 18 21 24 25
6096 6192 8 2 8 15 16 19 21 24 25
6273 5373 7 2 9 11 17 18 19 25
6414 6357 6 2 9 19 23 24 25
6327 2520 7 2 11 13 18 20 21 22
6306 5955 7 2 11 14 15 17 18 19
5826 6015 8 2 11 14 17 18 20 21 22
4683 3213 5 2 11 14 17 18
6309 4110 5 2 11 16 18 21
6093 6411 5 2 11 17 18 25
4902 4404 6 2 11 18 20 21 22
6372 3633 6 2 11 18 23 24 25
6372 5430 6 2 11 18 23 24 25
4032 6549 3 2 11 18
6357 4980 7 2 13 15 19 20 21 22
5856 4974 8 2 14 15 17 19 20 21 22
4932 6420 6 2 15 19 20 21 22
6411 2913 6 2 15 19 23 24 25
6411 5109 6 2 15 19 23 24 25
4071 5406 3 2 15 19
2466 6372 1 2
5622 5214 4 3 4 7 8
6678 1176 5 3 6 8 24 25
3270 6057 6 3 7 8 9 19 22
3210 5061 6 3 7 8 10 18 22
4404 2103 5 3 7 8 13 22
4011 3891 6 3 7 8 14 17 22
5220 5604 6 3 7 8 16 21 22
5319 3627 6 3 7 8 17 22 25
3348 4635 4 3 7 8 22
4044 3459 6 3 7 9 19 22 23
3996 5949 6 3 7 10 18 22 23
3942 2811 6 3 7 11 18 22 23
5295 2433 5 3 7 13 22 23
6333 3099 6 3 7 14 17 22 23
4803 4905 6 3 7 14 17 22 23
3981 4677 6 3 7 15 19 22 23
6366 4710 6 3 7 16 21 22 23
6213 6261 6 3 7 17 22 23 25
3870 3879 4 3 7 22 23
2019 2388 8 3 8 9 16 19 21 24 25
3081 4527 6 3 8 9 19 24 25
3615 4017 6 3 8 11 18 24 25
6342 3192 6 3 8 12 16 24 25
4716 6156 7 3 8 12 20 22 24 25
3384 4902 7 3 8 13 16 21 24 25
4269 6009 5 3 8 13 24 25
3777 4890 6 3 8 14 17 24 25
5898 5622 4 3 8 14 24
3657 5838 6 3 8 15 19 24 25
2019 5319 6 3 8 16 21 24 25
5340 2505 6 3 8 16 21 24 25
3933 4335 7 3 8 20 21 22 24 25
2892 6048 4 3 8 24 25
3975 3504 6 3 9 19 23 24 25
5160 5796 5 3 13 23 24 25
4668 5742 6 3 14 17 23 24 25
6231 3054 6 3 16 21 23 24 25
4827 3774 7 3 20 21 22 23 24 25
3783 3831 4 3 23 24 25
489 6372 1 3
5247 4194 8 4 5 7 15 20 21 22 23
4125 6411 5 4 5 7 15 23
4740 3189 7 4 5 9 15 19 20 21
4692 5652 7 4 5 10 15 18 20 21
4479 1206 9 4 5 11 12 14 15 17 18 20
6177 4539 7 4 5 11 15 18 20 21
6132 6270 8 4 5 12 15 20 23 24 25
2244 3369 5 4 5 12 15 20
5862 1035 6 4 5 13 15 20 21
5172 5286 8 4 5 15 20 21 23 24 25
4404 5037 5 4 5 15 20 21
4506 3207 8 4 7 9 19 20 21 22 23
4458 6111 8 4 7 10 18 20 21 22 23
6087 5340 7 4 7 11 14 17 18 23
6294 1263 8 4 7 11 18 20 21 22 23
5433 3102 5 4 7 11 18 23
5817 3513 7 4 7 13 20 21 22 23
6324 6306 8 4 7 15 19 20 21 22 23
5463 1728 5 4 7 15 19 23
4443 4698 6 4 7 20 21 22 23
3324 4002 3 4 7 23
5586 5817 10 4 8 11 12 16 18 20 21 24 25
5616 4644 10 4 8 12 15 16 19 20 21 24 25
6576 2334 9 4 9 11 12 16 18 19 20 21
5793 4269 9 4 9 11 12 17 18 19 20 25
6048 4503 7 4 9 11 18 19 20 21
6153 6417 8 4 9 12 19 20 23 24 25
6000 4026 7 4 9 17 19 20 21 25
4377 4665 8 4 9 19 20 21 23 24 25
6129 171 8 4 9 19 20 21 23 24 25
3939 6324 5 4 9 19 20 21
6549 4869 9 4 10 12 15 16 18 19 20 21
5013 4932 6 4 10 13 18 20 21
6033 4473 7 4 10 15 18 19 20 21
6123 5280 7 4 10 17 18 20 21 25
3891 6048 5 4 10 18 20 21
5826 3939 9 4 11 12 14 15 17 18 19 20
4194 1332 7 4 11 12 14 17 18 20
5817 4797 7 4 11 12 16 18 20 21
5604 4548 7 4 11 12 17 18 20 25
6111 5688 8 4 11 12 18 20 23 24 25
6111 4884 8 4 11 12 18 20 23 24 25
3552 5985 5 4 11 12 18 20
6366 6210 7 4 11 14 17 18 20 21
6111 4536 8 4 11 18 20 21 23 24 25
5373 6096 5 4 11 18 20 21
5847 5973 7 4 12 15 16 19 20 21
6153 3165 8 4 12 15 19 20 23 24 25
3582 1821 5 4 12 15 19 20
6129 1260 6 4 12 20 23 24 25
2199 5973 3 4 12 20
5760 2112 3 4 12 20
5742 6174 7 4 13 20 21 23 24 25
5061 4503 4 4 13 20 21
6033 4458 7 4 14 15 17 19 20 21
6153 3471 8 4 15 19 20 21 23 24 25
5379 2598 5 4 15 19 20 21
5991 2436 5 4 17 20 21 25
4368 3360 6 4 20 21 23 24 25
4830 4608 3 4 20 21
6084 3900 7 5 6 10 14 15 17 18
5847 4896 8 5 6 14 15 17 23 24 25
6258 5103 7 5 7 9 17 22 23 25
4026 4098 5 5 7 9 22 23
1848 5883 9 5 7 10 14 15 17 18 22 23
3261 4593 8 5 7 13 14 15 17 22 23
4887 2901 9 5 7 14 15 16 17 21 22 23
6270 4932 7 5 7 14 15 17 22 23
1944 5124 7 5 7 14 15 17 22 23
5388 2952 7 5 8 14 15 16 21 24
5241 5712 7 5 8 14 15 17 24 25
3087 3933 5 5 8 14 15 24
5652 6231 6 5 9 10 17 18 25
4845 4845 7 5 9 11 18 23 24 25
5964 6258 8 5 9 12 20 22 23 24 25
4380 5295 8 5 9 14 15 16 17 19 21
2481 6024 9 5 9 14 15 17 19 20 21 22
4884 6111 7 5 9 15 19 23 24 25
5523 5928 4 5 9 17 25
3897 5862 5 5 9 23 24 25
3459 5499 2 5 9
6132 6033 8 5 10 12 14 15 16 17 18
4299 6066 9 5 10 12 14 15 17 18 20 22
2673 2976 7 5 10 13 14 15 17 18
3981 6042 8 5 10 14 15 16 17 18 21
2433 5424 9 5 10 14 15 17 18 20 21 22
1392 3234 6 5 10 14 15 17 18
5817 4512 8 5 11 14 15 16 17 18 21
3915 5616 9 5 11 14 15 17 18 20 21 22
2766 6309 9 5 11 14 15 17 18 23 24 25
2763 6006 6 5 11 14 15 17 18
4887 2445 7 5 11 14 15 18 23 24
4854 3870 7 5 11 15 18 23 24 25
5667 6378 8 5 12 13 14 15 17 20 22
5712 2781 8 5 12 13 14 15 17 20 22
5802 5157 9 5 12 14 15 16 17 23 24 25
3885 6327 10 5 12 14 15 17 20 22 23 24 25
4302 6510 7 5 12 14 15 17 20 22
6006 4575 8 5 12 14 15 20 22 23 24
5973 1548 8 5 12 15 20 22 23 24 25
5418 6576 7 5 13 14 15 16 17 21
3537 2913 8 5 13 14 15 17 20 21 22
3183 6297 8 5 13 14 15 17 23 24 25
2502 4185 5 5 13 14 15 17
6255 6144 6 5 13 15 23 24 25
4812 6123 9 5 14 15 16 17 21 23 24 25
4044 6510 6 5 14 15 16 17 21
2910 6330 10 5 14 15 17 20 21 22 23 24 25
3192 4380 7 5 14 15 17 20 21 22
1821 3183 7 5 14 15 17 23 24 25
2781 5247 7 5 14 15 17 23 24 25
2520 4611 4 5 14 15 17
3939 2625 5 5 14 15 23 24
5973 4803 8 5 15 20 21 22 23 24 25
4890 4032 5 5 15 23 24 25
1047 2724 2 5 15
6420 3354 6 6 8 9 19 24 25
6378 4644 6 6 8 11 18 24 25
6417 5400 6 6 8 15 19 24 25
3516 2973 8 6 9 11 18 19 23 24 25
6552 5124 8 6 9 12 16 19 23 24 25
4635 5856 9 6 9 12 19 20 22 23 24 25
6435 2766 8 6 9 16 19 21 23 24 25
4608 4722 9 6 9 19 20 21 22 23 24 25
6057 6012 6 6 9 19 20 21 22
3552 4632 6 6 9 19 23 24 25
5196 1827 3 6 9 19
4869 5601 7 6 10 13 18 23 24 25
5790 2580 5 6 10 14 17 18
6519 5463 8 6 10 16 18 21 23 24 25
6009 5973 6 6 10 18 20 21 22
5148 3474 3 6 10 18
6510 5817 8 6 11 12 16 18 23 24 25
6510 3087 8 6 11 12 16 18 23 24 25
4593 4473 9 6 11 12 18 20 22 23 24 25
4593 1848 9 6 11 12 18 20 22 23 24 25
4593 5781 9 6 11 12 18 20 22 23 24 25
4875 3873 7 6 11 13 18 23 24 25
5826 6087 8 6 11 14 17 18 23 24 25
3513 4587 8 6 11 15 18 19 23 24 25
3513 3384 8 6 11 15 18 19 23 24 25
6399 5580 8 6 11 16 18 21 23 24 25
4593 3246 9 6 11 18 20 21 22 23 24 25
3510 2880 6 6 11 18 23 24 25
5973 6177 8 6 12 13 20 22 23 24 25
6549 5994 8 6 12 15 16 19 23 24 25
6549 5790 8 6 12 15 16 19 23 24 25
6549 5838 8 6 12 15 16 19 23 24 25
4632 4716 9 6 12 15 19 20 22 23 24 25
4608 5241 7 6 12 20 22 23 24 25
4914 2337 7 6 13 15 19 23 24 25
5973 1869 8 6 13 20 21 22 23 24 25
4893 1494 5 6 13 23 24 25
5865 5943 8 6 14 15 17 19 23 24 25
5862 5433 6 6 14 17 23 24 25
5838 4053 3 6 14 17
6441 1905 8 6 15 16 19 21 23 24 25
4632 4863 9 6 15 19 20 21 22 23 24 25
3549 6423 6 6 15 19 23 24 25
4608 5433 7 6 20 21 22 23 24 25
3525 3576 4 6 23 24 25
1569 3912 1 6
3003 3942 10 7 8 9 16 19 21 22 23 24 25
5325 5862 7 7 8 9 16 19 21 22
2955 5295 10 7 8 10 16 18 21 22 23 24 25
5277 4956 7 7 8 10 16 18 21 22
4317 4431 9 7 8 13 16 21 22 23 24 25
5946 5724 8 7 8 14 16 21 22 23 24
5523 4887 8 7 8 16 21 22 23 24 25
2943 4593 8 7 8 16 21 22 23 24 25
5274 5592 5 7 8 16 21 22
3948 5865 9 7 9 10 16 18 19 21 22 23
3165 5712 9 7 9 10 17 18 19 22 23 25
4068 5649 7 7 9 11 18 19 22 23
5157 5616 8 7 9 13 16 19 21 22 23
4575 2622 8 7 9 13 17 19 22 23 25
4665 1704 9 7 9 14 16 17 19 21 22 23
6453 5220 7 7 9 14 17 19 22 23
5466 489 9 7 9 16 17 19 21 22 23 25
6201 1887 9 7 9 16 17 19 21 22 23 25
3237 4830 7 7 9 16 19 21 22 23
3201 3420 7 7 9 17 19 22 23 25
5400 4827 5 7 9 19 22 23
1260 2928 5 7 9 19 22 23
2889 4263 8 7 10 13 14 17 18 22 23
5109 3276 8 7 10 13 16 18 21 22 23
4503 2466 8 7 10 13 16 18 21 22 23
4296 171 8 7 10 13 17 18 22 23 25
2235 3237 6 7 10 13 18 22 23
3198 5049 9 7 10 14 15 17 18 19 22 23
4539 3939 9 7 10 14 16 17 18 21 22 23
6006 5964 7 7 10 14 17 18 22 23
2415 3549 7 7 10 14 17 18 22 23
4062 6045 7 7 10 15 18 19 22 23
5421 5349 9 7 10 16 17 18 21 22 23 25
3189 5952 7 7 10 16 18 21 22 23
2973 6333 7 7 10 17 18 22 23 25
1332 5964 5 7 10 18 22 23
1332 4404 5 7 10 18 22 23
5376 5760 6 7 11 13 18 22 23
6327 6123 7 7 11 14 17 18 22 23
4569 4854 7 7 11 15 18 19 22 23
6294 4929 7 7 11 17 18 22 23 25
4335 2481 5 7 11 18 22 23
4608 5964 8 7 13 14 15 17 19 22 23
5976 2685 8 7 13 14 16 17 21 22 23
2976 2628 6 7 13 14 17 22 23
5418 2910 6 7 13 15 19 22 23
4548 4455 6 7 13 16 21 22 23
4386 2316 6 7 13 17 22 23 25
2112 4062 4 7 13 22 23
5499 4863 9 7 14 15 16 17 19 21 22 23
3234 6519 7 7 14 15 17 19 22 23
6366 4923 7 7 14 15 17 19 22 23
4602 6024 7 7 14 16 17 21 22 23
2670 4425 5 7 14 17 22 23
6123 5970 5 7 14 17 22 23
6333 3261 7 7 15 17 19 22 23 25
4335 4692 5 7 15 19 22 23
5469 3201 7 7 16 17 21 22 23 25
3276 4875 5 7 16 21 22 23
3021 3918 5 7 17 22 23 25
2010 6237 3 7 22 23
3339 5385 7 8 9 11 18 19 24 25
5454 6366 10 8 9 12 16 19 20 21 22 24 25
6084 5319 7 8 9 12 16 19 24 25
4458 4431 8 8 9 12 19 20 22 24 25
5430 3996 7 8 9 14 16 19 21 24
6144 3021 7 8 9 16 19 21 24 25
2436 4941 7 8 9 16 19 21 24 25
1905 4125 7 8 9 16 19 21 24 25
4431 3459 8 8 9 19 20 21 22 24 25
3375 3468 5 8 9 19 24 25
5406 4302 10 8 10 12 16 18 20 21 22 24 25
3054 5133 8 8 10 13 16 18 21 24 25
4692 5817 6 8 10 13 18 24 25
5580 3864 6 8 10 13 18 24 25
5385 4956 7 8 10 14 16 18 21 24
2388 4917 7 8 10 16 18 21 24 25
6045 1215 7 8 11 12 16 18 24 25
4416 3159 8 8 11 12 18 20 22 24 25
4698 3255 6 8 11 13 18 24 25
5649 2943 7 8 11 14 17 18 24 25
3576 4917 7 8 11 15 18 19 24 25
3873 6294 7 8 11 16 18 21 24 25
4416 3783 8 8 11 18 20 21 22 24 25
3342 5895 5 8 11 18 24 25
6726 4569 9 8 12 13 16 20 21 22 24 25
5799 6111 7 8 12 13 20 22 24 25
6084 4791 7 8 12 15 16 19 24 25
4455 5028 8 8 12 15 19 20 22 24 25
5349 4068 8 8 12 16 20 21 22 24 25
4263 3561 5 8 12 16 24 25
4431 5028 6 8 12 20 22 24 25
6330 6366 6 8 13 14 17 24 25
4740 4956 6 8 13 15 19 24 25
3102 4608 6 8 13 16 21 24 25
5796 3552 7 8 13 20 21 22 24 25
5457 5772 4 8 13 24 25
4716 5049 4 8 13 24 25
4053 3753 9 8 14 15 16 17 19 21 24 25
6174 5532 7 8 14 15 16 19 21 24
5688 3981 7 8 14 15 17 19 24 25
5286 2670 8 8 14 15 19 20 21 22 24
4425 4716 5 8 14 15 19 24
5103 4971 5 8 14 16 21 24
6057 3339 8 8 14 17 20 21 22 24 25
4956 6063 5 8 14 17 24 25
5088 6084 5 8 14 17 24 25
3213 5385 3 8 14 24
6192 3975 7 8 15 16 19 21 24 25
3879 5277 7 8 15 16 19 21 24 25
4455 4503 8 8 15 19 20 21 22 24 25
3372 6084 5 8 15 19 24 25
1728 4263 5 8 16 21 24 25
5124 6213 6 8 20 21 22 24 25
4434 2406 6 8 20 21 22 24 25
3339 4608 3 8 24 25
1206 5817 3 8 24 25
6387 4731 9 9 10 12 16 18 19 20 21 22
5616 3849 9 9 10 12 17 18 19 20 22 25
4503 2118 7 9 10 13 16 18 19 21
3720 2199 7 9 10 13 17 18 19 25
2820 4983 8 9 10 13 18 19 20 21 22
4023 5994 8 9 10 14 16 17 18 19 21
4863 6294 8 9 10 16 17 18 19 21 25
5433 5460 8 9 10 16 17 18 19 21 25
3474 4878 9 9 10 16 18 19 21 23 24 25
3381 2112 6 9 10 16 18 19 21
3459 4443 9 9 10 17 18 19 20 21 22 25
2595 3372 6 9 10 17 18 19 25
5943 1590 7 9 10 18 19 20 21 22
5871 5826 7 9 10 18 19 20 21 22
5004 3657 7 9 10 18 19 23 24 25
3471 3342 9 9 11 12 16 18 19 23 24 25
3354 6273 9 9 11 16 18 19 21 23 24 25
4863 5205 6 9 11 16 18 19 21
4941 3552 9 9 11 17 18 19 20 21 22 25
4080 6111 6 9 11 17 18 19 25
4878 4914 7 9 11 18 19 23 24 25
1410 5469 7 9 11 18 19 23 24 25
4473 4563 10 9 12 16 19 20 21 22 23 24 25
5688 3021 7 9 12 16 19 20 21 22
3507 1944 7 9 12 16 19 23 24 25
5253 3375 4 9 12 16 19
5724 3399 7 9 12 17 19 20 22 25
5607 6441 7 9 12 17 19 20 22 25
1590 6357 8 9 12 19 20 22 23 24 25
5952 6003 8 9 12 19 20 22 23 24 25
6012 2601 8 9 12 19 20 22 23 24 25
5910 6012 8 9 12 19 20 22 23 24 25
6003 336 8 9 12 19 20 22 23 24 25
3420 5325 5 9 12 19 20 22
5460 5004 7 9 13 14 16 17 19 21
3561 4902 8 9 13 14 17 19 20 21 22
6084 6129 7 9 13 16 17 19 21 25
4836 5088 8 9 13 16 19 21 23 24 25
5028 5640 8 9 13 16 19 21 23 24 25
4551 3525 5 9 13 16 19 21
4980 5424 8 9 13 17 19 20 21 22 25
4971 4071 8 9 13 17 19 20 21 22 25
4677 4830 8 9 13 17 19 20 21 22 25
3816 3327 5 9 13 17 19 25
2937 3510 9 9 13 19 20 21 22 23 24 25
2688 5898 6 9 13 19 20 21 22
6315 4740 6 9 13 19 23 24 25
4536 1494 9 9 14 16 17 19 21 23 24 25
5895 6201 9 9 14 16 17 19 21 23 24 25
4098 6435 6 9 14 16 17 19 21
2784 3396 10 9 14 17 19 20 21 22 23 24 25
2685 4416 7 9 14 17 19 20 21 22
6267 5910 7 9 14 17 19 23 24 25
4731 4893 6 9 16 17 19 21 25
3369 4386 7 9 16 19 21 23 24 25
3108 2160 7 9 16 19 21 23 24 25
2670 6153 4 9 16 19 21
3327 2019 7 9 17 19 20 21 22 25
2595 6726 4 9 17 19 25
6357 5991 8 9 19 20 21 22 23 24 25
5970 5847 8 9 19 20 21 22 23 24 25
1704 3003 8 9 19 20 21 22 23 24 25
5949 5172 8 9 19 20 21 22 23 24 25
1563 4458 8 9 19 20 21 22 23 24 25
5928 1563 8 9 19 20 21 22 23 24 25
1263 5976 5 9 19 20 21 22
5592 1383 5 9 19 20 21 22
1176 5952 5 9 19 23 24 25
4914 4758 5 9 19 23 24 25
5028 4797 5 9 19 23 24 25
1182 3348 5 9 19 23 24 25
1083 6552 2 9 19
5295 5688 8 10 12 13 14 17 18 20 22
4824 1587 8 10 12 13 16 18 23 24 25
2907 4506 9 10 12 13 18 20 22 23 24 25
4641 4476 6 10 12 13 18 20 22
5649 2673 9 10 12 14 15 17 18 19 20 22
5850 3324 6 10 12 14 16 17 18
4017 1182 7 10 12 14 17 18 20 22
4557 948 10 10 12 16 18 20 21 22 23 24 25
5640 5460 7 10 12 16 18 20 21 22
5712 3108 7 10 12 16 18 20 21 22
5205 3492 4 10 12 16 18
5424 6033 7 10 12 17 18 20 22 25
5964 3480 8 10 12 18 20 22 23 24 25
3372 3777 5 10 12 18 20 22
3753 6132 7 10 13 14 15 17 18 19
5172 2145 7 10 13 14 16 17 18 21
5037 4317 7 10 13 14 16 17 18 21
3513 4776 8 10 13 14 17 18 20 21 22
2811 5160 8 10 13 14 17 18 23 24 25
3399 5013 5 10 13 14 17 18
6162 3339 7 10 13 15 16 18 19 21
4263 1824 8 10 13 15 18 19 20 21 22
1827 5457 8 10 13 15 18 19 23 24 25
6048 4854 7 10 13 16 17 18 21 25
5985 6387 7 10 13 16 17 18 21 25
4425 3324 8 10 13 16 18 21 23 24 25
4839 2019 8 10 13 16 18 21 23 24 25
4503 3792 5 10 13 16 18 21
3774 6549 5 10 13 16 18 21
4776 2820 8 10 13 17 18 20 21 22 25
4545 5928 8 10 13 17 18 20 21 22 25
4884 4125 8 10 13 17 18 20 21 22 25
4923 3582 8 10 13 17 18 20 21 22 25
3540 3915 5 10 13 17 18 25
3021 3540 9 10 13 18 20 21 22 23 24 25
2880 3513 9 10 13 18 20 21 22 23 24 25
2337 4941 6 10 13 18 20 21 22
3372 6399 6 10 13 18 20 21 22
2160 5454 6 10 13 18 23 24 25
1824 2502 6 10 13 18 23 24 25
2316 5973 3 10 13 18
4896 4602 8 10 14 15 16 17 18 19 21
5319 4479 8 10 14 15 16 17 18 19 21
3492 6132 9 10 14 15 17 18 19 20 21 22
2628 1410 6 10 14 15 17 18 19
4464 4719 9 10 14 16 17 18 21 23 24 25
4050 5868 6 10 14 16 17 18 21
2580 6300 7 10 14 17 18 20 21 22
6210 6333 7 10 14 17 18 23 24 25
2118 3513 4 10 14 17 18
3477 2955 9 10 15 16 18 19 21 23 24 25
4821 2937 6 10 15 16 18 19 21
4983 3474 7 10 15 18 19 23 24 25
4854 4668 6 10 16 17 18 21 25
3474 2010 7 10 16 18 21 23 24 25
2622 4836 4 10 16 18 21
3450 6033 7 10 17 18 20 21 22 25
2406 6153 4 10 17 18 25
6039 5649 8 10 18 20 21 22 23 24 25
5964 5826 8 10 18 20 21 22 23 24 25
6036 4044 8 10 18 20 21 22 23 24 25
5601 4080 5 10 18 20 21 22
1215 5847 5 10 18 20 21 22
4980 3816 5 10 18 23 24 25
1035 4821 2 10 18
4830 1887 8 11 12 13 16 18 23 24 25
2913 5874 9 11 12 13 18 20 22 23 24 25
5781 5523 9 11 12 14 16 17 18 23 24 25
3864 5820 10 11 12 14 17 18 20 22 23 24 25
5985 4434 8 11 12 14 18 20 22 23 24
3468 6117 9 11 12 15 16 18 19 23 24 25
4437 4545 10 11 12 16 18 20 21 22 23 24 25
3465 1848 7 11 12 16 18 23 24 25
1887 2784 8 11 12 18 20 22 23 24 25
5985 5799 8 11 12 18 20 22 23 24 25
1887 5136 8 11 12 18 20 22 23 24 25
5868 6306 8 11 12 18 20 22 23 24 25
4995 6021 8 11 13 14 17 18 20 21 22
4146 3129 8 11 13 14 17 18 23 24 25
2103 6327 8 11 13 15 18 19 23 24 25
4719 5907 8 11 13 16 18 21 23 24 25
6024 3678 5 11 13 16 18 21
6306 4113 8 11 13 17 18 20 21 22 25
5265 2784 5 11 13 17 18 25
2913 2907 9 11 13 18 20 21 22 23 24 25
4125 2952 6 11 13 18 20 21 22
6261 5910 6 11 13 18 23 24 25
1869 1869 6 11 13 18 23 24 25
6237 6366 6 11 13 18 23 24 25
4974 4593 9 11 14 15 17 18 19 20 21 22
2784 4632 9 11 14 15 17 18 19 23 24 25
4113 3996 6 11 14 15 17 18 19
4905 4464 7 11 14 15 18 19 23 24
5772 2889 9 11 14 16 17 18 21 23 24 25
5532 3210 6 11 14 16 17 18 21
3870 4611 10 11 14 17 18 20 21 22 23 24 25
3633 3939 7 11 14 17 18 20 21 22
2781 6036 7 11 14 17 18 23 24 25
2481 2928 4 11 14 17 18
4902 3981 5 11 14 18 23 24
3360 5523 9 11 15 16 18 19 21 23 24 25
1728 6039 7 11 15 18 19 23 24 25
4875 6000 7 11 15 18 19 23 24 25
1728 2481 7 11 15 18 19 23 24 25
3354 5028 7 11 16 18 21 23 24 25
4104 4416 4 11 16 18 21
4932 5376 7 11 17 18 20 21 22 25
3891 6315 4 11 17 18 25
1548 3537 8 11 18 20 21 22 23 24 25
5910 6021 8 11 18 20 21 22 23 24 25
5955 5826 8 11 18 20 21 22 23 24 25
5979 5421 8 11 18 20 21 22 23 24 25
2700 6075 5 11 18 20 21 22
1494 1047 5 11 18 23 24 25
171 4551 2 11 18
5265 5388 9 12 13 14 17 20 22 23 24 25
5385 1242 6 12 13 14 17 20 22
4869 6396 8 12 13 15 16 19 23 24 25
2952 4557 9 12 13 15 19 20 22 23 24 25
5838 4011 9 12 13 16 20 21 22 23 24 25
4845 4824 6 12 13 16 23 24 25
2928 5172 7 12 13 20 22 23 24 25
4512 2820 4 12 13 20 22
5820 5814 9 12 14 15 16 17 19 23 24 25
3903 5427 10 12 14 15 17 19 20 22 23 24 25
5640 2235 7 12 14 15 17 19 20 22
6024 3903 8 12 14 15 19 20 22 23 24
5817 3450 7 12 14 16 17 23 24 25
3900 4299 8 12 14 17 20 22 23 24 25
4020 5733 5 12 14 17 20 22
6021 1887 6 12 14 20 22 23 24
4587 3879 10 12 15 16 19 20 21 22 23 24 25
4476 5640 10 12 15 16 19 20 21 22 23 24 25
3504 3870 7 12 15 16 19 23 24 25
5952 6006 8 12 15 19 20 22 23 24 25
5994 4473 8 12 15 19 20 22 23 24 25
1887 5838 8 12 15 19 20 22 23 24 25
5907 3948 8 12 15 19 20 22 23 24 25
5994 2244 8 12 15 19 20 22 23 24 25
1887 4884 8 12 15 19 20 22 23 24 25
4473 4050 8 12 16 20 21 22 23 24 25
5583 4683 5 12 16 20 21 22
3480 3270 5 12 16 23 24 25
1383 6414 2 12 16
5427 6342 5 12 17 20 22 25
5883 6312 6 12 20 22 23 24 25
1635 4146 6 12 20 22 23 24 25
3129 5586 3 12 20 22
336 4335 3 12 20 22
6117 1332 7 13 14 15 16 17 19 21
4710 3381 8 13 14 15 17 19 20 21 22
4185 4140 8 13 14 15 17 19 23 24 25
3849 4437 5 13 14 15 17 19
5901 4044 8 13 14 16 17 21 23 24 25
5133 4296 5 13 14 16 17 21
5253 4023 9 13 14 17 20 21 22 23 24 25
5304 5304 9 13 14 17 20 21 22 23 24 25
4002 4455 9 13 14 17 20 21 22 23 24 25
3678 4839 6 13 14 17 20 21 22
2901 5850 6 13 14 17 23 24 25
3207 4104 3 13 14 17
4758 1635 8 13 15 16 19 21 23 24 25
6042 2670 5 13 15 16 19 21
6423 3507 8 13 15 17 19 20 21 22 25
2952 5265 9 13 15 19 20 21 22 23 24 25
4140 2715 6 13 15 19 20 21 22
1869 4455 6 13 15 19 23 24 25
6312 3897 6 13 15 19 23 24 25
6300 6057 6 13 15 19 23 24 25
6075 6153 5 13 16 17 21 25
4473 4980 6 13 16 21 23 24 25
5028 5379 6 13 16 21 23 24 25
3792 2595 3 13 16 21
4644 5466 6 13 17 20 21 22 25
4644 5418 6 13 17 20 21 22 25
3627 6084 3 13 17 25
2928 5985 7 13 20 21 22 23 24 25
2385 3891 4 13 20 21 22
1848 1563 4 13 23 24 25
2334 5607 1 13
5814 3465 9 14 15 16 17 19 21 23 24 25
5424 6162 9 14 15 16 17 19 21 23 24 25
4764 6549 6 14 15 16 17 19 21
3879 6000 10 14 15 17 19 20 21 22 23 24 25
3912 6024 10 14 15 17 19 20 21 22 23 24 25
3360 4377 7 14 15 17 19 20 21 22
2820 3327 7 14 15 17 19 23 24 25
3159 4869 7 14 15 17 19 23 24 25
2598 5148 4 14 15 17 19
6000 4425 8 14 15 19 20 21 22 23 24
5280 4692 5 14 15 19 23 24
4941 6255 5 14 15 19 23 24
4527 3891 7 14 16 17 21 23 24 25
5838 6129 7 14 16 17 21 23 24 25
4611 6093 4 14 16 17 21
3939 3516 8 14 17 20 21 22 23 24 25
2625 3360 8 14 17 20 21 22 23 24 25
3918 3372 5 14 17 20 21 22
2145 4932 5 14 17 23 24 25
3246 4764 2 14 17
4917 1242 3 14 23 24
2505 6549 3 14 23 24
3396 1887 7 15 16 19 21 23 24 25
4110 2238 4 15 16 19 21
5049 1728 7 15 17 19 20 21 22 25
6012 5874 8 15 19 20 21 22 23 24 25
1587 5253 8 15 19 20 21 22 23 24 25
5952 5793 8 15 19 20 21 22 23 24 25
6024 5871 8 15 19 20 21 22 23 24 25
2715 5418 5 15 19 20 21 22
1494 3885 5 15 19 23 24 25
4929 5901 5 15 19 23 24 25
171 3372 2 15 19
4722 4845 4 16 17 21 25
3099 6066 5 16 21 23 24 25
3831 4995 2 16 21
3327 3477 5 17 20 21 22 25
3255 5979 2 17 25
5928 2700 6 20 21 22 23 24 25
6111 5946 6 20 21 22 23 24 25
6066 4887 6 20 21 22 23 24 25
1563 2595 6 20 21 22 23 24 25
5994 4968 6 20 21 22 23 24 25
1704 5253 6 20 21 22 23 24 25
2238 6015 3 20 21 22
1242 3081 3 23 24 25
1242 2781 3 23 24 25
