19 1366 
5132 5292 6 1 4 6 10 14 19
5062 2090 6 1 4 6 10 15 19
5182 2816 6 1 4 7 10 12 16
5322 3804 5 1 4 7 10 12
5142 3466 7 1 4 7 13 14 16 17
5296 3700 6 1 4 7 13 14 17
5000 4676 7 1 4 7 15 16 17 18
5152 4818 6 1 4 7 15 17 18
3626 2736 5 1 4 7 16 17
3778 3368 4 1 4 7 17
4820 1040 5 1 4 10 11 18
4246 5502 8 1 4 10 13 14 16 17 19
4400 1858 7 1 4 10 13 14 17 19
4148 2486 8 1 4 10 13 15 16 17 19
4300 3808 7 1 4 10 13 15 17 19
5152 4756 5 1 4 10 14 18
4102 4226 8 1 4 10 15 16 17 18 19
4256 3110 7 1 4 10 15 17 18 19
5382 2596 6 1 4 10 16 17 19
2730 1874 6 1 4 10 16 17 19
2882 4832 5 1 4 10 17 19
5480 4570 6 1 6 9 15 16 18
4716 3914 7 1 8 9 11 16 17 18
5018 4300 6 1 8 9 11 17 18
4668 2788 6 1 8 11 16 17 19
4822 4068 5 1 8 11 17 19
4846 3342 6 1 9 10 12 16 18
5152 2080 5 1 9 10 12 18
4894 1856 7 1 9 11 13 16 17 18
5196 4000 6 1 9 11 13 17 18
4870 3768 5 1 10 12 16 19
5012 2020 4 1 10 12 19
5370 4334 6 1 11 13 16 17 19
5314 4030 5 1 11 13 17 19
4832 3494 6 1 13 14 16 17 19
4986 4574 5 1 13 14 17 19
4734 788 6 1 13 15 16 17 19
4886 2940 5 1 13 15 17 19
4614 3600 6 1 15 16 17 18 19
4768 4712 5 1 15 17 18 19
3310 4988 4 1 16 17 19
3462 4060 3 1 17 19
1902 1076 1 1
1434 1856 7 2 4 10 13 14 15 18
1874 2980 5 2 4 10 13 14
2676 3272 5 2 4 10 14 18
2102 5152 6 2 6 9 14 16 18
2504 1642 5 2 6 9 14 18
4818 3296 4 2 6 11 19
3088 3744 6 2 6 14 15 18 19
2942 2732 6 2 6 14 15 18 19
3298 2734 4 2 6 14 19
3404 2402 4 2 6 14 19
3224 5426 7 2 8 11 13 14 15 18
4352 4480 5 2 8 11 14 18
1770 3968 5 2 8 11 14 18
5482 4340 5 2 8 11 15 18
5542 3440 5 2 8 11 15 18
2960 4400 5 2 8 11 15 18
3150 4810 3 2 8 11
4598 2604 5 2 8 13 14 15
2956 5210 5 2 8 14 15 18
3144 4894 3 2 8 14
2636 3540 5 2 9 16 17 18
2486 3144 5 2 9 16 17 18
3308 5042 5 2 9 16 17 18
2788 3724 4 2 9 17 18
3054 2392 5 2 11 13 14 18
3242 3804 5 2 11 13 14 18
3758 3808 5 2 11 13 15 18
4224 4236 3 2 11 13
2360 4236 3 2 11 18
4936 3124 3 2 11 18
1788 4340 5 2 13 14 15 18
4030 2294 5 2 13 14 15 18
3752 4486 5 2 13 14 15 18
2118 2338 5 2 13 14 15 18
4144 2632 5 2 13 14 15 18
4000 860 5 2 13 14 15 18
2558 4272 3 2 13 14
4212 4340 3 2 13 14
3866 3360 6 2 14 16 17 18 19
3736 3480 5 2 14 17 18 19
5294 792 3 2 14 18
2570 5106 3 2 14 18
2690 2094 3 2 14 18
3794 2738 6 2 15 16 17 18 19
3736 3316 6 2 15 16 17 18 19
3668 2994 5 2 15 17 18 19
3946 4318 5 2 15 17 18 19
968 4194 3 2 15 18
2666 4530 4 2 16 17 19
5036 4682 4 2 16 17 19
5108 1648 3 2 17 19
2608 4912 3 2 17 19
3330 3088 1 2
1408 2144 1 2
1400 4648 6 3 4 5 7 16 17
1722 5370 5 3 4 5 7 17
3564 2164 5 3 4 6 7 14
4038 4568 5 3 4 6 7 15
2490 2202 8 3 4 6 10 14 15 18 19
2590 5534 6 3 4 6 10 14 19
3062 4770 6 3 4 6 10 15 19
2778 3752 8 3 4 7 8 11 14 17 18
3480 2004 7 3 4 7 8 14 16 17
4154 3794 6 3 4 7 8 14 17
2030 3230 6 3 4 7 10 12 16
2702 1168 5 3 4 7 10 12
2150 3396 8 3 4 7 13 14 15 17 18
2422 3608 7 3 4 7 13 14 16 17
2616 2146 6 3 4 7 13 14 17
2684 4768 7 3 4 7 14 16 17 18
3358 4682 6 3 4 7 14 17 18
3270 4474 5 3 4 7 16 17
1190 2316 5 3 4 7 16 17
3246 5044 5 3 4 7 16 17
1298 4964 4 3 4 7 17
2506 1976 8 3 4 8 10 14 16 17 19
3178 5044 7 3 4 8 10 14 17 19
2058 4680 8 3 4 10 13 14 16 17 19
2032 3270 7 3 4 10 13 14 17 19
1746 2080 7 3 4 10 13 15 17 19
2072 5132 8 3 4 10 14 16 17 18 19
2382 4354 7 3 4 10 14 17 18 19
828 3168 6 3 4 10 16 17 19
2250 4568 6 3 4 10 16 17 19
802 3122 5 3 4 10 17 19
2968 4878 5 3 4 10 17 19
2916 3020 7 3 5 6 14 15 18 19
2934 5236 7 3 5 6 14 15 18 19
3256 1900 5 3 5 6 14 19
3426 2676 5 3 5 6 14 19
3728 3910 5 3 5 6 15 19
1832 4494 6 3 5 7 12 17 19
1846 4154 6 3 5 7 12 17 19
2392 4774 8 3 5 8 9 11 16 17 18
2456 4890 8 3 5 8 9 11 16 17 18
2380 2718 8 3 5 8 9 11 16 17 18
3144 2684 7 3 5 8 9 11 17 18
3116 3240 7 3 5 8 9 11 17 18
3724 4648 6 3 5 8 9 16 17
3802 2206 6 3 5 8 9 16 17
4462 2360 5 3 5 8 9 17
2806 4414 8 3 5 8 11 14 17 18 19
2738 1596 8 3 5 8 11 15 17 18 19
3522 1164 7 3 5 8 14 16 17 19
4182 1962 6 3 5 8 14 17 19
3452 5374 7 3 5 8 15 16 17 19
4112 5540 6 3 5 8 15 17 19
3058 4370 6 3 5 9 16 17 18
2958 2576 6 3 5 9 16 17 18
3696 2758 5 3 5 9 17 18
3736 3794 5 3 5 9 17 18
2066 4278 7 3 5 10 12 15 18 19
1856 2626 6 3 5 10 12 16 19
2400 4180 5 3 5 10 12 19
2202 5308 8 3 5 13 14 15 17 18 19
3012 3508 7 3 5 13 14 16 17 19
2972 988 6 3 5 13 14 17 19
2154 4038 7 3 5 13 15 16 17 19
2546 4324 6 3 5 13 15 17 19
3024 4886 7 3 5 14 16 17 18 19
3386 4766 6 3 5 14 17 18 19
2640 3758 7 3 5 15 16 17 18 19
1068 3134 7 3 5 15 16 17 18 19
1068 4520 7 3 5 15 16 17 18 19
2602 3688 7 3 5 15 16 17 18 19
2602 3786 7 3 5 15 16 17 18 19
3256 5466 6 3 5 15 17 18 19
1028 4226 6 3 5 15 17 18 19
3312 3224 6 3 5 15 17 18 19
3334 3432 6 3 5 15 17 18 19
2942 1368 5 3 5 16 17 19
2936 4866 5 3 5 16 17 19
2942 3376 5 3 5 16 17 19
1676 1320 5 3 5 16 17 19
3608 1790 4 3 5 17 19
1650 1636 4 3 5 17 19
3596 2958 4 3 5 17 19
1636 3504 4 3 5 17 19
2806 4960 8 3 6 7 12 14 15 18 19
3414 5080 6 3 6 7 12 14 19
3588 4116 6 3 6 7 12 15 19
4222 4502 8 3 6 8 9 11 14 16 18
4960 2832 7 3 6 8 9 11 14 18
4254 4668 7 3 6 8 9 11 14 18
4700 2984 8 3 6 8 9 11 15 16 18
4180 2782 7 3 6 8 9 11 15 18
5568 3218 6 3 6 8 9 14 16
5598 4262 5 3 6 8 9 14
5526 3842 5 3 6 8 9 15
4582 3608 8 3 6 8 11 14 15 18 19
4384 3076 7 3 6 9 11 13 14 18
4286 3290 7 3 6 9 11 13 15 18
5474 4004 5 3 6 9 11 18
5520 190 5 3 6 9 13 14
5420 2548 5 3 6 9 13 15
4802 2136 6 3 6 9 14 16 18
5496 3684 5 3 6 9 14 18
5274 2890 6 3 6 9 15 16 18
5426 3300 5 3 6 9 15 18
3996 3736 3 3 6 9
3690 5382 8 3 6 11 13 14 15 18 19
4228 4834 6 3 6 11 13 14 19
3932 2942 6 3 6 11 13 15 19
4738 3426 6 3 6 11 15 18 19
5120 5480 4 3 6 11 19
4262 3124 6 3 6 13 14 15 19
4834 4402 6 3 6 13 14 15 19
4432 3264 7 3 6 14 15 16 18 19
5098 4510 6 3 6 14 15 18 19
5110 2246 6 3 6 14 15 18 19
2610 4876 6 3 6 14 15 18 19
4772 4266 5 3 6 14 16 19
3218 2676 4 3 6 14 19
5244 3932 5 3 6 15 16 19
3316 3458 4 3 6 15 19
2984 594 8 3 7 8 9 11 12 17 18
3578 5420 7 3 7 8 9 12 16 17
3656 4106 7 3 7 8 9 12 16 17
3554 4772 7 3 7 8 9 12 16 17
4328 2796 6 3 7 8 9 12 17
4344 3224 6 3 7 8 9 12 17
2660 4898 9 3 7 8 11 12 14 17 18 19
2592 4588 9 3 7 8 11 12 15 17 18 19
3362 5616 8 3 7 8 12 14 16 17 19
4036 3994 7 3 7 8 12 14 17 19
3294 5216 8 3 7 8 12 15 16 17 19
3968 5112 7 3 7 8 12 15 17 19
2788 4898 7 3 7 9 12 16 17 18
2812 5100 7 3 7 9 12 16 17 18
2918 3248 7 3 7 9 12 16 17 18
3562 2968 6 3 7 9 12 17 18
3578 4112 6 3 7 9 12 17 18
2202 5322 9 3 7 12 13 14 15 17 18 19
2998 1214 8 3 7 12 13 14 16 17 19
2972 5244 7 3 7 12 13 14 17 19
2140 4518 8 3 7 12 13 15 16 17 19
2400 5366 7 3 7 12 13 15 17 19
3010 3232 8 3 7 12 14 16 17 18 19
3240 3322 7 3 7 12 14 17 18 19
2456 4688 8 3 7 12 15 16 17 18 19
1056 4716 8 3 7 12 15 16 17 18 19
2450 5366 8 3 7 12 15 16 17 18 19
1068 936 8 3 7 12 15 16 17 18 19
2432 3242 8 3 7 12 15 16 17 18 19
2444 3128 8 3 7 12 15 16 17 18 19
1028 1068 7 3 7 12 15 17 18 19
3122 3398 7 3 7 12 15 17 18 19
3104 4888 7 3 7 12 15 17 18 19
2758 4316 6 3 7 12 16 17 19
2796 5324 6 3 7 12 16 17 19
1664 3590 6 3 7 12 16 17 19
3444 2498 5 3 7 12 17 19
3432 2072 5 3 7 12 17 19
1636 1632 5 3 7 12 17 19
3366 4862 8 3 8 9 10 11 12 16 18
3458 4522 8 3 8 9 10 11 12 16 18
3546 5294 7 3 8 9 10 11 12 18
4712 4498 6 3 8 9 10 12 16
4804 1846 6 3 8 9 10 12 16
5448 4296 5 3 8 9 10 12
4890 2400 5 3 8 9 10 12
4600 2118 7 3 8 9 11 16 17 18
2026 4704 7 3 8 9 11 16 17 18
4628 5332 7 3 8 9 11 16 17 18
1962 3864 7 3 8 9 11 16 17 18
2698 5060 6 3 8 9 11 17 18
5516 5268 6 3 8 9 11 17 18
5366 4434 6 3 8 9 11 17 18
2726 1944 6 3 8 9 11 17 18
4562 3588 7 3 8 9 15 16 17 18
4714 2942 6 3 8 9 15 17 18
3398 3332 5 3 8 9 16 17
3306 2508 5 3 8 9 16 17
4044 5654 4 3 8 9 17
3120 2972 9 3 8 10 11 12 14 16 18 19
3794 5132 8 3 8 10 11 12 14 18 19
3052 2564 9 3 8 10 11 12 15 16 18 19
3724 1610 8 3 8 10 11 12 15 18 19
4496 4256 7 3 8 10 12 14 16 19
5168 2702 6 3 8 10 12 14 19
4426 3570 7 3 8 10 12 15 16 19
5100 1434 6 3 8 10 12 15 19
3134 2518 10 3 8 11 13 14 15 16 17 18 19
3808 4716 9 3 8 11 13 14 15 17 18 19
1984 2778 8 3 8 11 14 16 17 18 19
4310 2656 8 3 8 11 14 16 17 18 19
5028 5050 7 3 8 11 14 17 18 19
2390 2714 7 3 8 11 14 17 18 19
4464 2242 8 3 8 11 15 16 17 18 19
1648 4690 8 3 8 11 15 16 17 18 19
4958 1450 7 3 8 11 15 17 18 19
2320 4344 7 3 8 11 15 17 18 19
4510 4568 8 3 8 13 14 15 16 17 19
5182 2764 7 3 8 13 14 15 17 19
3092 4382 6 3 8 14 16 17 19
3764 4514 5 3 8 14 17 19
5616 2698 6 3 8 15 16 17 19
3022 762 6 3 8 15 16 17 19
3696 2610 5 3 8 15 17 19
3504 234 8 3 9 10 11 12 13 16 18
3650 4174 7 3 9 10 11 12 13 18
4638 3442 6 3 9 10 12 13 16
4784 4404 5 3 9 10 12 13
3946 4444 6 3 9 10 12 16 18
4710 4640 5 3 9 10 12 18
4682 4714 5 3 9 10 12 18
3240 2452 7 3 9 11 13 16 17 18
3978 5120 6 3 9 11 13 17 18
3910 2928 7 3 9 13 15 16 17 18
4610 2532 6 3 9 13 15 17 18
4440 4600 5 3 9 13 16 17
4376 5136 5 3 9 13 16 17
5112 4348 4 3 9 13 17
2634 5232 5 3 9 16 17 18
2606 4414 5 3 9 16 17 18
2542 4818 5 3 9 16 17 18
3240 3610 4 3 9 17 18
3278 2774 4 3 9 17 18
2092 2804 9 3 10 11 12 13 15 16 18 19
2280 1032 8 3 10 11 12 13 15 18 19
2700 1408 7 3 10 11 12 13 16 19
2888 3054 6 3 10 11 12 13 19
2136 3722 9 3 10 12 13 14 15 16 18 19
2594 1740 8 3 10 12 13 14 15 18 19
2744 4190 7 3 10 12 13 14 16 19
2934 2150 6 3 10 12 13 14 19
2732 2042 7 3 10 12 13 15 16 19
3406 3248 6 3 10 12 13 15 19
3700 2882 7 3 10 12 14 16 18 19
4374 3882 6 3 10 12 14 18 19
1040 3312 7 3 10 12 15 16 18 19
3590 3786 7 3 10 12 15 16 18 19
3570 4218 7 3 10 12 15 16 18 19
4242 2120 6 3 10 12 15 18 19
1642 2654 6 3 10 12 15 18 19
1648 2866 5 3 10 12 16 19
1982 4570 4 3 10 12 19
3298 3668 8 3 11 13 14 16 17 18 19
3668 2166 7 3 11 13 14 17 18 19
2926 2570 8 3 11 13 15 16 17 18 19
3600 2202 7 3 11 13 15 17 18 19
3694 4290 8 3 13 14 15 16 17 18 19
2032 1028 8 3 13 14 15 16 17 18 19
3688 3118 8 3 13 14 15 16 17 18 19
4354 5150 7 3 13 14 15 17 18 19
2006 1364 7 3 13 14 15 17 18 19
4148 4426 6 3 13 14 16 17 19
4156 1936 6 3 13 14 16 17 19
2802 3842 6 3 13 14 16 17 19
2776 3878 5 3 13 14 17 19
4834 1068 5 3 13 14 17 19
5064 1316 5 3 13 14 17 19
1944 3704 6 3 13 15 16 17 19
2128 3120 5 3 13 15 17 19
4722 2670 5 3 13 15 17 19
2814 3574 6 3 14 16 17 18 19
4890 4300 6 3 14 16 17 18 19
2968 3534 5 3 14 17 18 19
2406 5468 6 3 15 16 17 18 19
2208 2858 6 3 15 16 17 18 19
860 1002 6 3 15 16 17 18 19
2172 5420 6 3 15 16 17 18 19
4824 2280 6 3 15 16 17 18 19
4804 2960 6 3 15 16 17 18 19
2164 1676 6 3 15 16 17 18 19
2882 3528 5 3 15 17 18 19
832 2076 5 3 15 17 18 19
1468 2438 4 3 16 17 19
2504 782 4 3 16 17 19
2548 4582 4 3 16 17 19
2524 3746 4 3 16 17 19
2504 5274 4 3 16 17 19
3222 2124 3 3 17 19
1440 4406 3 3 17 19
240 5182 1 3
4500 5410 7 4 5 6 7 13 14 15
3082 2262 5 4 5 6 7 14
4364 3826 5 4 5 6 7 15
2634 3080 9 4 5 6 8 9 10 11 14 18
3978 4656 7 4 5 6 8 9 10 14
3212 3700 7 4 5 6 9 10 14 18
3604 3808 8 4 5 6 10 13 14 15 19
2816 5588 8 4 5 6 10 14 15 18 19
2186 1400 6 4 5 6 10 14 19
4838 4608 6 4 5 6 10 14 19
2924 5018 6 4 5 6 10 14 19
3390 3710 6 4 5 6 10 15 19
2452 2908 9 4 5 7 8 11 14 16 17 18
3112 3470 8 4 5 7 8 11 14 17 18
3826 2722 7 4 5 7 8 14 16 17
4486 4118 6 4 5 7 8 14 17
2376 1888 6 4 5 7 10 12 16
958 5180 7 4 5 7 10 12 17 19
3036 3994 5 4 5 7 10 12
1822 3564 9 4 5 7 13 14 15 16 17 18
2482 3082 8 4 5 7 13 14 15 17 18
2394 3724 7 4 5 7 13 14 16 17
2950 4182 6 4 5 7 13 14 17
3030 4990 7 4 5 7 14 16 17 18
3690 4864 6 4 5 7 14 17 18
1164 3764 5 4 5 7 16 17
3572 4096 5 4 5 7 16 17
3578 2114 5 4 5 7 16 17
1632 4590 4 4 5 7 17
4232 4960 4 4 5 7 17
2852 2360 8 4 5 8 10 14 16 17 19
3512 3474 7 4 5 8 10 14 17 19
2032 4256 8 4 5 10 13 14 16 17 19
1992 4492 7 4 5 10 13 14 17 19
1420 3736 8 4 5 10 13 15 16 17 19
2080 4512 7 4 5 10 13 15 17 19
2056 762 8 4 5 10 14 16 17 18 19
2716 5338 7 4 5 10 14 17 18 19
802 5130 6 4 5 10 16 17 19
2596 4522 6 4 5 10 16 17 19
2604 4002 6 4 5 10 16 17 19
762 3660 5 4 5 10 17 19
3256 3978 5 4 5 10 17 19
4218 3690 8 4 6 7 8 11 14 15 18
5440 3418 6 4 6 7 8 11 14
5366 4858 6 4 6 7 8 11 15
5442 4942 6 4 6 7 8 14 15
2676 4446 9 4 6 7 10 12 14 15 18 19
2778 4390 7 4 6 7 10 12 14 19
3250 3452 7 4 6 7 10 12 15 19
4324 2640 8 4 6 7 11 13 14 15 18
4666 3908 6 4 6 7 11 13 14
4568 3674 6 4 6 7 11 13 15
5512 4482 6 4 6 7 11 14 18
5374 4660 6 4 6 7 11 15 18
2882 3640 6 4 6 7 13 14 15
4898 4438 6 4 6 7 13 14 15
3188 4614 9 4 6 7 14 15 16 17 18 19
3862 3036 8 4 6 7 14 15 17 18 19
5462 812 6 4 6 7 14 15 18
3528 3772 7 4 6 7 14 16 17 19
5408 3436 5 4 6 7 14 16
3812 2508 6 4 6 7 14 17 19
4520 3092 6 4 6 7 14 17 19
3474 2162 4 4 6 7 14
1696 4636 4 4 6 7 14
4284 3688 6 4 6 7 15 17 19
3952 4032 4 4 6 7 15
1888 2602 9 4 6 8 9 10 11 14 16 18
4046 3278 9 4 6 8 9 10 11 14 16 18
2288 3562 8 4 6 8 9 10 11 14 18
2338 4958 8 4 6 8 9 10 11 14 18
3232 5462 7 4 6 8 9 10 14 16
3540 4978 6 4 6 8 9 10 14
3352 3144 9 4 6 8 10 11 14 15 18 19
3322 3298 9 4 6 8 10 11 14 15 18 19
3290 1810 9 4 6 8 10 11 14 15 18 19
4568 4856 7 4 6 8 10 11 14 19
2692 5600 7 4 6 8 10 11 14 19
4470 5406 7 4 6 8 10 11 15 19
4544 4098 7 4 6 8 10 14 15 19
2120 5064 9 4 6 9 10 11 13 14 16 18
2574 2032 8 4 6 9 10 11 13 14 18
4216 3806 8 4 6 9 10 13 14 15 18
3128 1056 7 4 6 9 10 13 14 16
3436 4390 6 4 6 9 10 13 14
4788 4304 6 4 6 9 10 13 15
3134 3202 7 4 6 9 10 14 16 18
3168 3714 6 4 6 9 10 14 18
3440 3386 6 4 6 9 10 14 18
3020 3694 9 4 6 10 11 13 14 15 18 19
3368 4614 7 4 6 10 11 13 14 19
4704 5160 7 4 6 10 11 13 14 19
3592 2788 7 4 6 10 11 13 15 19
4614 3572 7 4 6 10 11 14 18 19
4400 4890 7 4 6 10 11 15 18 19
4782 2058 5 4 6 10 11 19
4156 3578 7 4 6 10 13 14 15 19
1986 5142 7 4 6 10 13 14 15 19
3924 5144 7 4 6 10 13 14 15 19
3924 2820 7 4 6 10 13 14 15 19
4296 3856 7 4 6 10 13 14 15 19
4334 5308 8 4 6 10 14 15 16 18 19
2398 2942 7 4 6 10 14 15 18 19
4568 4490 7 4 6 10 14 15 18 19
1940 3724 7 4 6 10 14 15 18 19
4434 1636 6 4 6 10 14 16 19
3174 5638 5 4 6 10 14 19
1336 3080 5 4 6 10 14 19
4906 4894 6 4 6 10 15 16 19
2978 3662 5 4 6 10 15 19
3426 2018 9 4 7 8 10 11 12 14 16 18
3582 4278 8 4 7 8 10 11 12 14 18
4590 3738 7 4 7 8 10 11 12 16
4730 4376 6 4 7 8 10 11 12
2692 3178 9 4 7 8 10 12 14 16 17 19
4664 4302 7 4 7 8 10 12 14 16
3366 4832 8 4 7 8 10 12 14 17 19
4806 1788 6 4 7 8 10 12 14
3468 4562 10 4 7 8 11 13 14 15 16 17 18
4142 4152 9 4 7 8 11 13 14 15 17 18
4622 3468 8 4 7 8 11 14 16 17 18
2020 4716 8 4 7 8 11 14 16 17 18
4616 4218 7 4 7 8 11 14 17 18
2694 5182 7 4 7 8 11 14 17 18
4408 3668 8 4 7 8 11 15 16 17 18
4560 3366 7 4 7 8 11 15 17 18
4844 3688 8 4 7 8 13 14 15 16 17
5516 3578 7 4 7 8 13 14 15 17
4482 3918 8 4 7 8 14 15 16 17 18
4636 1428 7 4 7 8 14 15 17 18
3396 3512 6 4 7 8 14 16 17
4068 1984 5 4 7 8 14 17
3546 2956 9 4 7 10 11 12 13 14 16 18
3688 2082 8 4 7 10 11 12 13 14 18
2566 3212 7 4 7 10 11 12 13 16
3240 1948 6 4 7 10 11 12 13
2796 4758 9 4 7 10 12 13 14 15 16 18
3470 3272 8 4 7 10 12 13 14 15 18
2018 4994 9 4 7 10 12 13 14 16 17 19
2104 3306 7 4 7 10 12 13 14 16
3264 5352 7 4 7 10 12 13 14 16
1992 2764 8 4 7 10 12 13 14 17 19
3570 3030 6 4 7 10 12 13 14
2246 5382 6 4 7 10 12 13 14
4898 2836 6 4 7 10 12 13 14
1262 4846 9 4 7 10 12 13 15 16 17 19
3370 4666 7 4 7 10 12 13 15 16
1934 4844 8 4 7 10 12 13 15 17 19
4042 4788 6 4 7 10 12 13 15
2032 5018 9 4 7 10 12 14 16 17 18 19
4004 352 7 4 7 10 12 14 16 18
2570 5612 8 4 7 10 12 14 17 18 19
4678 1262 6 4 7 10 12 14 18
4614 3398 7 4 7 10 12 15 16 18
4756 2788 6 4 7 10 12 15 18
2438 4758 7 4 7 10 12 16 17 19
2420 1834 7 4 7 10 12 16 17 19
2276 3404 7 4 7 10 12 16 17 19
788 4384 7 4 7 10 12 16 17 19
1946 3650 5 4 7 10 12 16
762 5534 6 4 7 10 12 17 19
2618 4148 4 4 7 10 12
3300 5122 8 4 7 11 13 14 16 17 18
3972 4260 7 4 7 11 13 14 17 18
4512 4628 8 4 7 11 13 15 16 17 18
4666 5426 7 4 7 11 13 15 17 18
1416 2606 8 4 7 13 14 15 16 17 18
1922 4948 8 4 7 13 14 15 16 17 18
3994 4736 8 4 7 13 14 15 16 17 18
2076 2388 7 4 7 13 14 15 17 18
2064 3502 7 4 7 13 14 15 17 18
4912 2958 7 4 7 13 14 15 17 18
3202 2066 6 4 7 13 14 16 17
2186 4066 6 4 7 13 14 16 17
2532 4058 5 4 7 13 14 17
2600 2062 6 4 7 14 16 17 18
3274 4646 5 4 7 14 17 18
3058 4614 6 4 7 15 16 17 18
3212 2802 5 4 7 15 17 18
954 2778 4 4 7 16 17
4522 4148 4 4 7 16 17
1214 2766 3 4 7 17
2262 3820 8 4 8 9 10 11 16 17 18
2564 4668 7 4 8 9 10 11 17 18
3608 2742 6 4 8 9 10 16 17
3908 3438 5 4 8 9 10 17
3124 3916 10 4 8 10 11 13 14 15 17 18 19
2680 4216 8 4 8 10 11 13 14 15 18
5292 5028 8 4 8 10 11 13 14 15 18
2656 2564 8 4 8 10 11 13 14 15 18
3228 3592 6 4 8 10 11 13 14
3566 3358 9 4 8 10 11 14 16 17 18 19
3648 5328 9 4 8 10 11 14 16 17 18 19
1706 2566 8 4 8 10 11 14 17 18 19
3794 4708 8 4 8 10 11 14 17 18 19
1232 5046 6 4 8 10 11 14 18
3510 3310 9 4 8 10 11 15 16 17 18 19
3664 3290 8 4 8 10 11 15 17 18 19
4714 2306 7 4 8 10 11 16 17 19
2214 4540 7 4 8 10 11 16 17 19
2366 2950 6 4 8 10 11 17 19
4866 5300 6 4 8 10 11 17 19
4498 2466 8 4 8 10 13 14 15 17 19
4030 1992 6 4 8 10 13 14 15
3586 3438 9 4 8 10 14 15 16 17 18 19
3738 3030 9 4 8 10 14 15 16 17 18 19
3740 3236 8 4 8 10 14 15 17 18 19
4788 1934 7 4 8 10 14 16 17 19
4942 3318 6 4 8 10 14 17 19
3080 3546 6 4 8 10 14 17 19
2606 5650 4 4 8 10 14
4948 3126 7 4 8 10 15 16 17 19
5102 5516 6 4 8 10 15 17 19
2516 2668 8 4 9 10 11 13 16 17 18
2366 4722 8 4 9 10 11 13 16 17 18
2738 4676 8 4 9 10 11 13 16 17 18
2668 4568 7 4 9 10 11 13 17 18
3724 3250 7 4 9 10 11 13 17 18
3502 2420 6 4 9 10 13 16 17
3650 4714 6 4 9 10 13 16 17
3804 5542 5 4 9 10 13 17
3508 2160 6 4 9 10 16 17 18
3810 4990 5 4 9 10 17 18
3746 4772 9 4 10 11 13 14 16 17 18 19
3190 3656 8 4 10 11 13 14 17 18 19
2984 2566 8 4 10 11 13 14 17 18 19
5122 5062 6 4 10 11 13 14 18
2144 2936 6 4 10 11 13 14 18
3616 4196 9 4 10 11 13 15 16 17 18 19
3768 3606 8 4 10 11 13 15 17 18 19
3122 3812 8 4 10 11 13 15 17 18 19
2602 5496 6 4 10 11 13 15 18
2726 2214 7 4 10 11 13 16 17 19
4894 1832 7 4 10 11 13 16 17 19
5048 2806 6 4 10 11 13 17 19
2670 2726 6 4 10 11 13 17 19
1404 2666 4 4 10 11 13
4824 5456 7 4 10 11 16 17 18 19
4978 3700 6 4 10 11 17 18 19
1078 3486 9 4 10 13 14 15 16 17 18 19
3254 1690 9 4 10 13 14 15 16 17 18 19
3650 2504 9 4 10 13 14 15 16 17 18 19
3704 2600 8 4 10 13 14 15 17 18 19
1076 4156 8 4 10 13 14 15 17 18 19
3684 5286 8 4 10 13 14 15 17 18 19
3806 3728 8 4 10 13 14 15 17 18 19
3804 2978 8 4 10 13 14 15 17 18 19
812 5504 6 4 10 13 14 15 18
2306 2998 7 4 10 13 14 16 17 19
3484 2602 7 4 10 13 14 16 17 19
2306 4458 7 4 10 13 14 16 17 19
3478 3054 7 4 10 13 14 16 17 19
1842 4638 6 4 10 13 14 17 19
1782 4610 6 4 10 13 14 17 19
1450 5012 4 4 10 13 14
4858 3212 7 4 10 13 15 16 17 19
2206 4390 7 4 10 13 15 16 17 19
1644 1766 6 4 10 13 15 17 19
2360 3538 6 4 10 13 15 17 19
5012 2680 6 4 10 13 15 17 19
1398 3952 4 4 10 13 15
2234 1964 7 4 10 14 16 17 18 19
4226 2700 7 4 10 14 16 17 18 19
2388 1224 6 4 10 14 17 18 19
2286 2796 6 4 10 14 17 18 19
1810 2150 4 4 10 14 18
4818 5412 7 4 10 15 16 17 18 19
2162 2128 7 4 10 15 16 17 18 19
2162 4802 7 4 10 15 16 17 18 19
2314 2026 6 4 10 15 17 18 19
5152 4734 6 4 10 15 17 18 19
2402 2852 5 4 10 16 17 19
782 4016 5 4 10 16 17 19
2160 3570 5 4 10 16 17 19
936 1544 4 4 10 17 19
552 5442 4 4 10 17 19
352 4070 2 4 10
5088 2000 6 5 6 7 9 12 16
3104 5192 8 5 6 7 12 14 15 18 19
3110 5538 8 5 6 7 12 14 15 18 19
3442 4236 6 5 6 7 12 14 19
3448 3222 6 5 6 7 12 14 19
3916 2786 6 5 6 7 12 15 19
4066 5274 9 5 6 8 9 11 13 14 15 18
5180 5166 7 5 6 8 9 11 13 14
5080 5000 7 5 6 8 9 11 13 15
4066 3404 8 5 6 8 9 11 14 16 18
3688 2366 9 5 6 8 9 11 14 17 18 19
2648 4908 7 5 6 8 9 11 14 18
4132 3216 7 5 6 8 9 11 14 18
5028 2972 8 5 6 8 9 11 15 16 18
3994 1028 8 5 6 8 9 11 15 16 18
3590 5186 9 5 6 8 9 11 15 17 18 19
3120 4668 7 5 6 8 9 11 15 18
5412 3286 7 5 6 8 9 13 14 15
5410 3802 6 5 6 8 9 14 16
5032 2268 7 5 6 8 9 14 17 19
3994 4254 5 5 6 8 9 14
5338 5130 6 5 6 8 9 15 16
4934 2208 7 5 6 8 9 15 17 19
4466 3246 5 5 6 8 9 15
4908 4024 8 5 6 8 11 14 15 18 19
5456 4496 8 5 6 8 11 14 15 18 19
4170 4284 6 5 6 8 11 14 19
4098 3362 6 5 6 8 11 15 19
4196 4168 8 5 6 9 11 13 14 16 18
4414 2916 7 5 6 9 11 13 14 18
3928 3886 7 5 6 9 11 13 14 18
4098 2382 8 5 6 9 11 13 15 16 18
4164 2162 7 5 6 9 11 13 15 18
5286 3084 6 5 6 9 11 16 18
5504 3254 5 5 6 9 11 18
5352 2032 5 5 6 9 11 18
4596 5482 7 5 6 9 13 14 15 18
4646 5010 7 5 6 9 13 14 15 18
5332 3650 6 5 6 9 13 14 16
5062 2860 5 5 6 9 13 14
5232 4824 6 5 6 9 13 15 16
5300 4352 5 5 6 9 13 15
4216 1792 8 5 6 9 14 16 17 18 19
5130 3648 6 5 6 9 14 16 18
5136 4628 6 5 6 9 14 16 18
4268 2594 7 5 6 9 14 17 18 19
3228 3554 5 5 6 9 14 18
4118 5112 8 5 6 9 15 16 17 18 19
5238 2482 6 5 6 9 15 16 18
4168 2962 7 5 6 9 15 17 18 19
3700 2694 5 5 6 9 15 18
5540 2504 5 5 6 9 15 18
5212 3190 6 5 6 9 16 17 19
3808 5270 4 5 6 9 16
3882 3120 3 5 6 9
4018 2778 8 5 6 11 13 14 15 18 19
4024 2704 8 5 6 11 13 14 15 18 19
4302 4046 6 5 6 11 13 14 19
4202 412 6 5 6 11 13 15 19
5064 2744 6 5 6 11 15 18 19
5390 2490 4 5 6 11 19
4716 3740 6 5 6 13 14 15 19
4190 3462 6 5 6 13 14 15 19
4190 2104 6 5 6 13 14 15 19
4772 3406 7 5 6 14 15 16 18 19
5426 968 6 5 6 14 15 18 19
4116 3924 6 5 6 14 15 18 19
2832 4576 6 5 6 14 15 18 19
2838 3144 6 5 6 14 15 18 19
5112 958 5 5 6 14 16 19
2766 2438 4 5 6 14 19
2666 4142 4 5 6 15 19
5324 4132 4 5 6 15 19
2542 2034 9 5 7 8 9 11 12 16 17 18
2666 2376 9 5 7 8 9 11 12 16 17 18
3332 2394 8 5 7 8 9 11 12 17 18
3924 4966 7 5 7 8 9 12 16 17
3886 3846 7 5 7 8 9 12 16 17
4676 3322 6 5 7 8 9 12 17
4690 2934 6 5 7 8 9 12 17
2994 4654 9 5 7 8 11 12 14 17 18 19
2926 3822 9 5 7 8 11 12 15 17 18 19
3710 3294 8 5 7 8 12 14 16 17 19
4370 2276 7 5 7 8 12 14 17 19
3640 3444 8 5 7 8 12 15 16 17 19
4300 4730 7 5 7 8 12 15 17 19
3246 5468 7 5 7 9 12 16 17 18
3122 4354 7 5 7 9 12 16 17 18
3918 3104 6 5 7 9 12 17 18
3912 3578 6 5 7 9 12 17 18
2366 4738 9 5 7 12 13 14 15 17 18 19
2972 1746 8 5 7 12 13 14 16 17 19
2932 3528 7 5 7 12 13 14 17 19
2114 1232 8 5 7 12 13 15 16 17 19
2734 3116 7 5 7 12 13 15 17 19
2984 1404 8 5 7 12 14 16 17 18 19
3574 2692 7 5 7 12 14 17 18 19
1028 4328 8 5 7 12 15 16 17 18 19
2778 1696 8 5 7 12 15 16 17 18 19
2764 4700 8 5 7 12 15 16 17 18 19
2764 5296 8 5 7 12 15 16 17 18 19
1028 3388 8 5 7 12 15 16 17 18 19
2764 1656 8 5 7 12 15 16 17 18 19
3424 4804 7 5 7 12 15 17 18 19
1002 5060 7 5 7 12 15 17 18 19
988 4616 7 5 7 12 15 17 18 19
3104 1940 6 5 7 12 16 17 19
1636 3546 6 5 7 12 16 17 19
3104 4564 6 5 7 12 16 17 19
1636 4578 6 5 7 12 16 17 19
1596 4494 5 5 7 12 17 19
1610 3262 5 5 7 12 17 19
3764 1904 5 5 7 12 17 19
3282 3752 8 5 8 9 10 11 12 16 18
3430 2286 7 5 8 9 10 11 12 18
4628 5112 6 5 8 9 10 12 16
5144 2316 6 5 8 9 10 12 16
4774 1398 5 5 8 9 10 12
5060 2504 7 5 8 9 11 16 17 18
2394 3308 7 5 8 9 11 16 17 18
4304 2656 7 5 8 9 11 16 17 18
2294 4082 7 5 8 9 11 16 17 18
3054 4102 6 5 8 9 11 17 18
4446 4926 7 5 8 9 15 16 17 18
4598 2716 6 5 8 9 15 17 18
3640 2914 5 5 8 9 16 17
3744 2456 5 5 8 9 16 17
4398 650 4 5 8 9 17
3468 4706 9 5 8 10 11 12 14 16 18 19
4128 3024 8 5 8 10 11 12 14 18 19
3398 3228 9 5 8 10 11 12 15 16 18 19
4058 1298 8 5 8 10 11 12 15 18 19
4842 4696 7 5 8 10 12 14 16 19
5502 4224 6 5 8 10 12 14 19
4774 1918 7 5 8 10 12 15 16 19
5434 1842 6 5 8 10 12 15 19
3480 5048 10 5 8 11 13 14 15 16 17 18 19
4140 4782 9 5 8 11 13 14 15 17 18 19
2062 2542 8 5 8 11 14 16 17 18 19
4656 5108 8 5 8 11 14 16 17 18 19
4878 3802 8 5 8 11 14 16 17 18 19
5382 2870 7 5 8 11 14 17 18 19
2722 3308 7 5 8 11 14 17 18 19
1994 2064 8 5 8 11 15 16 17 18 19
4588 5434 8 5 8 11 15 16 17 18 19
2654 3346 7 5 8 11 15 17 18 19
5248 4696 7 5 8 11 15 17 18 19
4856 4560 8 5 8 13 14 15 16 17 19
5516 2592 7 5 8 13 14 15 17 19
3438 4678 6 5 8 14 16 17 19
4098 3218 5 5 8 14 17 19
3368 4450 6 5 8 15 16 17 19
4028 5036 5 5 8 15 17 19
3388 2006 8 5 9 10 11 12 13 16 18
3534 2692 7 5 9 10 11 12 13 18
4522 2456 6 5 9 10 12 13 16
4670 4270 5 5 9 10 12 13
4280 4242 6 5 9 10 12 16 18
4676 4462 5 5 9 10 12 18
3574 240 7 5 9 11 13 16 17 18
3674 3190 7 5 9 11 13 16 17 18
4340 1994 6 5 9 11 13 17 18
4334 2314 6 5 9 11 13 17 18
4242 1316 7 5 9 13 15 16 17 18
4340 3594 7 5 9 13 15 16 17 18
4494 3246 6 5 9 13 15 17 18
4710 3928 5 5 9 13 16 17
5468 2984 4 5 9 13 17
2874 1992 5 5 9 16 17 18
3640 1722 4 5 9 17 18
3126 2032 4 5 9 17 18
2064 3794 9 5 10 11 12 13 15 16 18 19
2596 4942 8 5 10 11 12 13 15 18 19
2672 3946 7 5 10 11 12 13 16 19
2936 3736 6 5 10 11 12 13 19
2268 3574 9 5 10 12 13 14 15 16 18 19
2928 4748 8 5 10 12 13 14 15 18 19
2718 3686 7 5 10 12 13 14 16 19
3266 3386 6 5 10 12 13 14 19
3080 2306 7 5 10 12 13 15 16 19
3740 4464 6 5 10 12 13 15 19
4046 2508 7 5 10 12 14 16 18 19
4706 5534 6 5 10 12 14 18 19
1316 4804 7 5 10 12 15 16 18 19
3916 2634 7 5 10 12 15 16 18 19
1976 5032 6 5 10 12 15 18 19
1656 4500 5 5 10 12 16 19
2316 2806 4 5 10 12 19
3342 2414 8 5 11 13 14 16 17 18 19
4002 4364 7 5 11 13 14 17 18 19
3272 4020 8 5 11 13 15 16 17 18 19
3932 4408 7 5 11 13 15 17 18 19
2006 2496 8 5 13 14 15 16 17 18 19
4090 3282 8 5 13 14 15 16 17 18 19
4060 5152 8 5 13 14 15 16 17 18 19
4700 4788 7 5 13 14 15 17 18 19
2094 3058 7 5 13 14 15 17 18 19
4688 4046 7 5 13 14 15 17 18 19
2776 3666 6 5 13 14 16 17 19
4494 2830 6 5 13 14 16 17 19
2736 3122 5 5 13 14 17 19
5166 2984 5 5 13 14 17 19
1918 4246 6 5 13 15 16 17 19
2462 4018 5 5 13 15 17 19
5236 3188 6 5 14 16 17 18 19
2788 2982 6 5 14 16 17 18 19
3302 3866 5 5 14 17 18 19
5112 5154 6 5 15 16 17 18 19
2518 5174 6 5 15 16 17 18 19
832 3696 6 5 15 16 17 18 19
792 2380 5 5 15 17 18 19
2858 4838 4 5 16 17 19
1440 5508 4 5 16 17 19
2850 3390 4 5 16 17 19
1400 1416 3 5 17 19
3752 1982 3 5 17 19
190 3022 1 5
4384 2746 9 6 7 8 9 11 12 14 16 18
3722 4986 9 6 7 8 9 11 12 14 16 18
5174 3110 8 6 7 8 9 11 12 14 18
3648 2444 9 6 7 8 9 11 12 15 16 18
5654 3878 8 6 7 8 9 11 12 15 18
5066 2154 7 6 7 8 9 12 14 16
4994 5066 7 6 7 8 9 12 15 16
4768 4432 9 6 7 8 11 12 14 15 18 19
3852 3850 9 6 7 9 11 12 13 14 16 18
3754 5138 9 6 7 9 11 12 13 15 16 18
4942 5118 7 6 7 9 11 12 16 18
4988 3720 7 6 7 9 12 13 14 16
4888 3708 7 6 7 9 12 13 15 16
4964 2694 7 6 7 9 12 14 16 18
4894 3932 7 6 7 9 12 15 16 18
3470 3424 5 6 7 9 12 16
3878 792 9 6 7 11 12 13 14 15 18 19
4218 4670 7 6 7 11 12 13 14 19
4118 3164 7 6 7 11 12 13 15 19
4926 5098 7 6 7 11 12 15 18 19
5308 3468 5 6 7 11 12 19
4450 2850 7 6 7 12 13 14 15 19
5154 3228 7 6 7 12 13 14 15 19
4620 3280 8 6 7 12 14 15 16 18 19
4608 832 8 6 7 12 14 15 16 18 19
2692 2948 7 6 7 12 14 15 18 19
4948 5480 6 6 7 12 14 16 19
4960 3426 6 6 7 12 14 16 19
3178 4140 5 6 7 12 14 19
5420 5152 6 6 7 12 15 16 19
3504 5516 5 6 7 12 15 19
5480 5084 9 6 8 9 11 13 14 15 16 18
3866 5440 9 6 8 9 11 13 14 15 16 18
4200 1944 8 6 8 9 11 13 14 15 18
3700 1636 8 6 8 9 11 13 14 15 18
5274 3178 7 6 8 9 11 13 14 16
4854 4870 6 6 8 9 11 13 14
5176 2762 7 6 8 9 11 13 15 16
4716 2370 6 6 8 9 11 13 15
4106 2624 9 6 8 9 11 14 16 17 18 19
3846 4118 9 6 8 9 11 14 16 17 18 19
2442 4130 7 6 8 9 11 14 16 18
4062 3194 7 6 8 9 11 14 16 18
5042 4968 7 6 8 9 11 14 16 18
3322 5196 8 6 8 9 11 14 17 18 19
4832 4434 8 6 8 9 11 14 17 18 19
4890 1192 6 6 8 9 11 14 18
2860 4952 6 6 8 9 11 14 18
2890 2390 6 6 8 9 11 14 18
3772 2056 9 6 8 9 11 15 16 17 18 19
4032 1028 9 6 8 9 11 15 16 17 18 19
4952 3174 7 6 8 9 11 15 16 18
5192 2492 7 6 8 9 11 15 16 18
2370 2594 7 6 8 9 11 15 16 18
3224 1650 8 6 8 9 11 15 17 18 19
4758 1770 8 6 8 9 11 15 17 18 19
5362 3696 6 6 8 9 11 15 18
2836 4042 6 6 8 9 11 15 18
2788 4620 6 6 8 9 11 15 18
5210 2944 7 6 8 9 13 14 15 16
5046 5314 6 6 8 9 13 14 15
5044 4702 7 6 8 9 14 15 16 18
5352 3970 6 6 8 9 14 15 18
5190 1706 7 6 8 9 14 16 17 19
3786 4538 5 6 8 9 14 16
5406 1190 5 6 8 9 14 16
4668 4700 6 6 8 9 14 17 19
3844 434 4 6 8 9 14
5118 3334 7 6 8 9 15 16 17 19
3714 584 5 6 8 9 15 16
4568 3978 6 6 8 9 15 17 19
4022 4336 4 6 8 9 15
3970 3510 7 6 8 11 13 14 15 19
3908 4230 7 6 8 11 14 15 18 19
3850 3254 7 6 8 11 14 15 18 19
3924 1068 7 6 8 11 14 15 18 19
3264 4066 5 6 8 11 14 19
5158 5598 5 6 8 11 14 19
3190 4854 5 6 8 11 15 19
5056 4842 5 6 8 11 15 19
5130 2888 5 6 8 14 15 19
5150 2690 6 6 9 10 12 16 19
3976 2926 9 6 9 11 13 14 16 17 18 19
5186 4388 7 6 9 11 13 14 16 18
2632 5516 7 6 9 11 13 14 16 18
5174 3542 7 6 9 11 13 14 16 18
4962 4748 8 6 9 11 13 14 17 18 19
4204 5520 6 6 9 11 13 14 18
3084 3104 6 6 9 11 13 14 18
4730 2726 6 6 9 11 13 14 18
3878 4710 9 6 9 11 13 15 16 17 18 19
2474 3712 7 6 9 11 13 15 16 18
4864 5110 8 6 9 11 13 15 17 18 19
5440 5368 6 6 9 11 13 15 18
2782 3690 6 6 9 11 13 15 18
5066 4710 7 6 9 11 16 17 18 19
3662 2400 5 6 9 11 16 18
3970 3912 4 6 9 11 18
5060 3590 7 6 9 13 14 15 16 18
5270 3256 8 6 9 13 14 15 17 18 19
4230 2596 6 6 9 13 14 15 18
5112 3946 7 6 9 13 14 16 17 19
3708 3080 5 6 9 13 14 16
4016 4772 4 6 9 13 14
5012 5062 7 6 9 13 15 16 17 19
3608 5066 5 6 9 13 15 16
5638 2464 6 6 9 13 15 17 19
3916 4036 4 6 9 13 15
5010 4170 7 6 9 14 16 17 18 19
5090 3076 7 6 9 14 16 17 18 19
3686 2874 5 6 9 14 16 18
4112 2348 6 6 9 14 17 18 19
5468 4622 4 6 9 14 18
3720 3994 4 6 9 14 18
5508 3178 7 6 9 15 16 17 18 19
5018 3322 7 6 9 15 16 17 18 19
4968 2146 7 6 9 15 16 17 18 19
5112 4820 5 6 9 15 16 18
3614 2692 5 6 9 15 16 18
3802 2972 6 6 9 15 17 18 19
3666 5238 4 6 9 15 18
3594 4408 5 6 9 16 17 19
2190 1644 3 6 9 16
4580 2542 4 6 9 17 19
2498 2394 2 6 9
1032 2882 2 6 9
5534 884 8 6 11 13 14 15 16 18 19
3606 3508 7 6 11 13 14 15 18 19
5308 2736 5 6 11 13 14 19
3878 4374 5 6 11 13 14 19
3842 2190 5 6 11 13 15 19
3296 2672 5 6 11 13 15 19
5200 4834 5 6 11 14 18 19
5132 3122 5 6 11 15 18 19
5128 3754 5 6 11 15 18 19
4654 3210 5 6 11 15 18 19
3766 1440 3 6 11 19
4876 3298 5 6 13 14 15 19
2566 4406 5 6 13 14 15 19
2566 1976 5 6 13 14 15 19
4748 3240 5 6 13 14 15 19
4348 3478 6 6 14 15 16 18 19
2414 954 5 6 14 15 18 19
2492 4454 5 6 14 15 18 19
5106 1078 5 6 14 15 18 19
4682 4848 4 6 14 16 19
2080 5036 3 6 14 19
2982 1336 3 6 14 19
5160 3150 4 6 15 16 19
1224 1400 3 6 15 19
2150 2788 8 7 8 9 11 12 16 17 18
4700 4450 8 7 8 9 11 12 16 17 18
2242 5176 8 7 8 9 11 12 16 17 18
2124 2398 8 7 8 9 11 12 16 17 18
4730 2546 8 7 8 9 11 12 16 17 18
2914 3766 7 7 8 9 11 12 17 18
4188 4822 8 7 8 9 12 15 16 17 18
3470 5090 6 7 8 9 12 16 17
4260 3012 5 7 8 9 12 17
3322 4250 11 7 8 11 12 13 14 15 16 17 18 19
3994 4864 10 7 8 11 12 13 14 15 17 18 19
4480 3866 9 7 8 11 12 14 16 17 18 19
1944 3368 9 7 8 11 12 14 16 17 18 19
4518 2574 9 7 8 11 12 14 16 17 18 19
5154 2030 8 7 8 11 12 14 17 18 19
2576 2474 8 7 8 11 12 14 17 18 19
1834 4784 9 7 8 11 12 15 16 17 18 19
2508 5102 8 7 8 11 12 15 17 18 19
4696 2686 9 7 8 12 13 14 15 16 17 19
5370 3052 8 7 8 12 13 14 15 17 19
3278 4190 7 7 8 12 14 16 17 19
3952 4216 6 7 8 12 14 17 19
3210 3924 7 7 8 12 15 16 17 19
3882 2102 6 7 8 12 15 17 19
3428 5526 8 7 9 11 12 13 16 17 18
3404 2030 8 7 9 11 12 13 16 17 18
4194 3084 7 7 9 11 12 13 17 18
4096 1756 8 7 9 12 13 15 16 17 18
4072 3104 8 7 9 12 13 15 16 17 18
4862 3484 7 7 9 12 13 15 17 18
4538 2250 6 7 9 12 13 16 17
4564 2186 6 7 9 12 13 16 17
5328 2064 5 7 9 12 13 17
2728 5212 6 7 9 12 16 17 18
5292 3352 6 7 9 12 16 17 18
2820 4502 6 7 9 12 16 17 18
2704 2976 6 7 9 12 16 17 18
2714 4254 6 7 9 12 16 17 18
3494 3142 5 7 9 12 17 18
3258 3504 9 7 11 12 13 14 16 17 18 19
3856 4496 8 7 11 12 13 14 17 18 19
3114 3202 9 7 11 12 13 15 16 17 18 19
3786 2814 8 7 11 12 13 15 17 18 19
1992 3592 9 7 12 13 14 15 16 17 18 19
3864 1412 9 7 12 13 14 15 16 17 18 19
1966 3166 8 7 12 13 14 15 17 18 19
4554 2984 8 7 12 13 14 15 17 18 19
4330 4384 7 7 12 13 14 16 17 19
2762 4090 7 7 12 13 14 16 17 19
4318 3302 7 7 12 13 14 16 17 19
4990 4234 6 7 12 13 14 17 19
2736 1836 6 7 12 13 14 17 19
1904 5516 7 7 12 13 15 16 17 19
4236 4082 7 7 12 13 15 16 17 19
4256 2618 7 7 12 13 15 16 17 19
2316 3738 6 7 12 13 15 17 19
2774 3586 7 7 12 14 16 17 18 19
5098 2776 7 7 12 14 16 17 18 19
3156 2450 6 7 12 14 17 18 19
820 2602 7 7 12 15 16 17 18 19
2348 802 7 7 12 15 16 17 18 19
2594 3278 7 7 12 15 16 17 18 19
2334 5112 7 7 12 15 16 17 18 19
2360 384 7 7 12 15 16 17 18 19
4990 3102 7 7 12 15 16 17 18 19
792 5352 6 7 12 15 17 18 19
1428 3710 5 7 12 16 17 19
5288 802 5 7 12 16 17 19
5268 5154 5 7 12 16 17 19
2686 1420 5 7 12 16 17 19
1168 4268 3 7 12 16
1400 1986 4 7 12 17 19
190 5248 2 7 12
4190 4348 9 8 9 10 11 12 13 14 16 18
3230 2234 9 8 9 10 11 12 13 14 16 18
3538 2648 8 8 9 10 11 12 13 14 18
3158 4934 9 8 9 10 11 12 13 15 16 18
4668 2728 9 8 9 10 11 12 13 15 16 18
3318 3994 9 8 9 10 11 12 13 15 16 18
3466 4352 8 8 9 10 11 12 13 15 18
4540 2286 7 8 9 10 11 12 13 16
4702 5064 7 8 9 10 11 12 13 16
4848 3470 6 8 9 10 11 12 13
3712 4782 9 8 9 10 11 12 16 17 18 19
3822 3120 9 8 9 10 11 12 16 17 18 19
3144 3366 9 8 9 10 11 12 16 17 18 19
1900 5288 7 8 9 10 11 12 16 18
4334 4418 7 8 9 10 11 12 16 18
1740 1664 7 8 9 10 11 12 16 18
3264 4440 7 8 9 10 11 12 16 18
4502 4544 8 8 9 10 11 12 17 18 19
4130 5474 8 8 9 10 11 12 17 18 19
4864 2630 6 8 9 10 11 12 18
2042 2334 6 8 9 10 11 12 18
5534 3240 7 8 9 10 12 13 14 16
4576 3764 7 8 9 10 12 13 14 16
4882 4420 6 8 9 10 12 13 14
4502 820 7 8 9 10 12 13 15 16
4810 4334 6 8 9 10 12 13 15
4408 4098 7 8 9 10 12 14 16 18
4716 3264 6 8 9 10 12 14 18
4458 3604 7 8 9 10 12 15 16 18
4766 4664 6 8 9 10 12 15 18
4488 2134 7 8 9 10 12 16 17 19
4748 4112 7 8 9 10 12 16 17 19
5036 3604 7 8 9 10 12 16 17 19
3084 4730 5 8 9 10 12 16
5474 3596 6 8 9 10 12 17 19
3386 3246 4 8 9 10 12
4340 5652 8 8 9 11 13 14 16 17 18
4640 3158 7 8 9 11 13 14 17 18
4266 3114 8 8 9 11 13 15 16 17 18
4568 2886 7 8 9 11 13 15 17 18
5650 2606 6 8 9 11 13 16 17
4570 3370 6 8 9 11 16 17 18
1964 5012 6 8 9 11 16 17 18
4680 3650 6 8 9 11 16 17 18
1858 2186 6 8 9 11 16 17 18
1834 3330 6 8 9 11 16 17 18
2820 5174 5 8 9 11 17 18
2624 1844 5 8 9 11 17 18
5466 3778 5 8 9 11 17 18
4406 3810 8 8 9 13 14 15 16 17 18
4708 2882 7 8 9 13 14 15 17 18
5612 5362 6 8 9 13 15 16 17
3064 2288 6 8 9 15 16 17 18
2908 4716 6 8 9 15 16 17 18
3216 4142 5 8 9 15 17 18
3178 3258 4 8 9 16 17
3438 4096 4 8 9 16 17
3308 1400 4 8 9 16 17
3968 4334 3 8 9 17
4418 3522 3 8 9 17
3914 4228 10 8 10 11 12 13 14 15 16 18 19
4492 2590 10 8 10 11 12 13 14 15 16 18 19
4454 3240 10 8 10 11 12 13 14 15 16 18 19
4696 2814 9 8 10 11 12 13 14 15 18 19
4574 4598 9 8 10 11 12 13 14 15 18 19
3194 1966 8 8 10 11 12 13 14 16 19
3334 3266 7 8 10 11 12 13 14 19
3120 3882 8 8 10 11 12 13 15 16 19
3262 4488 7 8 10 11 12 13 15 19
3030 4936 8 8 10 11 12 14 16 18 19
3272 4774 7 8 10 11 12 14 18 19
3076 4200 8 8 10 11 12 15 16 18 19
2962 2924 8 8 10 11 12 15 16 18 19
3142 1902 7 8 10 11 12 15 18 19
3218 2812 7 8 10 11 12 15 18 19
4278 4242 6 8 10 11 12 16 19
1790 4400 6 8 10 11 12 16 19
1948 3916 5 8 10 11 12 19
4420 5512 5 8 10 11 12 19
5288 5568 8 8 10 12 13 14 15 16 19
3076 1922 8 8 10 12 14 15 16 18 19
3216 5440 7 8 10 12 14 15 18 19
4354 3878 6 8 10 12 14 16 19
4406 4470 6 8 10 12 14 16 19
4648 4666 5 8 10 12 14 19
4496 2738 5 8 10 12 14 19
4336 3582 6 8 10 12 15 16 19
4578 4432 5 8 10 12 15 19
5600 3062 9 8 11 13 14 15 16 17 18 19
5588 3470 9 8 11 13 14 15 16 17 18 19
3012 4204 9 8 11 13 14 15 16 17 18 19
5674 1648 9 8 11 13 14 15 16 17 18 19
5538 2366 9 8 11 13 14 15 16 17 18 19
5652 3916 9 8 11 13 14 15 16 17 18 19
3164 3952 8 8 11 13 14 15 17 18 19
3710 2666 8 8 11 13 14 15 17 18 19
5516 2402 6 8 11 13 14 15 18
2694 4882 6 8 11 13 14 15 18
4290 828 7 8 11 13 14 16 17 19
4444 4326 6 8 11 13 14 17 19
3808 2608 4 8 11 13 14
4218 3010 7 8 11 13 15 16 17 19
4370 3134 6 8 11 13 15 17 19
3738 3968 4 8 11 13 15
4152 3334 7 8 11 14 16 17 18 19
4226 3064 7 8 11 14 16 17 18 19
2286 3664 6 8 11 14 17 18 19
1316 1822 4 8 11 14 18
2034 5200 7 8 11 15 16 17 18 19
4082 2616 7 8 11 15 16 17 18 19
4020 2838 7 8 11 15 16 17 18 19
4174 2558 6 8 11 15 17 18 19
4490 5128 6 8 11 15 17 18 19
1976 4030 6 8 11 15 17 18 19
4236 1636 6 8 11 15 17 18 19
1748 2032 4 8 11 15 18
4570 4028 4 8 11 15 18
2718 5088 5 8 11 16 17 19
2870 3626 4 8 11 17 19
384 2566 2 8 11
5084 190 6 8 13 14 15 17 19
4070 832 4 8 13 14 15
4096 4232 7 8 14 15 16 17 18 19
4326 2926 6 8 14 15 17 18 19
4250 5370 6 8 14 15 17 18 19
3660 4190 4 8 14 17 19
468 2932 2 8 14
3592 2570 4 8 15 17 19
3124 2660 2 8 15
3248 4202 9 9 10 11 12 13 16 17 18 19
3508 3414 9 9 10 11 12 13 16 17 18 19
1844 3566 7 9 10 11 12 13 16 18
2004 3216 7 9 10 11 12 13 16 18
4450 3322 7 9 10 11 12 13 16 18
4438 4164 7 9 10 11 12 13 16 18
4234 2360 8 9 10 11 12 13 17 18 19
4746 1946 6 9 10 11 12 13 18
2146 3976 6 9 10 11 12 13 18
4758 3256 6 9 10 11 12 13 18
4770 3608 7 9 10 12 13 14 16 18
4474 4806 7 9 10 12 13 14 16 18
4782 5448 6 9 10 12 13 14 18
4402 2764 7 9 10 12 13 15 16 18
4352 4554 7 9 10 12 13 15 16 18
4514 4746 7 9 10 12 13 15 16 18
5216 2634 7 9 10 12 13 15 16 18
4660 3256 6 9 10 12 13 15 18
4382 4144 7 9 10 12 13 16 17 19
2980 4700 5 9 10 12 13 16
5368 2936 6 9 10 12 13 17 19
3280 4286 4 9 10 12 13
4142 3908 7 9 10 12 16 17 18 19
4648 4222 7 9 10 12 16 17 18 19
4388 3840 7 9 10 12 16 17 18 19
4272 5190 7 9 10 12 16 17 18 19
2984 5112 5 9 10 12 16 18
3842 2442 5 9 10 12 16 18
4932 1992 6 9 10 12 17 18 19
3286 2092 4 9 10 12 18
3102 4768 6 9 11 13 16 17 18
3118 2074 6 9 11 13 16 17 18
3248 5152 6 9 11 13 16 17 18
2948 2934 6 9 11 13 16 17 18
3254 4188 5 9 11 13 17 18
5534 2172 6 9 13 14 16 17 18
3786 4330 6 9 13 15 16 17 18
2804 4962 6 9 13 15 16 17 18
2958 3428 6 9 13 15 16 17 18
3110 1028 5 9 13 15 17 18
4772 3616 5 9 13 15 17 18
4082 3448 4 9 13 16 17
4254 3264 4 9 13 16 17
5044 3274 3 9 13 17
4390 2516 3 9 13 17
2438 3480 4 9 16 17 18
1546 5474 4 9 16 17 18
5050 4064 4 9 16 17 18
2000 4824 3 9 17 18
3202 4600 3 9 17 18
4316 2422 8 10 11 12 13 14 16 18 19
3236 5292 8 10 11 12 13 14 16 18 19
3376 4462 7 10 11 12 13 14 18 19
4278 5390 7 10 11 12 13 14 18 19
1856 5056 8 10 11 12 13 15 16 18 19
3166 1440 8 10 11 12 13 15 16 18 19
3246 552 7 10 11 12 13 15 18 19
2166 4730 7 10 11 12 13 15 18 19
3322 5028 7 10 11 12 13 15 18 19
2464 2462 6 10 11 12 13 16 19
2466 2506 6 10 11 12 13 16 19
4414 3640 6 10 11 12 13 16 19
2626 3972 5 10 11 12 13 19
4600 3570 5 10 11 12 13 19
4390 4370 6 10 11 12 16 18 19
4530 4894 5 10 11 12 18 19
4432 4022 8 10 12 13 14 15 16 18 19
2402 3104 8 10 12 13 14 15 16 18 19
1900 4128 8 10 12 13 14 15 16 18 19
2496 4890 7 10 12 13 14 15 18 19
1788 3786 6 10 12 13 14 16 19
2508 4568 6 10 12 13 14 16 19
3528 3740 5 10 12 13 14 19
2830 2320 5 10 12 13 14 19
1936 1788 5 10 12 13 14 19
1690 5168 6 10 12 13 15 16 19
4348 3924 6 10 12 13 15 16 19
1836 3852 5 10 12 13 15 19
3610 2524 6 10 12 14 16 18 19
4270 962 5 10 12 14 18 19
3542 3640 6 10 12 15 16 18 19
3486 3614 6 10 12 15 16 18 19
884 4580 6 10 12 15 16 18 19
1544 2006 5 10 12 15 18 19
1792 3970 5 10 12 15 18 19
434 4598 4 10 12 16 19
3820 4044 4 10 12 16 19
1412 4398 4 10 12 16 19
594 4310 3 10 12 19
4404 1546 7 11 13 14 16 17 18 19
4332 5012 7 11 13 14 16 17 18 19
3570 3112 6 11 13 14 17 18 19
2630 4932 4 11 13 14 18
5138 4466 4 11 13 14 18
2564 2918 7 11 13 15 16 17 18 19
4462 2968 7 11 13 15 16 17 18 19
4434 3156 6 11 13 15 17 18 19
3502 3996 6 11 13 15 17 18 19
2508 4906 6 11 13 15 17 18 19
1320 2820 4 11 13 15 18
2944 3648 4 11 13 15 18
3418 1834 5 11 13 16 17 19
3360 2366 4 11 13 17 19
2090 2636 2 11 13
3346 4948 5 11 16 17 18 19
3290 2776 4 11 17 18 19
2102 3430 2 11 18
1822 3502 7 13 14 15 16 17 18 19
3604 1468 7 13 14 15 16 17 18 19
3840 4072 7 13 14 15 16 17 18 19
4236 4098 7 13 14 15 16 17 18 19
4390 4212 6 13 14 15 17 18 19
1756 3012 6 13 14 15 17 18 19
1766 1822 6 13 14 15 17 18 19
1364 2666 4 13 14 15 18
4064 1782 5 13 14 16 17 19
2886 2432 5 13 14 16 17 19
2526 3058 4 13 14 17 19
4966 3844 4 13 14 17 19
2134 4596 2 13 14
2786 2718 5 13 15 16 17 19
2940 2730 4 13 15 17 19
2030 5674 4 13 15 17 19
2082 5288 2 13 15
2814 3924 5 14 16 17 18 19
2866 3862 4 14 17 18 19
2146 5408 2 14 18
2746 5098 5 15 16 17 18 19
4736 2102 5 15 16 17 18 19
2074 2406 5 15 16 17 18 19
2742 1748 5 15 16 17 18 19
650 2140 5 15 16 17 18 19
584 4332 4 15 17 18 19
2976 2526 4 15 17 18 19
3080 5158 4 15 17 18 19
412 4218 2 15 18
1368 4062 3 16 17 19
2656 1900 3 16 17 19
962 4280 1 16
234 4156 2 17 19
1192 468 2 17 19
