25 577 
3274 2286 5 1 8 18 19 21
5648 1394 6 1 11 18 21 22 25
4416 4068 6 1 11 18 23 24 25
4124 4018 4 1 11 18 25
5448 2534 6 1 12 18 21 22 25
4494 1568 6 1 12 18 23 24 25
3960 4010 4 1 12 18 25
2614 1388 6 1 14 15 16 18 21
2946 5146 4 1 14 18 21
5090 3648 7 1 15 16 18 21 23 24
4194 3848 7 1 15 16 20 23 24 25
5002 1062 5 1 15 16 20 25
3678 5382 5 1 15 16 23 24
2028 4970 7 1 17 18 19 21 23 24
2302 4194 5 1 17 18 19 21
2614 1958 5 1 18 21 23 24
2684 2598 3 1 18 21
5026 352 5 1 20 23 24 25
1156 2800 1 1
5736 3844 5 2 5 13 20 21
4288 4948 6 2 7 10 13 20 21
5610 2316 6 2 8 12 18 19 21
5282 410 6 2 8 12 19 21 22
4348 4748 7 2 8 19 20 21 23 24
5156 4852 5 2 8 19 20 21
3630 1762 6 2 11 17 19 21 22
4112 4720 4 2 11 18 21
4216 5136 4 2 11 21 22
2694 5590 2 2 11
4954 2768 7 2 12 14 15 16 18 21
4626 1408 7 2 12 14 15 16 21 22
5282 2974 5 2 12 14 18 21
4960 4120 5 2 12 14 21 22
4368 4220 8 2 12 17 18 19 21 23 24
4638 1332 6 2 12 17 18 19 21
4042 3762 8 2 12 17 19 21 22 23 24
4316 4008 6 2 12 17 19 21 22
3436 4772 6 2 12 17 19 21 22
5516 4964 8 2 12 18 20 21 23 24 25
5592 5542 6 2 12 18 20 21 25
4948 3796 6 2 12 18 21 23 24
3940 4336 4 2 12 18 21
5590 820 8 2 12 20 21 22 23 24 25
5666 4822 6 2 12 20 21 22 25
4628 4810 6 2 12 21 22 23 24
4016 3788 4 2 12 21 22
1032 3984 2 2 12
3482 4436 8 2 14 15 16 20 21 23 24
4290 2430 6 2 14 15 16 20 21
4406 1248 6 2 14 16 20 21 24
4330 4348 6 2 14 20 21 23 24
5136 3914 4 2 14 20 21
4432 3042 7 2 17 19 20 21 23 24
4260 2906 7 2 17 19 20 21 23 24
4534 2858 5 2 17 19 20 21
4652 3832 5 2 20 21 23 24
4914 2052 3 2 20 21
2928 4456 6 3 5 8 18 19 21
5286 4020 7 3 5 11 18 21 22 25
4076 4894 7 3 5 11 18 23 24 25
3762 4662 5 3 5 11 18 25
5084 1618 7 3 5 12 18 21 22 25
4152 3910 7 3 5 12 18 23 24 25
3598 3178 5 3 5 12 18 25
2272 5516 7 3 5 14 15 16 18 21
2606 1032 5 3 5 14 18 21
4748 4060 8 3 5 15 16 18 21 23 24
3832 2302 8 3 5 15 16 20 23 24 25
4640 4494 6 3 5 15 16 20 25
3364 4314 6 3 5 15 16 23 24
1688 4164 8 3 5 17 18 19 21 23 24
1956 1490 6 3 5 17 18 19 21
6082 4124 8 3 5 18 20 21 23 24 25
6024 3402 8 3 5 18 20 21 23 24 25
2274 1450 6 3 5 18 21 23 24
2342 3436 4 3 5 18 21
4664 4960 6 3 5 20 23 24 25
5470 3684 4 3 5 20 25
804 2982 2 3 5
4788 5282 5 3 6 7 23 24
4754 5010 3 3 6 7
3450 4848 5 3 6 9 11 18
3286 4702 5 3 6 9 12 18
3520 1988 8 3 6 9 15 16 20 23 24
4328 4960 6 3 6 9 15 16 20
3570 1620 6 3 6 9 20 23 24
4442 4772 6 3 6 9 20 23 24
3890 4798 4 3 6 9 20
3832 5176 4 3 6 9 20
4918 4120 6 3 7 10 11 18 25
4748 1986 6 3 7 10 12 18 25
3056 4188 4 3 7 10 14
5236 4396 7 3 7 10 15 16 23 24
4146 1736 7 3 7 10 18 21 23 24
4216 3960 5 3 7 10 18 21
2710 2614 5 3 7 10 23 24
2676 3676 3 3 7 10
3954 4210 5 3 9 10 11 18
3790 4474 5 3 9 10 12 18
4024 2910 8 3 9 10 15 16 20 23 24
4832 5506 6 3 9 10 15 16 20
4074 3786 6 3 9 10 20 23 24
4336 4242 4 3 9 10 20
3654 4722 7 4 5 8 20 23 24 25
4462 5286 5 4 5 8 20 25
1550 3950 3 4 5 8
5458 4330 6 4 5 11 17 22 25
5258 3992 6 4 5 12 17 22 25
5242 4432 7 4 5 15 16 17 23 24
4284 4794 7 4 5 17 21 22 23 24
4354 5292 5 4 5 17 21 22
2768 2264 5 4 5 17 23 24
3036 2440 3 4 5 17
2830 2804 5 4 6 7 8 14
2490 3876 6 4 6 7 8 23 24
5146 2946 6 4 6 7 8 23 24
5112 4754 4 4 6 7 8
2514 5242 4 4 6 7 8
3732 5112 6 4 6 7 17 23 24
4000 3734 4 4 6 7 17
2434 5400 6 4 6 8 9 11 18
2514 2272 6 4 6 8 9 11 22
2428 1956 6 4 6 8 9 12 18
2476 5020 6 4 6 8 9 12 22
2430 4056 9 4 6 8 9 15 16 20 23 24
3238 5448 7 4 6 8 9 15 16 20
3306 4170 7 4 6 8 9 15 20 23
3340 3890 7 4 6 8 9 20 23 24
822 2500 7 4 6 8 9 20 23 24
1270 5516 7 4 6 8 9 20 23 24
4116 5410 5 4 6 8 9 20
1490 1966 5 4 6 8 9 20
2480 4918 6 4 6 9 11 17 22
2286 4992 6 4 6 9 12 17 22
3282 4574 7 4 6 9 17 20 23 24
2810 2070 7 4 6 9 17 20 23 24
3084 4652 5 4 6 9 17 20
3416 5084 5 4 7 8 10 14
3076 4262 6 4 7 8 10 23 24
3042 1408 4 4 7 8 10
4318 3038 6 4 7 10 17 23 24
4586 3324 4 4 7 10 17
3846 2528 7 4 8 9 10 20 23 24
4654 4544 5 4 8 9 10 20
4336 1296 6 5 8 13 19 20 25
2862 4118 6 5 8 13 19 21 22
5176 4954 7 5 11 13 18 21 22 25
4008 4088 7 5 11 13 22 23 24 25
3758 4780 5 5 11 13 22 25
4976 2228 7 5 12 13 18 21 22 25
4056 4820 7 5 12 13 22 23 24 25
3564 2862 5 5 12 13 22 25
3476 2836 7 5 13 14 15 16 20 25
2206 4184 7 5 13 14 15 16 21 22
2538 3676 5 5 13 14 21 22
4682 4144 8 5 13 15 16 21 22 23 24
6086 3594 8 5 13 16 18 20 21 24 25
6190 3876 8 5 13 16 20 21 22 24 25
4668 3482 6 5 13 16 20 24 25
3712 2684 8 5 13 17 19 20 21 22 25
1620 5448 8 5 13 17 19 21 22 23 24
1890 1908 6 5 13 17 19 21 22
5982 1848 8 5 13 18 20 21 23 24 25
4188 2498 6 5 13 18 20 21 25
6020 3946 8 5 13 20 21 22 23 24 25
4294 3476 6 5 13 20 21 22 25
4474 3364 6 5 13 20 23 24 25
4544 5258 4 5 13 20 25
2776 2356 4 5 13 20 25
2206 2446 6 5 13 21 22 23 24
2276 1386 4 5 13 21 22
1394 3970 2 5 13
2664 1874 6 6 7 13 14 20 25
3178 4638 4 6 7 13 14
5176 5038 7 6 7 13 20 23 24 25
5118 3490 7 6 7 13 20 23 24 25
3684 4106 5 6 7 13 20 25
3616 5026 7 6 7 13 21 22 23 24
3726 5522 5 6 7 13 21 22
2836 1226 5 6 7 13 23 24
2804 1122 3 6 7 13
2260 4352 7 6 9 11 13 18 21 22
3406 4788 5 6 9 11 13 18
1494 2380 5 6 9 11 13 22
3504 6082 5 6 9 11 13 22
2094 3518 7 6 9 12 13 18 21 22
3240 3654 5 6 9 12 13 18
1534 4764 5 6 9 12 13 22
3400 2846 8 6 9 13 15 16 20 23 24
4206 4838 6 6 9 13 15 16 20
4276 5010 6 6 9 13 15 20 23
1756 4748 6 6 9 13 16 20 24
4414 3622 6 6 9 13 16 20 24
2500 4368 8 6 9 13 20 21 22 23 24
2768 4260 6 6 9 13 20 21 22
4248 4664 6 6 9 13 20 23 24
4194 3788 6 6 9 13 20 23 24
1618 2962 6 6 9 13 20 23 24
4544 2776 4 6 9 13 20
704 2606 4 6 9 13 20
1880 4616 4 6 9 13 20
2440 5428 9 7 8 10 13 19 20 23 24 25
3248 4428 7 7 8 10 13 19 20 25
2232 4682 9 7 8 10 13 19 21 22 23 24
2198 1698 7 7 8 10 13 19 21 22
1698 5470 7 7 10 11 13 14 22 25
3448 3798 8 7 10 11 13 22 23 24 25
3346 2434 8 7 10 11 13 22 23 24 25
3306 3364 6 7 10 11 13 22 25
3416 4612 6 7 10 11 13 22 25
1736 4382 7 7 10 12 13 14 22 25
3392 4152 8 7 10 12 13 22 23 24 25
3346 4416 6 7 10 12 13 22 25
4690 4074 6 7 10 12 13 22 25
4712 5666 6 7 10 12 13 22 25
2380 1710 8 7 10 13 14 15 16 20 25
1710 4116 10 7 10 13 14 15 16 21 22 23 24
2056 3676 8 7 10 13 14 15 16 21 22
2484 4050 8 7 10 13 14 16 20 24 25
3008 4854 6 7 10 13 14 16 24
2336 1568 6 7 10 13 14 18 21
2382 2694 8 7 10 13 14 20 23 24 25
3188 2274 6 7 10 13 14 20 25
908 4042 6 7 10 13 14 20 25
3192 3040 6 7 10 13 14 20 25
1908 4270 8 7 10 13 14 21 22 23 24
1986 5118 6 7 10 13 14 21 22
1998 1688 6 7 10 13 14 21 22
1106 2056 4 7 10 13 14
3622 3770 4 7 10 13 14
4794 5156 9 7 10 13 15 16 20 23 24 25
4850 3712 9 7 10 13 15 16 20 23 24 25
4018 1676 9 7 10 13 15 16 21 22 23 24
3218 4024 7 7 10 13 16 20 24 25
2460 1080 9 7 10 13 17 19 20 23 24 25
3324 2282 7 7 10 13 17 19 20 25
1528 2028 9 7 10 13 17 19 21 22 23 24
1874 5040 7 7 10 13 17 19 21 22
3024 3248 7 7 10 13 17 19 23 24
4458 2480 9 7 10 13 18 20 21 23 24 25
5344 4658 7 7 10 13 18 20 21 25
2984 5612 7 7 10 13 18 20 21 25
4852 4568 7 7 10 13 18 21 23 24
4562 3732 9 7 10 13 20 21 22 23 24 25
4626 1106 9 7 10 13 20 21 22 23 24 25
5448 3874 7 7 10 13 20 21 22 25
3568 1644 7 7 10 13 20 21 22 25
3040 4318 7 7 10 13 20 23 24 25
3102 2382 7 7 10 13 20 23 24 25
3116 4570 7 7 10 13 20 23 24 25
2516 1934 5 7 10 13 20 25
3844 2940 5 7 10 13 20 25
2056 3282 7 7 10 13 21 22 23 24
4060 1968 7 7 10 13 21 22 23 24
4120 1880 7 7 10 13 21 22 23 24
2558 5362 5 7 10 13 21 22
4220 3306 5 7 10 13 21 22
3280 4216 5 7 10 13 23 24
1062 5438 5 7 10 13 23 24
1408 3024 3 7 10 13
1408 1528 3 7 10 13
4086 1270 9 8 11 15 16 18 19 23 24 25
4894 2212 7 8 11 15 16 18 19 25
4164 5462 9 8 11 15 16 19 22 23 24 25
4972 2134 7 8 11 15 16 19 22 25
4960 2476 7 8 11 15 18 19 23 25
5040 4606 7 8 11 15 19 22 23 25
4662 1332 7 8 11 18 19 21 22 25
5292 2082 7 8 11 18 19 21 22 25
4636 3392 7 8 11 18 19 21 22 25
4934 4290 7 8 11 18 19 23 24 25
3140 4534 5 8 11 18 19 25
5010 2802 7 8 11 19 22 23 24 25
3218 3934 5 8 11 19 22 25
3914 4458 9 8 12 15 16 18 19 23 24 25
4722 3832 7 8 12 15 16 18 19 25
3964 1494 9 8 12 15 16 19 22 23 24 25
4772 4354 7 8 12 15 16 19 22 25
4790 2992 7 8 12 15 18 19 23 25
4838 2506 7 8 12 15 19 22 23 25
4436 4316 7 8 12 18 19 21 22 25
4462 1472 7 8 12 18 19 21 22 25
4764 4112 7 8 12 18 19 23 24 25
2974 4630 5 8 12 18 19 25
4810 3036 7 8 12 19 22 23 24 25
3024 3056 5 8 12 19 22 25
2516 4076 9 8 14 15 16 19 20 23 24 25
3324 3744 7 8 14 15 16 19 20 25
3440 4146 7 8 14 16 19 20 24 25
3364 4750 7 8 14 19 20 23 24 25
4170 3896 5 8 14 19 20 25
4554 4792 10 8 15 16 18 19 20 21 23 24 25
5362 5534 8 8 15 16 18 19 20 21 25
4658 4444 10 8 15 16 19 20 21 22 23 24 25
5466 4746 8 8 15 16 19 20 21 22 25
3136 2806 8 8 15 16 19 20 23 24 25
3944 3470 6 8 15 16 19 20 25
5428 1998 8 8 15 18 19 20 21 23 25
5534 5610 8 8 15 19 20 21 22 23 25
4010 3040 6 8 15 19 20 23 25
2800 5116 8 8 18 19 20 21 23 24 25
4866 4554 8 8 18 19 20 21 23 24 25
5400 2310 8 8 18 19 20 21 23 24 25
2534 1890 6 8 18 19 20 21 25
1966 4690 4 8 18 19 21
4970 2468 8 8 19 20 21 22 23 24 25
2906 4288 8 8 19 20 21 22 23 24 25
5480 5176 8 8 19 20 21 22 23 24 25
2638 2830 6 8 19 20 21 22 25
1388 4234 6 8 19 20 23 24 25
1122 3004 4 8 19 20 25
4848 2664 4 8 19 20 25
1676 4696 4 8 19 21 22
724 3272 2 8 19
2764 5010 7 9 10 11 13 18 21 22
3910 4616 5 9 10 11 13 18
3958 3448 5 9 10 11 13 22
1928 5592 5 9 10 11 13 22
3950 6190 5 9 10 11 13 22
2598 6020 7 9 10 12 13 18 21 22
3744 2928 5 9 10 12 13 18
1968 1928 5 9 10 12 13 22
3734 4442 5 9 10 12 13 22
3904 3004 8 9 10 13 15 16 20 23 24
4712 1254 6 9 10 13 15 16 20
4780 778 6 9 10 13 15 20 23
2260 2880 6 9 10 13 16 20 24
3004 4414 8 9 10 13 20 21 22 23 24
3272 5398 6 9 10 13 20 21 22
4720 3240 6 9 10 13 20 23 24
2122 4562 6 9 10 13 20 23 24
2386 3102 4 9 10 13 20
1138 3406 4 9 10 13 20
2806 4866 8 11 14 15 16 17 19 22 25
3770 1810 8 11 14 15 16 18 21 22 25
3796 3140 8 11 14 15 16 18 21 22 25
3796 2094 8 11 14 15 16 18 21 22 25
4068 1080 8 11 14 15 16 18 23 24 25
4854 4734 6 11 14 15 16 18 25
2314 2484 6 11 14 15 16 18 25
4144 2514 8 11 14 15 16 22 23 24 25
2392 4460 6 11 14 15 16 22 25
5010 4968 6 11 14 15 16 22 25
4964 3648 6 11 14 15 16 22 25
4942 2886 6 11 14 15 18 23 25
5020 1632 6 11 14 15 22 23 25
2646 4654 6 11 14 17 19 22 25
4616 2638 6 11 14 18 21 22 25
4616 4462 6 11 14 18 21 22 25
4568 3616 6 11 14 18 21 22 25
4916 2314 6 11 14 18 23 24 25
3122 4462 4 11 14 18 25
4992 4668 6 11 14 22 23 24 25
3150 1878 4 11 14 22 25
4106 1294 9 11 15 16 17 18 19 23 24 25
5010 3416 9 11 15 16 17 18 19 23 24 25
4968 3568 7 11 15 16 17 18 19 25
4242 3100 9 11 15 16 17 19 22 23 24 25
4184 2816 9 11 15 16 17 19 22 23 24 25
5048 3574 7 11 15 16 17 19 22 25
4686 4354 7 11 15 16 18 23 24 25
4822 4916 7 11 15 16 22 23 24 25
4764 3286 7 11 15 16 22 23 24 25
5038 2668 7 11 15 17 18 19 23 25
5116 3346 7 11 15 17 19 22 23 25
3848 4808 9 11 17 18 19 21 22 23 24 25
3876 3874 9 11 17 18 19 21 22 23 24 25
3876 2558 9 11 17 18 19 21 22 23 24 25
4050 5314 9 11 17 18 19 21 22 23 24 25
3648 2984 9 11 17 18 19 21 22 23 24 25
4290 2310 7 11 17 18 19 21 22 25
2082 2820 7 11 17 18 19 21 22 25
4120 2198 7 11 17 18 19 21 22 25
2082 5042 7 11 17 18 19 21 22 25
2354 3384 7 11 17 18 19 23 24 25
2528 908 7 11 17 18 19 23 24 25
2802 5478 5 11 17 18 19 25
5042 4406 7 11 17 19 22 23 24 25
2354 4276 7 11 17 19 22 23 24 25
2506 5382 5 11 17 19 22 25
1294 3520 5 11 17 19 22 25
4632 4280 7 11 18 21 22 23 24 25
4456 4846 7 11 18 21 22 23 24 25
4234 4976 7 11 18 21 22 23 24 25
4428 4386 7 11 18 21 22 23 24 25
2668 3692 5 11 18 21 22 25
4304 4016 5 11 18 21 22 25
2668 5736 5 11 18 21 22 25
2940 4832 5 11 18 23 24 25
1226 724 3 11 18 25
2816 2614 5 11 22 23 24 25
1810 2430 3 11 22 25
2992 2988 3 11 22 25
2854 5554 8 12 14 15 16 17 19 22 25
3568 3126 8 12 14 15 16 18 21 22 25
4280 3192 8 12 14 15 16 18 21 22 25
3594 3790 8 12 14 15 16 18 21 22 25
3896 1568 8 12 14 15 16 18 23 24 25
2382 1602 6 12 14 15 16 18 25
4702 4534 6 12 14 15 16 18 25
3946 3630 8 12 14 15 16 22 23 24 25
3944 5002 8 12 14 15 16 22 23 24 25
2430 4790 6 12 14 15 16 22 25
4750 4632 6 12 14 15 16 22 25
4808 2354 6 12 14 15 16 22 25
4772 4290 6 12 14 15 18 23 25
4820 6086 6 12 14 15 22 23 25
2446 2768 6 12 14 17 19 22 25
4444 5090 6 12 14 18 21 22 25
4416 3024 6 12 14 18 21 22 25
4746 1430 6 12 14 18 23 24 25
2956 1138 4 12 14 18 25
4792 4194 6 12 14 22 23 24 25
3004 5582 4 12 14 22 25
3934 6024 9 12 15 16 17 18 19 23 24 25
4798 4942 7 12 15 16 17 18 19 25
4042 2854 9 12 15 16 17 19 22 23 24 25
3984 3846 9 12 15 16 17 19 22 23 24 25
4846 3684 7 12 15 16 17 19 22 25
4520 3726 7 12 15 16 18 23 24 25
4570 1534 7 12 15 16 22 23 24 25
4868 1190 7 12 15 17 18 19 23 25
4916 4336 7 12 15 17 19 22 23 25
3648 436 9 12 17 18 19 21 22 23 24 25
3676 2176 9 12 17 18 19 21 22 23 24 25
3676 4000 9 12 17 18 19 21 22 23 24 25
1886 3384 7 12 17 18 19 21 22 25
4000 2460 7 12 17 18 19 21 22 25
4396 4206 7 12 17 18 19 21 22 25
1916 1124 7 12 17 18 19 21 22 25
3970 4712 7 12 17 18 19 21 22 25
2282 2382 7 12 17 18 19 23 24 25
2604 4304 7 12 17 18 19 23 24 25
2880 2206 5 12 17 18 19 25
2328 3218 7 12 17 19 22 23 24 25
2264 5982 7 12 17 19 22 23 24 25
3100 2646 5 12 17 19 22 25
1332 4216 5 12 17 19 22 25
4234 4868 7 12 18 21 22 23 24 25
4264 5282 7 12 18 21 22 23 24 25
4262 3156 7 12 18 21 22 23 24 25
4382 4674 5 12 18 21 22 25
2498 2038 5 12 18 21 22 25
4352 704 5 12 18 21 22 25
2468 494 5 12 18 21 22 25
2768 3116 5 12 18 23 24 25
1296 4248 3 12 18 25
2816 3678 5 12 22 23 24 25
3038 2668 3 12 22 25
1848 2128 3 12 22 25
2538 3954 9 14 15 16 17 19 20 23 24 25
3402 3218 7 14 15 16 17 19 20 25
1080 2490 7 14 15 16 17 19 21 22
4534 2276 9 14 15 16 18 20 21 23 24 25
1934 2260 9 14 15 16 18 20 21 23 24 25
4210 3440 9 14 15 16 18 20 21 23 24 25
5398 3504 7 14 15 16 18 20 21 25
5342 2604 7 14 15 16 18 20 21 25
1878 2516 7 14 15 16 18 20 21 25
1568 2816 5 14 15 16 18 21
2038 3758 9 14 15 16 20 21 22 23 24 25
4314 3568 9 14 15 16 20 21 22 23 24 25
4696 4640 9 14 15 16 20 21 22 23 24 25
4612 3400 9 14 15 16 20 21 22 23 24 25
2310 2942 7 14 15 16 20 21 22 25
2846 3598 7 14 15 16 20 21 22 25
2798 2232 7 14 15 16 20 23 24 25
778 4520 7 14 15 16 20 23 24 25
3098 3346 7 14 15 16 20 23 24 25
1248 4764 5 14 15 16 20 25
1632 1444 5 14 15 16 21 22
494 2812 3 14 15 16
5410 3904 7 14 15 18 20 21 23 25
5516 2514 7 14 15 20 21 22 23 25
3992 2676 5 14 15 20 23 25
3518 822 7 14 16 17 19 20 24 25
2858 2782 7 14 16 18 20 21 24 25
5462 1156 7 14 16 18 20 21 24 25
2962 3008 7 14 16 20 21 22 24 25
1444 2260 5 14 16 20 24 25
1736 3324 7 14 17 19 20 21 22 25
3384 3306 7 14 17 19 20 23 24 25
3384 2386 7 14 17 19 20 23 24 25
4248 3098 5 14 17 19 20 25
1332 2122 5 14 17 19 21 22
2782 3450 7 14 18 20 21 23 24 25
4544 1794 7 14 18 20 21 23 24 25
5382 2056 7 14 18 20 21 23 24 25
5382 3940 7 14 18 20 21 23 24 25
2212 3280 5 14 18 20 21 25
1644 4294 3 14 18 21
2886 2768 7 14 20 21 22 23 24 25
5458 2798 7 14 20 21 22 23 24 25
5522 4712 7 14 20 21 22 23 24 25
2316 3188 5 14 20 21 22 25
3692 556 5 14 20 21 22 25
1370 4284 5 14 20 23 24 25
3126 4916 5 14 20 23 24 25
2176 4686 3 14 20 25
1190 3076 3 14 20 25
1574 3944 3 14 21 22
436 4042 1 14
3768 4636 10 15 16 17 18 19 20 21 23 24 25
4630 4914 10 15 16 17 18 19 20 21 23 24 25
4574 4086 10 15 16 17 18 19 20 21 23 24 25
5438 3274 8 15 16 17 18 19 20 21 25
3206 2710 8 15 16 17 18 19 21 23 24
4734 778 10 15 16 17 19 20 21 22 23 24 25
3874 2354 10 15 16 17 19 20 21 22 23 24 25
3874 2336 10 15 16 17 19 20 21 22 23 24 25
5542 3964 8 15 16 17 19 20 21 22 25
2356 2538 8 15 16 17 19 20 23 24 25
3156 4934 8 15 16 17 19 20 23 24 25
4020 4234 6 15 16 17 19 20 25
2910 3136 8 15 16 17 19 21 22 23 24
1958 2328 6 15 16 17 19 23 24
4354 4972 8 15 16 18 20 21 23 24 25
3786 3800 6 15 16 18 21 23 24
5314 5048 8 15 16 20 21 22 23 24 25
4460 3238 8 15 16 20 21 22 23 24 25
2942 5344 6 15 16 20 23 24 25
3798 5342 6 15 16 20 23 24 25
4606 804 4 15 16 20 25
3490 2082 6 15 16 21 22 23 24
556 4328 4 15 16 23 24
778 4850 2 15 16
5506 2956 8 15 17 18 19 20 21 23 25
5612 4626 8 15 17 19 20 21 22 23 25
4088 4248 6 15 17 19 20 23 25
4674 4264 4 15 20 23 25
1430 4586 2 15 23
1602 3122 8 17 18 19 20 21 23 24 25
3888 1370 8 17 18 19 20 21 23 24 25
5478 3796 8 17 18 19 20 21 23 24 25
2820 3888 8 17 18 19 20 21 23 24 25
1568 2810 6 17 18 19 20 21 25
3684 5458 6 17 18 19 20 21 25
1444 5648 6 17 18 19 21 23 24
1386 3416 4 17 18 19 21
2982 4628 8 17 19 20 21 22 23 24 25
5582 5236 8 17 19 20 21 22 23 24 25
1794 3564 8 17 19 20 21 22 23 24 25
2988 2428 8 17 19 20 21 22 23 24 25
3800 3206 8 17 19 20 21 22 23 24 25
5554 1736 8 17 19 20 21 22 23 24 25
2296 3084 6 17 19 20 21 22 25
3788 1574 6 17 19 20 21 22 25
2128 4626 6 17 19 20 21 22 25
3788 2206 6 17 19 20 21 22 25
1124 1880 6 17 19 20 23 24 25
1472 2296 6 17 19 20 23 24 25
4118 1066 6 17 19 20 23 24 25
1066 1632 4 17 19 20 25
2272 2342 4 17 19 20 25
1080 2392 6 17 19 21 22 23 24
3040 3340 6 17 19 21 22 23 24
3676 3570 4 17 19 21 22
1450 2764 4 17 19 21 22
410 3768 4 17 19 23 24
352 5458 2 17 19
1880 3944 6 18 20 21 23 24 25
3470 4544 6 18 20 21 23 24 25
4270 4000 4 18 20 21 25
2228 2538 4 18 20 21 25
1568 1886 4 18 21 23 24
2070 4544 2 18 21
3574 2516 6 20 21 22 23 24 25
4386 1756 6 20 21 22 23 24 25
2310 5480 6 20 21 22 23 24 25
2812 3150 4 20 21 22 25
1254 1444 4 20 23 24 25
1988 2272 4 20 23 24 25
2052 4416 4 20 23 24 25
1762 3958 2 20 25
1632 1916 4 21 22 23 24
2134 5466 2 21 22
820 1550 2 23 24
