18 1210 
3093 5658 4 1 3 4 7
6321 6231 8 1 3 7 8 11 12 17 18
5892 3399 7 1 3 7 8 11 17 18
4839 5901 4 1 3 7 17
4203 5985 4 1 3 7 18
5238 5004 2 1 18
5373 2694 8 2 3 5 7 9 14 16 17
4734 4392 8 2 3 5 7 9 14 16 18
6219 6168 7 2 3 5 7 9 16 17
5583 2805 7 2 3 5 7 9 16 18
6333 2280 9 2 3 7 9 11 14 16 17 18
3678 4233 7 2 4 5 6 9 13 14
4005 4653 6 2 4 5 6 9 13
4881 5895 6 2 4 5 9 14 16
5727 5409 5 2 4 5 9 16
5277 4527 8 2 4 6 9 11 13 14 17
4641 3756 8 2 4 6 9 11 13 14 18
6528 6429 7 2 4 6 9 11 13 14
5604 5448 7 2 4 6 9 11 13 17
4968 6369 7 2 4 6 9 11 13 18
6480 5307 7 2 4 9 11 14 16 17
5841 5169 7 2 4 9 11 14 16 18
4653 4131 9 2 5 6 8 9 11 13 14 17
4002 6174 9 2 5 6 8 9 11 13 14 18
4980 4020 8 2 5 6 8 9 11 13 17
4329 6171 8 2 5 6 8 9 11 13 18
3957 2532 9 2 5 6 9 10 13 14 15 16
4803 5784 8 2 5 6 9 10 13 15 16
4311 5955 8 2 5 6 9 13 14 15 16
5328 5007 7 2 5 6 9 13 14 17
4689 5622 7 2 5 6 9 13 14 18
2904 4881 6 2 5 6 9 13 14
5958 4935 7 2 5 6 9 13 15 16
6318 6240 6 2 5 6 9 13 17
5673 5217 6 2 5 6 9 13 18
3231 3840 5 2 5 6 9 13
4041 5316 9 2 5 7 9 10 13 14 16 17
3396 4503 9 2 5 7 9 10 13 14 16 18
4890 3924 8 2 5 7 9 10 13 16 17
4242 5628 8 2 5 7 9 10 13 16 18
5034 6408 8 2 5 7 9 13 14 16 17
4470 5724 8 2 5 7 9 13 14 16 18
5214 5370 7 2 5 7 9 13 14 16
6360 5427 7 2 5 7 9 13 16 17
5724 5331 7 2 5 7 9 13 16 18
4365 5295 9 2 5 8 9 10 11 14 16 17
3717 6000 9 2 5 8 9 10 11 14 16 18
5211 5040 8 2 5 8 9 10 11 16 17
4566 4797 8 2 5 8 9 10 11 16 18
5358 1065 8 2 5 8 9 11 14 16 17
4794 3360 8 2 5 8 9 11 14 16 18
5550 1272 7 2 5 8 9 11 14 16
6048 2778 7 2 5 8 9 11 16 18
5040 6474 7 2 5 9 10 14 16 17
4407 5931 7 2 5 9 10 14 16 18
5409 5289 6 2 5 9 10 14 16
6552 5871 6 2 5 9 10 16 17
5907 1584 6 2 5 9 10 16 18
3708 5055 7 2 5 9 12 14 16 17
3144 5781 7 2 5 9 12 14 16 18
3873 3612 6 2 5 9 12 14 16
5034 5817 6 2 5 9 12 16 17
4398 4230 6 2 5 9 12 16 18
5523 6033 5 2 5 9 12 16
3705 6027 5 2 5 9 14 16
4950 3915 4 2 5 9 16
5571 2550 10 2 6 9 10 11 13 14 15 16 17
4920 6009 10 2 6 9 10 11 13 14 15 16 18
6417 5712 9 2 6 9 10 11 13 15 16 17
5769 6534 9 2 6 9 10 11 13 15 16 18
5922 4272 9 2 6 9 11 13 14 15 16 17
5274 3921 9 2 6 9 11 13 14 15 16 18
6207 4368 8 2 6 9 11 13 14 17 18
4515 3903 7 2 6 9 11 13 14 17
3867 4665 7 2 6 9 11 13 14 18
4842 1794 6 2 6 9 11 13 17
4194 5355 6 2 6 9 11 13 18
5007 6150 10 2 7 9 10 11 13 14 16 17 18
5853 5367 9 2 7 9 10 11 13 16 17 18
6000 5583 9 2 7 9 11 13 14 16 17 18
6177 5664 8 2 7 9 11 13 14 16 18
3678 2202 9 2 9 10 11 12 14 16 17 18
4524 4341 8 2 9 10 11 12 16 17 18
5922 2970 8 2 9 10 11 14 16 17 18
4230 4251 7 2 9 10 11 14 16 17
6123 4263 7 2 9 10 11 14 16 18
3582 3270 7 2 9 10 11 14 16 18
5076 4845 6 2 9 10 11 16 17
4428 4947 6 2 9 10 11 16 18
4671 6561 8 2 9 11 12 14 16 17 18
4755 1182 8 2 9 11 12 14 16 17 18
5484 6096 7 2 9 11 12 14 16 17
4836 6723 7 2 9 11 12 14 16 18
5997 5028 7 2 9 11 12 16 17 18
6321 6120 7 2 9 11 12 16 17 18
6486 2085 6 2 9 11 12 16 18
5211 3678 6 2 9 11 14 16 17
4647 2163 6 2 9 11 14 16 18
5412 1653 5 2 9 11 14 16
5910 3768 5 2 9 11 16 18
6387 4929 6 2 12 14 15 16 18
927 5112 2 2 14
1272 6369 1 2
3198 2997 9 3 4 5 6 7 9 13 14 17
2562 3678 9 3 4 5 6 7 9 13 14 18
4449 4890 8 3 4 5 6 7 9 13 14
3528 3873 8 3 4 5 6 7 9 13 17
3141 5835 8 3 4 5 6 7 9 13 18
4776 4161 7 3 4 5 6 7 9 13
6117 5166 6 3 4 5 6 9 14
4401 6120 8 3 4 5 7 9 14 16 17
3765 3972 8 3 4 5 7 9 14 16 18
5652 4038 7 3 4 5 7 9 14 16
5250 5409 7 3 4 5 7 9 16 17
4611 720 7 3 4 5 7 9 16 18
4206 5964 11 3 4 6 7 8 11 13 14 15 17 18
6093 4755 10 3 4 6 7 8 11 13 14 15 17
5454 3462 10 3 4 6 7 8 11 13 14 15 18
4533 5607 10 3 4 6 7 8 11 13 15 17 18
6420 3132 9 3 4 6 7 8 11 13 15 17
5781 6123 9 3 4 6 7 8 11 13 15 18
4161 3870 10 3 4 6 7 9 11 13 14 17 18
6048 6027 9 3 4 6 7 9 11 13 14 17
5409 5238 9 3 4 6 7 9 11 13 14 18
4488 3075 9 3 4 6 7 9 11 13 17 18
5739 4644 8 3 4 6 7 9 11 13 18
4104 4212 10 3 4 6 7 10 13 14 15 17 18
5946 5124 9 3 4 6 7 10 13 14 15 17
5310 3666 9 3 4 6 7 10 13 14 15 18
4431 5004 9 3 4 6 7 10 13 15 17 18
6273 5799 8 3 4 6 7 10 13 15 17
5637 4728 8 3 4 6 7 10 13 15 18
2556 5808 10 3 4 6 7 12 13 14 15 17 18
4443 5841 9 3 4 6 7 12 13 14 15 17
3804 6165 9 3 4 6 7 12 13 14 15 18
5697 4470 8 3 4 6 7 12 13 14 15
3012 4203 9 3 4 6 7 12 13 15 17 18
4770 4377 8 3 4 6 7 12 13 15 17
4131 5688 8 3 4 6 7 12 13 15 18
6027 5862 7 3 4 6 7 12 13 15
5418 5193 9 3 4 6 7 13 14 15 17 18
5415 5940 9 3 4 6 7 13 14 15 17 18
2988 6645 8 3 4 6 7 13 14 15 17
2832 4941 8 3 4 6 7 13 14 15 18
4239 5589 7 3 4 6 7 13 14 15
5760 5820 8 3 4 6 7 13 15 17 18
5742 6051 8 3 4 6 7 13 15 17 18
5751 6402 8 3 4 6 7 13 15 17 18
3726 6348 7 3 4 6 7 13 15 17
3630 5751 7 3 4 6 7 13 15 18
4566 2820 6 3 4 6 7 13 15
6108 6582 7 3 4 6 12 14 15 17
5472 3123 7 3 4 6 12 14 15 18
6435 5469 6 3 4 6 12 15 17
5799 6234 6 3 4 6 12 15 18
5898 5937 5 3 4 6 14 15
5406 4623 10 3 4 7 8 11 14 15 16 17 18
5406 5436 10 3 4 7 8 11 14 15 16 17 18
6255 6504 9 3 4 7 8 11 15 16 17 18
5364 5667 9 3 4 7 9 11 14 16 17 18
6210 3996 8 3 4 7 9 11 16 17 18
5139 5352 9 3 4 7 10 14 15 16 17 18
5307 6117 9 3 4 7 10 14 15 16 17 18
6390 1800 8 3 4 7 10 14 15 16 18
6390 6207 8 3 4 7 10 14 15 16 18
5985 4320 8 3 4 7 10 15 16 17 18
5994 4530 8 3 4 7 10 15 16 17 18
5994 4371 8 3 4 7 10 15 16 17 18
3756 6075 9 3 4 7 12 14 15 16 17 18
5643 4233 8 3 4 7 12 14 15 16 17
5643 4581 8 3 4 7 12 14 15 16 17
5004 4671 8 3 4 7 12 14 15 16 18
4605 4731 8 3 4 7 12 15 16 17 18
6489 5415 7 3 4 7 12 15 16 17
6498 5589 7 3 4 7 12 15 16 17
5853 3231 7 3 4 7 12 15 16 18
4182 3498 7 3 4 7 14 15 16 17
3546 1611 7 3 4 7 14 15 16 18
5433 6435 6 3 4 7 14 15 16
5028 3618 6 3 4 7 15 16 17
4392 4839 6 3 4 7 15 16 18
4845 2607 10 3 5 6 7 9 13 14 15 16 17
4206 3663 10 3 5 6 7 9 13 14 15 16 18
6093 4845 9 3 5 6 7 9 13 14 15 16
4866 6165 9 3 5 6 7 9 13 14 17 18
6114 5694 8 3 5 6 7 9 13 14 18
6111 6243 8 3 5 6 7 9 13 14 18
5691 4968 9 3 5 6 7 9 13 15 16 17
5055 5274 9 3 5 6 7 9 13 15 16 18
5193 3300 8 3 5 6 7 9 13 17 18
6393 4797 8 3 5 6 9 10 14 15 16
5421 6225 7 3 5 6 9 12 14 17
4785 5115 7 3 5 6 9 12 14 18
5751 5025 6 3 5 6 9 12 17
5112 3045 6 3 5 6 9 12 18
5337 4374 5 3 5 6 9 14
5664 5010 4 3 5 6 9
4722 4650 10 3 5 7 8 9 11 14 16 17 18
5970 6126 9 3 5 7 8 9 11 14 16 18
5568 5853 9 3 5 7 8 9 11 16 17 18
4581 3825 9 3 5 7 9 10 14 16 17 18
5829 3255 8 3 5 7 9 10 14 16 18
5829 2832 8 3 5 7 9 10 14 16 18
5427 6108 8 3 5 7 9 10 16 17 18
3072 6384 9 3 5 7 9 12 14 16 17 18
4959 3396 8 3 5 7 9 12 14 16 17
4320 5565 8 3 5 7 9 12 14 16 18
6213 3021 7 3 5 7 9 12 14 16
3918 4899 8 3 5 7 9 12 16 17 18
5805 5883 7 3 5 7 9 12 16 17
5169 5355 7 3 5 7 9 12 16 18
6060 4701 8 3 5 7 9 14 16 17 18
6063 2766 8 3 5 7 9 14 16 17 18
3624 2487 7 3 5 7 9 14 16 17
2985 3594 7 3 5 7 9 14 16 18
4872 4626 6 3 5 7 9 14 16
4470 5904 6 3 5 7 9 16 17
3834 4512 6 3 5 7 9 16 18
5721 3780 5 3 5 7 9 16
5808 6384 11 3 6 7 9 11 13 14 15 16 17 18
6117 6207 9 3 6 7 12 13 14 15 17 18
6108 4869 9 3 6 7 12 13 14 15 17 18
6108 2001 9 3 6 7 12 13 14 15 17 18
6447 3588 8 3 6 7 12 13 15 17 18
6444 5511 8 3 6 7 12 13 15 17 18
6435 5361 8 3 6 7 12 13 15 17 18
6435 3222 8 3 6 7 12 13 15 17 18
6525 6498 8 3 6 7 12 13 15 17 18
4653 6264 8 3 6 7 13 14 15 17 18
5904 3384 7 3 6 7 13 14 15 18
4983 6321 7 3 6 7 13 15 17 18
6369 4515 9 3 6 8 11 12 14 15 17 18
6384 4464 8 3 6 9 11 12 14 17 18
6330 5016 8 3 6 10 12 14 15 17 18
6657 5406 7 3 6 10 12 15 17 18
6243 6393 6 3 6 10 14 15 18
5331 4308 6 3 6 12 14 15 17
4692 5769 6 3 6 12 14 15 18
5658 6552 5 3 6 12 15 17
5022 6102 5 3 6 12 15 18
5118 6117 4 3 6 14 15
5445 5622 3 3 6 15
5904 3294 10 3 7 8 11 12 14 15 16 17 18
5913 6669 10 3 7 8 11 12 14 15 16 17 18
4629 3288 9 3 7 8 11 14 15 16 17 18
5880 5331 8 3 7 8 11 14 15 16 18
5475 4509 8 3 7 8 11 15 16 17 18
5919 2901 9 3 7 9 11 12 14 16 17 18
5931 5880 9 3 7 9 11 12 14 16 17 18
4584 5520 8 3 7 9 11 14 16 17 18
5835 6486 7 3 7 9 11 14 16 18
5433 4533 7 3 7 9 11 16 17 18
5715 6105 9 3 7 10 12 14 15 16 17 18
5715 6291 9 3 7 10 12 14 15 16 17 18
5865 5241 9 3 7 10 12 14 15 16 17 18
5715 2556 9 3 7 10 12 14 15 16 17 18
5796 3573 9 3 7 10 12 14 15 16 17 18
6561 4041 8 3 7 10 12 15 16 17 18
6561 4836 8 3 7 10 12 15 16 17 18
6642 4083 8 3 7 10 12 15 16 17 18
6561 4584 8 3 7 10 12 15 16 17 18
6669 4290 8 3 7 10 12 15 16 17 18
4371 3345 8 3 7 10 14 15 16 17 18
5619 5337 7 3 7 10 14 15 16 18
5619 4890 7 3 7 10 14 15 16 18
5217 4116 7 3 7 10 15 16 17 18
5223 5799 7 3 7 10 15 16 17 18
2979 4569 8 3 7 12 14 15 16 17 18
4866 6114 7 3 7 12 14 15 16 17
4230 4773 7 3 7 12 14 15 16 18
6123 2820 6 3 7 12 14 15 16
3825 2817 7 3 7 12 15 16 17 18
5712 3948 6 3 7 12 15 16 17
5076 6159 6 3 7 12 15 16 18
5841 5526 7 3 7 14 15 16 17 18
5841 4734 7 3 7 14 15 16 17 18
3402 2979 6 3 7 14 15 16 17
2766 5142 6 3 7 14 15 16 18
4653 4641 5 3 7 14 15 16
4251 5868 5 3 7 15 16 17
3861 2832 5 3 7 15 16 18
5499 2841 4 3 7 15 16
3663 4392 9 4 5 6 8 9 11 13 14 17
3027 3927 9 4 5 6 8 9 11 13 14 18
4914 4809 8 4 5 6 8 9 11 13 14
3990 5739 8 4 5 6 8 9 11 13 17
3354 1836 8 4 5 6 8 9 11 13 18
5241 2904 7 4 5 6 8 9 11 13
6360 4521 7 4 5 6 8 13 14 15
2985 5010 9 4 5 6 9 10 13 14 15 16
3831 6522 8 4 5 6 9 10 13 15 16
2493 4155 8 4 5 6 9 12 13 14 17
2445 3867 8 4 5 6 9 12 13 14 18
3312 5412 7 4 5 6 9 12 13 14
3291 4515 7 4 5 6 9 12 13 17
3243 5610 7 4 5 6 9 12 13 18
4107 2697 6 4 5 6 9 12 13
4344 6213 8 4 5 6 9 13 14 15 16
4341 5910 8 4 5 6 9 13 14 15 16
5001 5361 7 4 5 6 9 13 14 17
4368 3582 7 4 5 6 9 13 14 18
2010 4062 6 4 5 6 9 13 14
6225 5043 6 4 5 6 9 13 14
5187 5721 7 4 5 6 9 13 15 16
5790 6186 7 4 5 6 9 13 15 16
5331 5808 6 4 5 6 9 13 17
4695 4137 6 4 5 6 9 13 18
2805 2364 5 4 5 6 9 13
3069 5130 9 4 5 7 9 10 13 14 16 17
2421 927 9 4 5 7 9 10 13 14 16 18
3915 3945 8 4 5 7 9 10 13 16 17
3270 4242 8 4 5 7 9 10 13 16 18
4539 5271 8 4 5 7 9 13 14 16 17
3903 5553 8 4 5 7 9 13 14 16 18
5790 2331 7 4 5 7 9 13 14 16
5388 6237 7 4 5 7 9 13 16 17
4749 1962 7 4 5 7 9 13 16 18
4866 4206 8 4 5 8 9 11 14 16 17
4230 5085 8 4 5 8 9 11 14 16 18
6117 6048 7 4 5 8 9 11 14 16
5712 5976 7 4 5 8 9 11 16 17
5076 4239 7 4 5 8 9 11 16 18
4734 5874 7 4 5 9 10 14 16 17
4089 2553 7 4 5 9 10 14 16 18
6102 3681 6 4 5 9 10 14 16
5580 5415 6 4 5 9 10 16 17
4935 3291 6 4 5 9 10 16 18
3216 3462 7 4 5 9 12 14 16 17
2580 2562 7 4 5 9 12 14 16 18
4464 5640 6 4 5 9 12 14 16
4062 4428 6 4 5 9 12 16 17
3795 2337 6 4 5 9 12 16 18
5310 3888 5 4 5 9 12 16
6204 4128 6 4 5 9 14 16 17
5571 3579 6 4 5 9 14 16 18
3132 5205 5 4 5 9 14 16
3978 5433 4 4 5 9 16
4509 6228 10 4 6 8 10 11 13 14 15 17 18
4581 5076 10 4 6 8 10 11 13 14 15 17 18
6414 3129 9 4 6 8 10 11 13 14 15 17
5760 5283 9 4 6 8 10 11 13 14 15 18
4908 6093 9 4 6 8 10 11 13 15 17 18
4836 5001 9 4 6 8 10 11 13 15 17 18
6087 5712 8 4 6 8 10 11 13 15 18
3021 5439 10 4 6 8 11 12 13 14 15 17 18
2961 3705 10 4 6 8 11 12 13 14 15 17 18
4917 5277 9 4 6 8 11 12 13 14 15 17
4212 3528 9 4 6 8 11 12 13 14 15 18
3360 5421 9 4 6 8 11 12 13 15 17 18
3510 2616 9 4 6 8 11 12 13 15 17 18
5244 3942 8 4 6 8 11 12 13 15 17
4596 4209 8 4 6 8 11 12 13 15 18
5841 4764 9 4 6 8 11 13 14 15 17 18
5823 6216 9 4 6 8 11 13 14 15 17 18
3573 3441 8 4 6 8 11 13 14 15 17
2934 5604 8 4 6 8 11 13 14 15 18
4824 4590 7 4 6 8 11 13 14 15
6168 6063 8 4 6 8 11 13 15 17 18
6150 6126 8 4 6 8 11 13 15 17 18
3900 5193 7 4 6 8 11 13 15 17
3261 4659 7 4 6 8 11 13 15 18
5151 3225 6 4 6 8 11 13 15
4581 4995 10 4 6 9 10 11 13 14 15 16 17
3945 6177 10 4 6 9 10 11 13 14 15 16 18
5835 6282 9 4 6 9 10 11 13 14 15 16
4527 4164 9 4 6 9 10 11 13 14 17 18
6369 3996 8 4 6 9 10 11 13 14 17
5721 2451 8 4 6 9 10 11 13 14 18
5430 5928 9 4 6 9 10 11 13 15 16 17
4791 6390 9 4 6 9 10 11 13 15 16 18
5145 2907 8 4 6 9 10 11 13 17 18
6051 894 7 4 6 9 10 11 13 18
3456 5061 9 4 6 9 11 12 13 14 17 18
4872 3075 8 4 6 9 11 12 13 14 17
4272 6561 8 4 6 9 11 12 13 14 18
4254 3168 8 4 6 9 11 12 13 17 18
5199 5715 7 4 6 9 11 12 13 17
5070 6048 7 4 6 9 11 12 13 18
5940 5997 9 4 6 9 11 13 14 15 16 17
5301 3348 9 4 6 9 11 13 14 15 16 18
5307 6282 9 4 6 9 11 13 14 15 16 18
5964 2931 8 4 6 9 11 13 14 17 18
3558 4581 7 4 6 9 11 13 14 17
2970 4137 7 4 6 9 11 13 14 18
4809 5301 6 4 6 9 11 13 14
6150 6210 8 4 6 9 11 13 15 16 18
4356 6018 6 4 6 9 11 13 17
3768 1578 6 4 6 9 11 13 18
5607 3765 5 4 6 9 11 13
2931 5196 9 4 6 10 12 13 14 15 17 18
4764 4875 8 4 6 10 12 13 14 15 17
4116 2415 8 4 6 10 12 13 14 15 18
3588 4542 8 4 6 10 12 13 15 17 18
5091 3093 7 4 6 10 12 13 15 17
4743 3780 7 4 6 10 12 13 15 18
5784 4176 8 4 6 10 13 14 15 17 18
5793 4653 8 4 6 10 13 14 15 17 18
3471 5223 7 4 6 10 13 14 15 17
2835 2847 7 4 6 10 13 14 15 18
4665 2634 6 4 6 10 13 14 15
6114 2409 7 4 6 10 13 15 17 18
6237 5055 7 4 6 10 13 15 17 18
3960 4215 6 4 6 10 13 15 17
3441 4581 6 4 6 10 13 15 18
4995 4008 5 4 6 10 13 15
4233 6135 8 4 6 12 13 14 15 17 18
4242 2760 8 4 6 12 13 14 15 17 18
6219 4044 7 4 6 12 13 14 15 17
1923 2292 7 4 6 12 13 14 15 17
6126 5577 7 4 6 12 13 14 15 17
1836 4653 7 4 6 12 13 14 15 18
5580 5292 7 4 6 12 13 14 15 18
3168 6207 6 4 6 12 13 14 15
4560 2934 7 4 6 12 13 15 17 18
4689 4641 7 4 6 12 13 15 17 18
2679 1623 6 4 6 12 13 15 17
2631 6108 6 4 6 12 13 15 18
5937 6294 6 4 6 12 13 15 18
3498 3810 5 4 6 12 13 15
4782 3918 6 4 6 13 14 15 17
4149 5571 6 4 6 13 14 15 18
2490 3954 5 4 6 13 14 15
6120 1917 5 4 6 13 14 15
5109 5052 5 4 6 13 15 17
4476 5208 5 4 6 13 15 18
3288 4113 4 4 6 13 15
3948 3858 11 4 7 8 10 11 13 14 15 16 17 18
3888 6111 11 4 7 8 10 11 13 14 15 16 17 18
5964 4776 10 4 7 8 10 11 13 14 15 16 17
5316 5229 10 4 7 8 10 11 13 14 15 16 18
4920 4722 10 4 7 8 10 11 13 15 16 17 18
4734 5604 10 4 7 8 10 11 13 15 16 17 18
6162 4251 9 4 7 8 10 11 13 15 16 18
5430 6360 10 4 7 8 11 13 14 15 16 17 18
5358 3072 10 4 7 8 11 13 14 15 16 17 18
5565 5790 10 4 7 8 11 13 14 15 16 17 18
6207 5436 9 4 7 8 11 13 15 16 17 18
6279 3084 9 4 7 8 11 13 15 16 17 18
4020 5349 10 4 7 9 10 11 13 14 16 17 18
5919 3609 9 4 7 9 10 11 13 14 16 17
5271 4566 9 4 7 9 10 11 13 14 16 18
4866 4149 9 4 7 9 10 11 13 16 17 18
6120 4668 8 4 7 9 10 11 13 16 18
5502 5922 9 4 7 9 11 13 14 16 17 18
6348 5943 8 4 7 9 11 13 16 17 18
6348 5409 8 4 7 9 11 13 16 17 18
2415 4734 10 4 7 10 12 13 14 15 16 17 18
2505 5157 10 4 7 10 12 13 14 15 16 17 18
4308 5433 9 4 7 10 12 13 14 15 16 17
3660 4872 9 4 7 10 12 13 14 15 16 18
3270 5919 9 4 7 10 12 13 15 16 17 18
3261 5937 9 4 7 10 12 13 15 16 17 18
5157 4812 8 4 7 10 12 13 15 16 17
4509 567 8 4 7 10 12 13 15 16 18
5274 5793 9 4 7 10 13 14 15 16 17 18
5277 5742 9 4 7 10 13 14 15 16 17 18
5292 5604 9 4 7 10 13 14 15 16 17 18
5319 5376 9 4 7 10 13 14 15 16 17 18
3159 6531 8 4 7 10 13 14 15 16 17
2883 5187 8 4 7 10 13 14 15 16 18
6123 5487 8 4 7 10 13 15 16 17 18
6132 4596 8 4 7 10 13 15 16 17 18
3885 5964 7 4 7 10 13 15 16 17
3609 4995 7 4 7 10 13 15 16 18
3768 5973 9 4 7 12 13 14 15 16 17 18
3915 4734 9 4 7 12 13 14 15 16 17 18
5664 5406 8 4 7 12 13 14 15 16 17
5781 3393 8 4 7 12 13 14 15 16 17
5016 6360 8 4 7 12 13 14 15 16 18
4677 5691 8 4 7 12 13 15 16 17 18
4659 4203 8 4 7 12 13 15 16 17 18
6513 5571 7 4 7 12 13 15 16 17
6645 4149 7 4 7 12 13 15 16 17
5994 3555 7 4 7 12 13 15 16 18
5862 6177 7 4 7 12 13 15 16 18
4320 6414 7 4 7 13 14 15 16 17
3684 5433 7 4 7 13 14 15 16 18
5571 6315 6 4 7 13 14 15 16
5169 4974 6 4 7 13 15 16 17
4530 4239 6 4 7 13 15 16 18
5553 3108 9 4 8 10 11 14 15 16 17 18
5613 2835 9 4 8 10 11 14 15 16 17 18
5712 4500 9 4 8 10 11 14 15 16 17 18
6462 1776 8 4 8 10 11 15 16 17 18
6402 2937 8 4 8 10 11 15 16 17 18
6579 4254 8 4 8 10 11 15 16 17 18
4161 4920 9 4 8 11 12 14 15 16 17 18
6120 5250 8 4 8 11 12 14 15 16 17
5415 5427 8 4 8 11 12 14 15 16 18
5070 4716 8 4 8 11 12 15 16 17 18
5010 6333 8 4 8 11 12 15 16 17 18
6261 2490 7 4 8 11 12 15 16 18
4773 3942 7 4 8 11 14 15 16 17
4137 3564 7 4 8 11 14 15 16 18
6027 5310 6 4 8 11 14 15 16
5622 1437 6 4 8 11 15 16 17
4983 5583 6 4 8 11 15 16 18
5688 3447 8 4 9 10 11 14 16 17 18
5694 4095 8 4 9 10 11 14 16 17 18
4179 3684 8 4 9 11 12 14 16 17 18
6075 4905 7 4 9 11 12 14 16 17
5427 6237 7 4 9 11 12 14 16 18
5025 4695 7 4 9 11 12 16 17 18
6273 4191 6 4 9 11 12 16 18
4731 6096 6 4 9 11 14 16 17
4092 3123 6 4 9 11 14 16 18
5577 3915 5 4 9 11 16 17
4941 4662 5 4 9 11 16 18
3963 4488 8 4 10 12 14 15 16 17 18
4080 4413 8 4 10 12 14 15 16 17 18
5967 4866 7 4 10 12 14 15 16 17
5319 4230 7 4 10 12 14 15 16 18
5331 3072 7 4 10 12 14 15 16 18
4812 6315 7 4 10 12 15 16 17 18
4929 2193 7 4 10 12 15 16 17 18
4812 3333 7 4 10 12 15 16 17 18
6165 3216 6 4 10 12 15 16 18
4515 3408 6 4 10 14 15 16 17
3870 4836 6 4 10 14 15 16 18
5868 5571 5 4 10 14 15 16
5361 5829 5 4 10 15 16 17
4716 5892 5 4 10 15 16 18
5436 4656 7 4 12 14 15 16 17 18
3123 4959 6 4 12 14 15 16 17
2487 5277 6 4 12 14 15 16 18
4371 6288 5 4 12 14 15 16
6282 4749 6 4 12 15 16 17 18
6294 6387 6 4 12 15 16 17 18
6282 4179 6 4 12 15 16 17 18
6408 6117 6 4 12 15 16 17 18
3972 5445 5 4 12 15 16 17
3333 4209 5 4 12 15 16 18
5220 2865 4 4 12 15 16
5985 6261 5 4 14 15 16 17
5352 3078 5 4 14 15 16 18
2901 4443 4 4 14 15 16
3840 5013 3 4 15 16
3954 2139 11 5 6 8 9 10 11 13 14 15 16 17
3309 5331 11 5 6 8 9 10 11 13 14 15 16 18
4797 5565 11 5 6 8 9 10 11 13 15 16 17 18
4803 3279 10 5 6 8 9 10 11 13 15 16 17
4155 4563 10 5 6 8 9 10 11 13 15 16 18
2892 3459 10 5 6 8 9 11 12 13 14 17 18
2694 5727 11 5 6 8 9 11 12 13 15 16 17 18
3687 5580 9 5 6 8 9 11 12 13 17 18
5313 6123 10 5 6 8 9 11 13 14 15 16 17
5913 6066 10 5 6 8 9 11 13 14 15 16 18
5787 4962 10 5 6 8 9 11 13 14 15 16 18
4665 4392 10 5 6 8 9 11 13 14 15 16 18
5331 5721 9 5 6 8 9 11 13 14 17 18
5283 3624 9 5 6 8 9 11 13 14 17 18
3012 3978 8 5 6 8 9 11 13 14 17
2364 5943 8 5 6 8 9 11 13 14 18
3075 5331 9 5 6 8 9 11 13 15 16 17
5511 3504 9 5 6 8 9 11 13 15 16 18
5637 6327 9 5 6 8 9 11 13 15 16 18
5610 6144 8 5 6 8 9 11 13 17 18
3810 3666 7 5 6 8 9 11 13 17
3162 3687 7 5 6 8 9 11 13 18
6522 5835 8 5 6 8 10 13 14 15 18
6504 3306 8 5 6 8 10 13 15 17 18
5850 4656 8 5 6 8 10 13 15 17 18
6219 2001 7 5 6 8 10 13 15 18
5682 4980 8 5 6 8 12 13 14 15 17
4971 612 8 5 6 8 12 13 14 15 18
4299 5568 8 5 6 8 12 13 15 17 18
5355 3942 7 5 6 8 12 13 15 17
6009 5313 7 5 6 8 12 13 15 17
4647 6087 7 5 6 8 12 13 15 18
5583 3144 6 5 6 8 13 14 15
4911 5550 6 5 6 8 13 15 17
4215 1974 6 5 6 8 13 15 18
5259 5397 5 5 6 8 13 15
5295 4230 9 5 6 9 10 13 14 15 16 17
6228 4242 9 5 6 9 10 13 14 15 16 17
5166 3186 9 5 6 9 10 13 14 15 16 17
4521 6315 9 5 6 9 10 13 14 15 16 18
5376 5781 9 5 6 9 10 13 14 15 16 18
4650 5778 9 5 6 9 10 13 14 15 16 18
2529 4446 8 5 6 9 10 13 14 15 16
6534 2415 8 5 6 9 10 13 14 15 16
6504 5178 8 5 6 9 10 13 14 15 16
6012 3615 8 5 6 9 10 13 15 16 17
5538 6552 8 5 6 9 10 13 15 16 18
5370 4866 8 5 6 9 10 13 15 16 18
6279 4803 8 5 6 9 10 13 15 16 18
3255 3987 7 5 6 9 10 13 15 16
4899 5034 9 5 6 9 12 13 14 15 16 17
4263 3945 9 5 6 9 12 13 14 15 16 18
6147 5865 8 5 6 9 12 13 14 15 16
3681 2505 8 5 6 9 12 13 14 17 18
5124 5109 7 5 6 9 12 13 14 17
5574 6273 7 5 6 9 12 13 14 17
4926 5295 7 5 6 9 12 13 14 18
4488 4833 7 5 6 9 12 13 14 18
5226 2343 8 5 6 9 12 13 15 16 17
4590 5235 8 5 6 9 12 13 15 16 18
6474 4299 7 5 6 9 12 13 15 16
4008 2928 7 5 6 9 12 13 17 18
5973 5028 6 5 6 9 12 13 17
5901 5850 6 5 6 9 12 13 17
5253 5280 6 5 6 9 12 13 18
6003 5550 8 5 6 9 13 14 15 16 18
3564 5979 7 5 6 9 13 14 15 16
4242 5985 6 5 6 9 13 14 17
3594 6249 6 5 6 9 13 14 18
5448 2574 5 5 6 9 13 14
1692 5475 5 5 6 9 13 14
5448 6642 5 5 6 9 13 14
4413 6462 6 5 6 9 13 15 16
4569 3477 5 5 6 9 13 17
3921 6075 5 5 6 9 13 18
2490 3501 4 5 6 9 13
5778 3528 4 5 6 9 13
3330 6525 11 5 7 8 9 10 11 13 14 16 17 18
3393 5505 11 5 7 8 9 10 11 13 14 16 17 18
4179 4686 10 5 7 8 9 10 11 13 16 17 18
4239 6555 10 5 7 8 9 10 11 13 16 17 18
4128 3378 10 5 7 8 9 11 12 13 16 17 18
4083 5559 10 5 7 8 9 11 12 13 16 17 18
4803 4005 10 5 7 8 9 11 13 14 16 17 18
4875 5913 10 5 7 8 9 11 13 14 16 17 18
5895 2715 9 5 7 8 9 11 13 14 16 18
5943 5007 9 5 7 8 9 11 13 14 16 18
3225 6213 9 5 7 8 9 11 13 16 17 18
4248 5904 8 5 7 8 9 11 13 16 17
6723 5199 9 5 7 8 10 13 14 15 16 17
6075 5580 9 5 7 8 10 13 14 15 16 18
6393 6435 7 5 7 8 10 13 17 18
5193 3726 7 5 7 8 12 13 17 18
5370 3159 7 5 7 8 12 13 17 18
5205 4926 7 5 7 8 12 13 17 18
6246 6390 6 5 7 8 12 13 17
5550 3957 6 5 7 8 12 13 18
4941 2010 6 5 7 8 13 17 18
5061 2205 6 5 7 8 13 17 18
5817 5082 5 5 7 8 13 17
5121 4914 5 5 7 8 13 18
2550 3261 10 5 7 9 10 12 13 14 16 17 18
3279 3384 9 5 7 9 10 12 13 16 17 18
4734 5406 9 5 7 9 10 13 14 16 17 18
4728 5604 9 5 7 9 10 13 14 16 17 18
4722 5967 9 5 7 9 10 13 14 16 17 18
2364 3456 8 5 7 9 10 13 14 16 17
6117 6243 8 5 7 9 10 13 14 16 17
5943 5070 8 5 7 9 10 13 14 16 18
2085 6579 8 5 7 9 10 13 14 16 18
5793 2679 8 5 7 9 10 13 14 16 18
5943 4026 8 5 7 9 10 13 14 16 18
6051 4197 8 5 7 9 10 13 14 16 18
5469 6246 8 5 7 9 10 13 14 16 18
5580 4206 8 5 7 9 10 13 16 17 18
5568 6330 8 5 7 9 10 13 16 17 18
3141 4566 7 5 7 9 10 13 16 17
2814 3834 7 5 7 9 10 13 16 18
3213 4950 9 5 7 9 12 13 14 16 17 18
4113 5964 9 5 7 9 12 13 14 16 17 18
4929 5553 8 5 7 9 12 13 14 16 17
4278 3270 8 5 7 9 12 13 14 16 18
5862 3537 8 5 7 9 12 13 16 17 18
4059 5919 8 5 7 9 12 13 16 17 18
5742 4332 8 5 7 9 12 13 16 17 18
5937 5169 8 5 7 9 12 13 16 17 18
5955 3948 7 5 7 9 12 13 16 17
5307 5898 7 5 7 9 12 13 16 18
6201 5121 8 5 7 9 13 14 16 17 18
6204 5118 8 5 7 9 13 14 16 17 18
3765 5997 7 5 7 9 13 14 16 17
3129 3987 7 5 7 9 13 14 16 18
4845 4866 6 5 7 9 13 14 16
4611 4242 6 5 7 9 13 16 17
3975 4107 6 5 7 9 13 16 18
5721 4230 6 5 7 9 13 16 18
5862 3081 5 5 7 9 13 16
2505 5652 10 5 8 9 10 11 12 14 16 17 18
2607 3747 10 5 8 9 10 11 12 14 16 17 18
3231 5313 9 5 8 9 10 11 12 16 17 18
3294 3027 9 5 8 9 10 11 12 16 17 18
5055 5178 9 5 8 9 10 11 14 16 17 18
4995 5823 9 5 8 9 10 11 14 16 17 18
5046 3630 9 5 8 9 10 11 14 16 17 18
2616 3237 8 5 8 9 10 11 14 16 17
6264 5253 8 5 8 9 10 11 14 16 18
6117 6504 8 5 8 9 10 11 14 16 18
2040 4242 8 5 8 9 10 11 14 16 18
3444 2985 8 5 8 9 10 11 16 17 18
5841 2631 8 5 8 9 10 11 16 17 18
5946 6108 8 5 8 9 10 11 16 17 18
3462 5712 7 5 8 9 10 11 16 17
2817 3018 7 5 8 9 10 11 16 18
4377 5913 9 5 8 9 11 12 14 16 17 18
3477 2961 9 5 8 9 11 12 14 16 17 18
5433 4008 8 5 8 9 11 12 14 16 17
5250 5760 8 5 8 9 11 12 14 16 17
4566 5244 8 5 8 9 11 12 14 16 18
2412 2289 8 5 8 9 11 12 16 17 18
6291 5034 8 5 8 9 11 12 16 17 18
6150 4734 8 5 8 9 11 12 16 17 18
6066 3231 8 5 8 9 11 12 16 17 18
1977 4641 8 5 8 9 11 12 16 17 18
6126 5601 8 5 8 9 11 12 16 17 18
6147 3963 8 5 8 9 11 12 16 17 18
6006 5472 8 5 8 9 11 12 16 17 18
2847 5724 7 5 8 9 11 12 16 17
6282 3687 7 5 8 9 11 12 16 17
2718 1863 7 5 8 9 11 12 16 18
6198 2913 7 5 8 9 11 12 16 18
3633 6444 7 5 8 9 11 12 16 18
6231 4785 7 5 8 9 11 12 16 18
4089 2217 7 5 8 9 11 14 16 17
3450 5076 7 5 8 9 11 14 16 18
5178 5202 6 5 8 9 11 14 16
2364 5946 6 5 8 9 11 16 17
1800 4953 6 5 8 9 11 16 18
4299 5841 6 5 8 9 11 16 18
6162 3396 6 5 8 9 11 16 18
3255 5958 5 5 8 9 11 16
5412 4902 6 5 8 10 12 17 18
5607 4908 6 5 8 10 12 17 18
5871 3954 5 5 8 10 12 18
5247 4089 5 5 8 10 17 18
5604 5841 4 5 8 10 18
6171 2493 7 5 8 12 14 15 16 18
3696 2001 5 5 8 12 17 18
3615 5529 5 5 8 12 17 18
4752 5409 4 5 8 12 17
4467 3444 4 5 8 12 17
3780 2490 4 5 8 12 18
5211 4629 3 5 8 12
4299 4320 3 5 8 17
3612 4677 3 5 8 18
4644 3141 2 5 8
3396 4824 8 5 9 10 12 14 16 17 18
3405 3519 8 5 9 10 12 14 16 17 18
5286 5943 7 5 9 10 12 14 16 17
5112 5328 7 5 9 10 12 14 16 17
4839 5196 7 5 9 10 12 14 16 17
4203 2805 7 5 9 10 12 14 16 18
4704 5430 7 5 9 10 12 14 16 18
4641 4611 7 5 9 10 12 14 16 18
5196 2892 6 5 9 10 12 14 16
4242 5721 7 5 9 10 12 16 17 18
4251 2883 7 5 9 10 12 16 17 18
4248 3360 7 5 9 10 12 16 17 18
5808 4131 7 5 9 10 12 16 17 18
6177 5751 6 5 9 10 12 16 17
6216 4794 6 5 9 10 12 16 17
6135 4311 6 5 9 10 12 16 17
5589 4665 6 5 9 10 12 16 18
5490 5697 6 5 9 10 12 16 18
5529 6192 6 5 9 10 12 16 18
6096 4569 6 5 9 10 12 16 18
5604 6198 6 5 9 10 12 16 18
6429 5523 7 5 9 10 14 16 17 18
6384 5478 7 5 9 10 14 16 17 18
3954 5310 6 5 9 10 14 16 17
3309 5316 6 5 9 10 14 16 18
5028 5574 5 5 9 10 14 16
4803 5418 5 5 9 10 16 17
4158 5946 5 5 9 10 16 18
5667 3240 5 5 9 10 16 18
6171 4413 4 5 9 10 16
4878 6489 7 5 9 12 14 16 17 18
4875 5004 7 5 9 12 14 16 17 18
2439 4092 6 5 9 12 14 16 17
2001 3420 6 5 9 12 14 16 18
6096 4059 6 5 9 12 14 16 18
6237 5211 6 5 9 12 14 16 18
3504 6321 5 5 9 12 14 16
5724 4089 6 5 9 12 16 17 18
5721 3069 6 5 9 12 16 17 18
3525 5250 5 5 9 12 16 17
5010 3183 5 5 9 12 16 17
1623 5247 5 5 9 12 16 17
1578 4566 5 5 9 12 16 18
4536 4299 5 5 9 12 16 18
4446 3765 5 5 9 12 16 18
2409 5907 4 5 9 12 16
4533 4647 4 5 9 12 16
5427 4080 5 5 9 14 16 17
4791 3312 5 5 9 14 16 18
2343 1764 4 5 9 14 16
5640 4782 4 5 9 16 18
5076 2667 3 5 9 16
1140 5427 3 5 9 16
5085 5082 9 6 8 10 11 12 13 15 17 18
6288 6120 9 6 8 10 11 13 14 15 17 18
3747 6147 9 6 8 10 11 13 14 15 17 18
3807 4524 9 6 8 10 11 13 14 15 17 18
6165 6426 8 6 8 10 11 13 14 15 17
5718 5139 8 6 8 10 11 13 14 15 18
4095 5634 8 6 8 10 11 13 15 17 18
4164 4431 8 6 8 10 11 13 15 17 18
3924 5319 8 6 8 10 11 13 15 17 18
6018 4566 7 6 8 10 11 13 15 17
5367 4623 7 6 8 10 11 13 15 18
4974 6237 9 6 8 11 12 13 14 15 17 18
6582 4842 9 6 8 11 12 13 14 15 17 18
6663 5817 9 6 8 11 12 13 14 15 17 18
2778 5082 9 6 8 11 12 13 14 15 17 18
6522 2442 9 6 8 11 12 13 14 15 17 18
5235 4278 9 6 8 11 12 13 14 15 17 18
2280 6264 9 6 8 11 12 13 14 15 17 18
4773 4467 9 6 8 11 12 13 14 15 17 18
6582 3549 9 6 8 11 12 13 14 15 17 18
6228 5781 8 6 8 11 12 13 14 15 17
5580 1392 8 6 8 11 12 13 14 15 18
3075 6114 8 6 8 11 12 13 15 17 18
3072 4791 8 6 8 11 12 13 15 17 18
2805 4365 8 6 8 11 12 13 15 17 18
2574 6087 8 6 8 11 12 13 15 17 18
4332 6204 8 6 8 11 13 14 15 17 18
4284 1350 8 6 8 11 13 14 15 17 18
2841 3900 7 6 8 11 13 14 15 17
5406 4611 7 6 8 11 13 14 15 17
2193 4446 7 6 8 11 13 14 15 18
1764 1692 7 6 8 11 13 15 17 18
2205 5619 7 6 8 11 13 15 17 18
1611 4884 7 6 8 11 13 15 17 18
5928 5988 7 6 8 11 13 15 17 18
3504 4380 6 6 8 11 13 15 17
2856 5271 6 6 8 11 13 15 18
4392 5754 11 6 9 10 11 12 13 14 15 16 17 18
4797 5097 10 6 9 10 11 12 13 15 16 17 18
4176 6033 10 6 9 10 11 12 13 15 16 17 18
6132 4917 10 6 9 10 11 13 14 15 16 17 18
6264 3012 10 6 9 10 11 13 14 15 16 17 18
6237 4770 10 6 9 10 11 13 14 15 16 17 18
6249 5790 10 6 9 10 11 13 14 15 16 17 18
4500 6150 9 6 9 10 11 13 14 15 16 17
3852 6003 9 6 9 10 11 13 14 15 16 18
3624 6147 9 6 9 10 11 13 15 16 17 18
5271 6171 8 6 9 10 11 13 15 16 17
5052 5721 8 6 9 10 11 13 15 16 17
5229 3717 8 6 9 10 11 13 15 16 17
4401 3504 8 6 9 10 11 13 15 16 18
4623 3708 8 6 9 10 11 13 15 16 18
5865 4908 10 6 9 11 12 13 14 15 16 17 18
6684 4125 9 6 9 11 12 13 14 15 16 17
6033 5808 9 6 9 11 12 13 14 15 16 18
6087 1557 8 6 9 11 12 13 14 17 18
6192 6111 9 6 9 11 12 13 15 16 17 18
5178 2514 8 6 9 11 13 14 15 16 17
4530 3309 8 6 9 11 13 14 15 16 18
4905 4263 8 6 9 11 13 14 15 16 18
5898 4473 7 6 9 11 13 14 17 18
5193 2598 7 6 9 11 13 14 17 18
3666 5358 6 6 9 11 13 14 17
3018 5025 6 6 9 11 13 14 18
2928 3693 7 6 9 11 13 15 16 17
5979 3876 7 6 9 11 13 15 16 18
2280 6051 7 6 9 11 13 15 16 18
5520 3807 6 6 9 11 13 17 18
4464 4344 5 6 9 11 13 17
3816 3831 5 6 9 11 13 18
6552 2439 8 6 10 12 13 14 15 17 18
4776 3471 8 6 10 12 13 14 15 17 18
6561 2529 8 6 10 12 13 14 15 17 18
5436 2364 7 6 10 12 13 14 15 17
5409 1140 7 6 10 12 13 14 15 18
6297 6321 7 6 10 12 13 15 17 18
6240 4158 7 6 10 12 13 15 17 18
6369 5841 7 6 10 12 13 15 17 18
6234 3588 6 6 10 12 13 15 17
6207 3924 6 6 10 12 13 15 18
4884 4371 7 6 10 13 14 15 17 18
5316 6369 6 6 10 13 14 15 17
4689 2454 6 6 10 13 14 15 18
5289 3303 5 6 10 13 14 15
2553 5862 6 6 10 13 15 17 18
2454 1443 6 6 10 13 15 17 18
3693 4980 5 6 10 13 15 17
3078 5388 5 6 10 13 15 18
3333 5490 7 6 12 13 14 15 17 18
3588 5646 7 6 12 13 14 15 17 18
5565 4938 6 6 12 13 14 15 17
4125 5367 6 6 12 13 14 15 17
3501 5421 6 6 12 13 14 15 18
4836 5919 6 6 12 13 14 15 18
3915 3726 6 6 12 13 15 17 18
3924 2364 6 6 12 13 15 17 18
5238 5829 5 6 12 13 15 17
5013 5892 5 6 12 13 15 18
4623 6123 5 6 12 13 15 18
3222 6582 5 6 13 14 15 17
2598 5430 5 6 13 14 15 18
5331 4515 4 6 13 14 15
1962 6615 4 6 13 14 15
1182 1182 4 6 13 15 17
567 5364 4 6 13 15 18
2760 5076 3 6 13 15
3303 4530 10 7 8 10 11 13 14 15 16 17 18
3300 6561 10 7 8 10 11 13 14 15 16 17 18
5817 4476 10 7 8 10 11 13 14 15 16 17 18
3303 4182 10 7 8 10 11 13 14 15 16 17 18
6555 6093 10 7 8 10 11 13 14 15 16 17 18
3240 4911 10 7 8 10 11 13 14 15 16 17 18
6327 5373 10 7 8 10 11 13 14 15 16 17 18
5817 4929 10 7 8 10 11 13 14 15 16 17 18
6168 4803 10 7 8 10 11 13 14 15 16 17 18
4089 3861 9 7 8 10 11 13 15 16 17 18
4149 4950 9 7 8 10 11 13 15 16 17 18
5202 5331 7 7 8 10 11 13 17 18
5574 6108 7 7 8 10 11 13 17 18
5040 2856 10 7 8 11 12 13 14 15 16 17 18
4992 6318 10 7 8 11 12 13 14 15 16 17 18
5040 4248 10 7 8 11 12 13 14 15 16 17 18
5004 6234 10 7 8 11 12 13 14 15 16 17 18
5040 5046 10 7 8 11 12 13 14 15 16 17 18
4980 5607 10 7 8 11 12 13 14 15 16 17 18
4008 6684 7 7 8 11 12 13 17 18
4155 5805 7 7 8 11 12 13 17 18
4707 882 9 7 8 11 13 14 15 16 17 18
5604 5946 8 7 8 11 13 14 15 16 17
4908 5853 8 7 8 11 13 14 15 16 18
5964 4089 8 7 8 11 13 14 15 16 18
5619 6162 8 7 8 11 13 15 16 17 18
5559 3840 8 7 8 11 13 15 16 17 18
3045 5571 6 7 8 11 13 17 18
3048 3330 6 7 8 11 13 17 18
4938 3510 5 7 8 11 13 17
4290 5499 5 7 8 11 13 18
5610 4839 9 7 9 10 11 12 13 16 17 18
6321 2217 9 7 9 10 11 12 13 16 17 18
3687 1866 9 7 9 10 11 13 14 16 17 18
4413 3309 8 7 9 10 11 13 16 17 18
4869 4878 8 7 9 10 11 13 16 17 18
4623 3525 8 7 9 10 11 13 16 17 18
5835 3012 7 7 9 10 11 13 16 18
5892 6282 9 7 9 11 12 13 14 16 17 18
3447 4908 8 7 9 11 12 13 16 17 18
4728 4803 8 7 9 11 13 14 16 17 18
5808 5484 7 7 9 11 13 14 16 18
3006 6204 7 7 9 11 13 16 17 18
5589 4329 7 7 9 11 13 16 17 18
4233 3216 6 7 9 11 13 16 17
3582 5796 6 7 9 11 13 16 18
4641 6228 9 7 10 12 13 14 15 16 17 18
4890 5715 9 7 10 12 13 14 15 16 17 18
6093 6279 9 7 10 12 13 14 15 16 17 18
6093 4533 9 7 10 12 13 14 15 16 17 18
5946 5898 9 7 10 12 13 14 15 16 17 18
5976 3360 9 7 10 12 13 14 15 16 17 18
2820 5892 9 7 10 12 13 14 15 16 17 18
4662 6201 9 7 10 12 13 14 15 16 17 18
4626 3438 9 7 10 12 13 14 15 16 17 18
4641 1923 9 7 10 12 13 14 15 16 17 18
5964 5358 9 7 10 12 13 14 15 16 17 18
4641 5841 9 7 10 12 13 14 15 16 17 18
5634 5112 8 7 10 12 13 14 15 16 17
5349 4689 8 7 10 12 13 14 15 16 18
6228 4707 8 7 10 12 13 15 16 17 18
3549 4467 8 7 10 12 13 15 16 17 18
3549 3255 8 7 10 12 13 15 16 17 18
6615 5259 7 7 10 12 13 15 16 18
4686 5502 8 7 10 13 14 15 16 17 18
3726 3006 8 7 10 13 14 15 16 17 18
4380 5760 8 7 10 13 14 15 16 17 18
4515 4812 8 7 10 13 14 15 16 17 18
5121 5793 7 7 10 13 14 15 16 17
2634 5040 7 7 10 13 14 15 16 17
2355 1857 7 7 10 13 14 15 16 18
4473 6480 7 7 10 13 14 15 16 18
5874 2694 7 7 10 13 14 15 16 18
5601 4689 6 7 10 13 14 15 16
5361 5643 7 7 10 13 15 16 17 18
5355 4794 7 7 10 13 15 16 17 18
5361 3582 7 7 10 13 15 16 17 18
5367 5676 7 7 10 13 15 16 17 18
3360 5412 6 7 10 13 15 16 17
3084 6663 6 7 10 13 15 16 18
6105 6657 6 7 10 13 15 16 18
2913 6219 5 7 10 13 17 18
3117 4641 8 7 12 13 14 15 16 17 18
3123 4509 8 7 12 13 14 15 16 17 18
3942 4875 7 7 12 13 14 15 16 17
3462 4464 7 7 12 13 14 15 16 18
4131 4689 7 7 12 13 15 16 17 18
5571 5994 6 7 12 13 15 16 17
4962 5718 6 7 12 13 15 16 18
2451 2280 5 7 12 13 17 18
1863 4401 5 7 12 13 17 18
5142 3885 5 7 12 13 17 18
5526 3117 4 7 12 13 18
5988 2814 7 7 13 14 15 16 17 18
6111 5613 7 7 13 14 15 16 17 18
3666 6192 6 7 13 14 15 16 17
3027 6132 6 7 13 14 15 16 18
3858 3141 5 7 13 14 15 16
4512 4002 5 7 13 15 16 17
3876 3960 5 7 13 15 16 18
5487 4971 4 7 13 15 16
1182 2253 4 7 13 17 18
882 6393 4 7 13 17 18
2616 3354 3 7 13 17
2001 2412 3 7 13 18
5082 5454 9 8 10 11 12 14 15 16 17 18
2253 3048 9 8 10 11 12 14 15 16 17 18
4446 3768 9 8 10 11 12 14 15 16 17 18
2331 2040 9 8 10 11 12 14 15 16 17 18
4947 5514 9 8 10 11 12 14 15 16 17 18
4950 4647 9 8 10 11 12 14 15 16 17 18
1974 3303 9 8 10 11 12 14 15 16 17 18
4899 6297 9 8 10 11 12 14 15 16 17 18
1974 6219 9 8 10 11 12 14 15 16 17 18
4896 4449 9 8 10 11 12 14 15 16 17 18
5130 5568 9 8 10 11 12 14 15 16 17 18
4911 4896 9 8 10 11 12 14 15 16 17 18
4488 3549 9 8 10 11 12 14 15 16 17 18
6426 5682 9 8 10 11 12 14 15 16 17 18
4902 5151 9 8 10 11 12 14 15 16 17 18
6234 5307 9 8 10 11 12 14 15 16 17 18
5943 4470 8 8 10 11 12 14 15 16 17
5295 3915 8 8 10 11 12 14 15 16 18
6531 2580 8 8 10 11 12 15 16 17 18
6528 3990 8 8 10 11 12 15 16 17 18
6531 5286 8 8 10 11 12 15 16 17 18
2979 5643 8 8 10 11 12 15 16 17 18
2820 4284 8 8 10 11 12 15 16 17 18
6117 4248 8 8 10 11 12 15 16 17 18
3924 5448 6 8 10 11 12 17 18
4197 4866 6 8 10 11 12 17 18
5007 2682 8 8 10 11 14 15 16 17 18
4953 5076 8 8 10 11 14 15 16 17 18
3996 5319 8 8 10 11 14 15 16 17 18
4701 4941 8 8 10 11 14 15 16 17 18
5007 4722 8 8 10 11 14 15 16 17 18
4776 2988 8 8 10 11 14 15 16 17 18
2514 5187 7 8 10 11 14 15 16 17
5040 3213 7 8 10 11 14 15 16 17
5442 6435 7 8 10 11 14 15 16 17
4794 5040 7 8 10 11 14 15 16 18
6315 6162 7 8 10 11 14 15 16 18
1866 4734 7 8 10 11 14 15 16 18
6192 3027 7 8 10 11 14 15 16 18
6186 4728 7 8 10 11 14 15 16 18
4890 5970 7 8 10 11 14 15 16 18
5883 5715 6 8 10 11 14 15 16
5628 4692 7 8 10 11 15 16 17 18
5676 3867 7 8 10 11 15 16 17 18
5622 5574 7 8 10 11 15 16 17 18
5781 6093 7 8 10 11 15 16 17 18
3360 6531 6 8 10 11 15 16 17
2715 3780 6 8 10 11 15 16 18
2913 5211 5 8 10 11 17 18
3384 6420 5 8 10 11 17 18
4656 5664 4 8 10 11 17
4209 6219 4 8 10 11 18
3438 3975 8 8 11 12 14 15 16 17 18
3384 2904 8 8 11 12 14 15 16 17 18
3378 3624 8 8 11 12 14 15 16 17 18
4263 5835 7 8 11 12 14 15 16 17
3615 3558 7 8 11 12 14 15 16 18
3579 6093 7 8 11 12 14 15 16 18
5067 5007 7 8 11 12 15 16 17 18
4230 6228 7 8 11 12 15 16 17 18
5007 2421 7 8 11 12 15 16 17 18
5892 5121 6 8 11 12 15 16 17
5208 5238 6 8 11 12 15 16 18
5478 5040 5 8 11 12 17 18
5439 5040 5 8 11 12 17 18
2292 5580 5 8 11 12 17 18
1794 4536 5 8 11 12 17 18
5565 6279 5 8 11 12 17 18
2667 4539 5 8 11 12 17 18
1857 6255 5 8 11 12 17 18
3537 5022 4 8 11 12 17
3408 4899 4 8 11 12 18
3987 4953 6 8 11 14 15 16 17
3348 3450 6 8 11 14 15 16 18
4191 1458 5 8 11 14 15 16
4833 4791 5 8 11 15 16 17
4197 4872 5 8 11 15 16 18
5820 5538 4 8 11 15 16
894 3564 4 8 11 17 18
5280 2310 4 8 11 17 18
2697 4551 3 8 11 17
2202 2928 3 8 11 18
5646 5994 3 8 11 18
2139 5007 3 8 11 18
3945 5847 2 8 11
5847 3261 8 9 10 11 12 14 16 17 18
5754 4356 8 9 10 11 12 14 16 17 18
5751 5307 8 9 10 11 12 14 16 17 18
6243 6117 8 9 10 11 12 14 16 17 18
6315 3615 8 9 10 11 12 14 16 17 18
6315 4704 8 9 10 11 12 14 16 17 18
3159 5925 8 9 10 11 12 14 16 17 18
6159 5193 7 9 10 11 12 14 16 18
3987 3546 7 9 10 11 12 16 17 18
4392 4920 7 9 10 11 12 16 17 18
3519 2355 7 9 10 11 12 16 17 18
3459 6522 7 9 10 11 12 16 17 18
5082 5610 6 9 10 11 12 16 17
4953 4743 6 9 10 11 12 16 18
5553 3141 7 9 10 11 14 16 17 18
4908 2031 7 9 10 11 14 16 17 18
5925 6528 7 9 10 11 14 16 17 18
3141 3795 6 9 10 11 14 16 17
5742 6528 6 9 10 11 14 16 18
2694 6117 6 9 10 11 14 16 18
5799 4641 6 9 10 11 16 17 18
2928 5964 6 9 10 11 16 17 18
2997 5637 6 9 10 11 16 17 18
3867 2445 5 9 10 11 16 17
3948 2979 5 9 10 11 16 17
3684 3633 5 9 10 11 16 18
3420 2616 5 9 10 11 16 18
5490 3696 4 9 10 11 16
3399 4401 7 9 11 12 14 16 17 18
4374 6348 7 9 11 12 14 16 17 18
5115 6060 6 9 11 12 14 16 17
4467 5817 6 9 11 12 14 16 18
4569 3816 6 9 11 12 16 17 18
2001 2700 6 9 11 12 16 17 18
1917 5067 6 9 11 12 16 17 18
5919 4155 6 9 11 12 16 17 18
2832 4398 5 9 11 12 16 17
2700 5007 5 9 11 12 16 18
3942 5838 5 9 11 14 16 17
3306 5361 5 9 11 14 16 18
5043 6150 4 9 11 14 16
2217 4179 4 9 11 16 17
1653 2718 4 9 11 16 18
3237 6132 3 9 11 16
3345 4911 7 10 12 14 15 16 17 18
3108 3924 7 10 12 14 15 16 17 18
3186 6513 7 10 12 14 15 16 17 18
2907 3804 7 10 12 14 15 16 17 18
2907 1698 7 10 12 14 15 16 17 18
3780 4773 6 10 12 14 15 16 17
5187 5220 6 10 12 14 15 16 17
1584 4194 6 10 12 14 15 16 17
3840 6165 6 10 12 14 15 16 17
4044 6447 6 10 12 14 15 16 17
4551 4560 6 10 12 14 15 16 18
3216 3726 6 10 12 14 15 16 18
4542 6561 6 10 12 14 15 16 18
1557 1974 6 10 12 14 15 16 18
4209 3405 5 10 12 14 15 16
4038 4197 6 10 12 15 16 17 18
4026 5619 6 10 12 15 16 17 18
4032 3519 6 10 12 15 16 17 18
6144 2505 5 10 12 15 16 17
6108 3243 5 10 12 15 16 17
5421 5226 5 10 12 15 16 17
2310 4752 5 10 12 15 16 17
2283 5673 5 10 12 15 16 18
4503 6333 5 10 12 15 16 18
5397 2907 5 10 12 15 16 18
5838 3660 4 10 12 15 16
5004 6273 4 10 12 17 18
2904 5943 4 10 12 17 18
2415 5442 4 10 12 17 18
5025 3198 4 10 12 17 18
5007 6006 4 10 12 17 18
2682 4803 4 10 12 17 18
3555 4623 3 10 12 17
5997 3684 3 10 12 17
5313 4992 3 10 12 18
3528 2283 3 10 12 18
6165 4488 6 10 14 15 16 17 18
6174 6417 6 10 14 15 16 17 18
6333 5211 6 10 14 15 16 17 18
2937 4776 5 10 14 15 16 17
3726 3852 5 10 14 15 16 17
3081 4836 5 10 14 15 16 18
2442 5742 5 10 14 15 16 18
1437 2913 4 10 14 15 16
5082 4104 4 10 14 15 16
4005 4005 4 10 14 15 16
4734 3159 4 10 15 16 17
4566 3333 4 10 15 16 17
3927 5787 4 10 15 16 18
3942 5922 4 10 15 16 18
2163 5070 3 10 15 16
1392 4605 3 10 17 18
5097 4299 3 10 17 18
2532 6012 2 10 17
2217 4488 2 10 18
3780 5565 1 10
4668 2505 6 12 14 15 16 17 18
4656 5490 6 12 14 15 16 17 18
2337 6117 5 12 14 15 16 17
1698 5994 5 12 14 15 16 18
6033 4983 5 12 14 15 16 18
6213 4161 5 12 14 15 16 18
1776 5145 5 12 14 15 16 18
2505 5370 4 12 14 15 16
5505 5580 5 12 15 16 17 18
5514 1419 5 12 15 16 17 18
3183 5274 4 12 15 16 17
2865 5091 4 12 15 16 18
4137 3402 3 12 15 16
3618 5214 3 12 17 18
612 6168 3 12 17 18
3564 3162 3 12 17 18
1443 4890 2 12 17
1458 5751 2 12 18
3996 5637 2 12 18
1419 5865 2 12 18
2289 5862 1 12
5196 4983 4 14 15 16 17
4563 4032 4 14 15 16 18
2031 4407 3 14 15 16
1065 2985 1 14
5409 5742 3 15 16 18
3519 1977 2 15 16
1350 4776 1 17
720 5619 1 18
