23 1079 
1958 3488 2 1 2
2098 3876 1 1
2270 3304 5 2 3 4 7 13
1620 1180 6 2 3 4 7 15 23
1784 1904 5 2 3 4 7 15
3186 1712 4 2 4 7 13
2538 3886 5 2 4 7 15 23
2702 4534 4 2 4 7 15
1320 4382 1 2
140 2400 1 2
4808 2198 5 3 4 5 7 13
4350 1084 5 3 4 5 7 15
3774 3850 7 3 4 6 7 8 10 13
3058 3210 8 3 4 6 7 8 10 15 23
3288 3662 7 3 4 6 7 8 10 15
2658 1244 7 3 4 6 7 13 15 23
3324 3500 6 3 4 6 7 13 15
3488 3000 6 3 4 6 7 13 23
3718 3128 5 3 4 6 7 13
3002 4224 6 3 4 6 7 15 23
3090 3084 6 3 4 6 7 15 23
3234 5530 5 3 4 6 7 15
3716 4828 7 3 4 7 8 10 13 14
4826 4266 6 3 4 7 8 10 13
3000 5130 8 3 4 7 8 10 14 15 23
3230 2162 7 3 4 7 8 10 14 15
3846 3168 7 3 4 7 8 10 15 23
4522 3884 6 3 4 7 8 10 15
3034 4812 7 3 4 7 13 14 15 23
2598 3716 7 3 4 7 13 14 15 23
3266 6516 6 3 4 7 13 14 15
3026 3184 7 3 4 7 13 14 20 21
3430 1800 6 3 4 7 13 14 23
3660 2870 5 3 4 7 13 14
3304 4456 6 3 4 7 13 15 17
3468 728 6 3 4 7 13 15 23
4144 3568 5 3 4 7 13 15
4220 3422 5 3 4 7 13 16
4506 3504 5 3 4 7 13 17
4466 1342 6 3 4 7 13 20 21
4852 2090 5 3 4 7 13 23
2402 4808 4 3 4 7 13
2310 2430 8 3 4 7 14 15 20 21 23
2542 4078 7 3 4 7 14 15 20 21
2944 3384 6 3 4 7 14 15 23
3576 2222 6 3 4 7 14 15 23
3168 1780 5 3 4 7 14 15
3240 3894 6 3 4 7 15 16 23
3914 3034 5 3 4 7 15 16
3526 4524 6 3 4 7 15 17 23
4200 3028 5 3 4 7 15 17
3486 2368 7 3 4 7 15 20 21 23
4160 840 6 3 4 7 15 20 21
1686 2364 5 3 4 7 15 23
1630 3344 5 3 4 7 15 23
1916 890 4 3 4 7 15
4830 4560 4 3 4 7 15
1552 3324 2 3 4
900 3358 1 3
5374 3242 4 4 5 7 13
5096 3388 4 4 5 7 15
4396 1498 6 4 6 7 8 10 13
3416 848 7 4 6 7 8 10 15 23
4092 3410 6 4 6 7 8 10 15
3576 1502 6 4 6 7 13 15 23
3336 2264 6 4 6 7 13 15 23
3724 4216 5 4 6 7 13 15
4298 5240 5 4 6 7 13 23
4636 4082 4 4 6 7 13
3990 4964 5 4 6 7 15 23
3920 4862 5 4 6 7 15 23
4150 2714 4 4 6 7 15
4338 3028 6 4 7 8 10 13 14
5186 3172 5 4 7 8 10 13
3364 1694 7 4 7 8 10 14 15 23
4034 3640 6 4 7 8 10 14 15
4206 2846 6 4 7 8 10 15 23
4880 1956 5 4 7 8 10 15
3590 2466 6 4 7 13 14 15 23
3358 3828 6 4 7 13 14 15 23
3666 4904 5 4 7 13 14 15
3802 4420 6 4 7 13 14 20 21
4240 4468 5 4 7 13 14 23
4576 2958 4 4 7 13 14
3662 1848 5 4 7 13 15 17
3828 3716 5 4 7 13 15 23
4502 2914 4 4 7 13 15
4578 608 4 4 7 13 16
4864 2352 4 4 7 13 17
4824 3660 5 4 7 13 20 21
5212 1730 4 4 7 13 23
2962 3724 3 4 7 13
2876 1074 7 4 7 14 15 20 21 23
3458 1718 6 4 7 14 15 20 21
3932 2752 5 4 7 14 15 23
3860 2598 5 4 7 14 15 23
4084 800 4 4 7 14 15
3598 2066 5 4 7 15 16 23
4274 5476 4 4 7 15 16
3884 3532 5 4 7 15 17 23
4636 4878 4 4 7 15 17
4560 1742 4 4 7 15 17
3844 1474 6 4 7 15 20 21 23
4520 3586 5 4 7 15 20 21
4904 3500 4 4 7 15 23
2604 2598 4 4 7 15 23
2270 2008 4 4 7 15 23
2658 1160 3 4 7 15
2834 2844 3 4 7 15
2352 3212 1 4
5200 1730 6 5 6 7 8 10 13
4742 2606 6 5 6 7 8 10 15
4362 4208 6 5 6 7 13 15 23
4776 3718 5 5 6 7 13 15
4914 1854 5 5 6 7 13 23
5144 1546 4 5 6 7 13
4456 2004 5 5 6 7 15 23
4686 2358 4 5 6 7 15
2092 690 6 5 6 8 10 12 22
2814 2702 5 5 6 8 10 12
3848 3416 7 5 6 8 10 13 16 22
3750 2562 7 5 6 8 10 13 17 22
4046 3154 8 5 6 8 10 13 20 21 22
4408 4096 7 5 6 8 10 13 22 23
2982 3902 5 5 6 8 10 13
3390 4102 7 5 6 8 10 15 16 22
3292 1350 7 5 6 8 10 15 17 22
5150 3546 6 5 6 8 10 15 17
3586 2400 8 5 6 8 10 15 20 21 22
3950 2148 7 5 6 8 10 15 22 23
5208 3712 6 5 6 8 10 15 23
2524 4620 5 5 6 8 10 15
1716 2832 6 5 6 9 11 12 23
3702 1056 8 5 6 9 11 13 20 21 23
3244 2794 8 5 6 9 11 15 20 21 23
2864 1474 5 5 6 10 12 19
4620 2564 6 5 6 10 13 16 19
4574 3176 6 5 6 10 13 17 19
4822 3660 7 5 6 10 13 19 20 21
5186 1566 6 5 6 10 13 19 23
4162 4576 6 5 6 10 15 16 19
4116 2328 6 5 6 10 15 17 19
4364 1422 7 5 6 10 15 19 20 21
4728 4262 6 5 6 10 15 19 23
2434 1072 4 5 6 12 13
1608 5186 5 5 6 12 15 23
2132 2454 6 5 6 12 18 19 23
2130 3082 5 5 6 12 22 23
2718 598 4 5 6 12 23
3230 3510 3 5 6 12
5184 4666 5 5 6 13 15 17
2278 3288 5 5 6 13 15 23
2560 2742 4 5 6 13 15
3888 3944 7 5 6 13 16 18 19 23
3886 2494 6 5 6 13 16 22 23
3842 1620 7 5 6 13 17 18 19 23
3788 2132 6 5 6 13 17 22 23
4090 3476 8 5 6 13 18 19 20 21 23
4082 5890 7 5 6 13 20 21 22 23
2690 1772 4 5 6 13 23
3182 4110 3 5 6 13
3430 1432 7 5 6 15 16 18 19 23
3428 302 6 5 6 15 16 22 23
3384 1320 7 5 6 15 17 18 19 23
3330 3030 6 5 6 15 17 22 23
4864 2878 5 5 6 15 17 23
5094 3632 4 5 6 15 17
3632 3022 8 5 6 15 18 19 20 21 23
3624 3578 7 5 6 15 20 21 22 23
2232 2176 4 5 6 15 23
2596 2852 3 5 6 15
5142 3836 6 5 7 8 10 13 14
4684 2242 6 5 7 8 10 14 15
4302 4408 6 5 7 13 14 15 23
4718 3152 5 5 7 13 14 15
4452 3720 6 5 7 13 14 20 21
4856 4102 5 5 7 13 14 23
5086 3016 4 5 7 13 14
3994 1872 6 5 7 14 15 20 21
4396 3240 5 5 7 14 15 23
4620 1884 4 5 7 14 15
2072 2788 6 5 8 10 12 14 22
2796 2338 5 5 8 10 12 14
3828 4556 7 5 8 10 13 14 16 22
3732 2694 7 5 8 10 13 14 17 22
4026 1716 8 5 8 10 13 14 20 21 22
4390 1588 7 5 8 10 13 14 22 23
2964 2780 5 5 8 10 13 14
3370 1794 7 5 8 10 14 15 16 22
3274 2598 7 5 8 10 14 15 17 22
5130 2014 6 5 8 10 14 15 17
3568 4038 8 5 8 10 14 15 20 21 22
3930 944 7 5 8 10 14 15 22 23
5188 5142 6 5 8 10 14 15 23
2506 4926 5 5 8 10 14 15
1730 3976 7 5 9 11 12 14 20 21
1694 2362 6 5 9 11 12 14 23
3682 2286 8 5 9 11 13 14 20 21 23
3224 3156 8 5 9 11 14 15 20 21 23
2846 5588 5 5 10 12 14 19
4602 2604 6 5 10 13 14 16 19
4554 2270 6 5 10 13 14 17 19
4802 956 7 5 10 13 14 19 20 21
5166 4432 6 5 10 13 14 19 23
4142 3614 6 5 10 14 15 16 19
4096 4362 6 5 10 14 15 17 19
4344 5166 7 5 10 14 15 19 20 21
4708 1656 6 5 10 14 15 19 23
2256 1566 5 5 11 12 14 21
4608 4102 6 5 11 13 14 21 23
4150 4442 6 5 11 14 15 21 23
2416 4954 4 5 12 13 14
1614 4116 5 5 12 14 15 23
1654 3388 7 5 12 14 18 19 20 21
2112 2306 6 5 12 14 18 19 23
1652 5098 6 5 12 14 20 21 22
2260 3348 5 5 12 14 20 21
2108 2794 5 5 12 14 22 23
2696 2274 4 5 12 14 23
3210 2596 3 5 12 14
5166 3254 5 5 13 14 15 17
2284 4338 5 5 13 14 15 23
5070 3378 5 5 13 14 15 23
2540 3522 4 5 13 14 15
3410 2756 8 5 13 14 16 18 19 20 21
3868 3432 7 5 13 14 16 18 19 23
3406 1682 7 5 13 14 16 20 21 22
3864 3814 6 5 13 14 16 22 23
3364 2722 8 5 13 14 17 18 19 20 21
3822 4728 7 5 13 14 17 18 19 23
3310 1510 7 5 13 14 17 20 21 22
3768 5736 6 5 13 14 17 22 23
3976 4096 8 5 13 14 18 19 20 21 23
3968 2256 7 5 13 14 20 21 22 23
2274 4388 5 5 13 14 20 21
2670 2766 4 5 13 14 23
3160 2116 3 5 13 14
2952 4702 8 5 14 15 16 18 19 20 21
3410 3936 7 5 14 15 16 18 19 23
2948 2126 7 5 14 15 16 20 21 22
3406 1890 6 5 14 15 16 22 23
2906 3318 8 5 14 15 17 18 19 20 21
3364 4144 7 5 14 15 17 18 19 23
2852 4002 7 5 14 15 17 20 21 22
4442 3858 6 5 14 15 17 20 21
3310 3840 6 5 14 15 17 22 23
4844 2270 5 5 14 15 17 23
5074 3228 4 5 14 15 17
3518 5402 8 5 14 15 18 19 20 21 23
3510 3586 7 5 14 15 20 21 22 23
4500 4636 6 5 14 15 20 21 23
1816 3356 5 5 14 15 20 21
5126 2306 4 5 14 15 23
2212 3274 4 5 14 15 23
2576 2062 3 5 14 15
3660 456 7 6 7 8 10 13 16 22
3562 3182 7 6 7 8 10 13 17 22
3856 4838 8 6 7 8 10 13 20 21 22
4220 1394 7 6 7 8 10 13 22 23
2794 2226 5 6 7 8 10 13
2944 2586 8 6 7 8 10 15 16 22 23
3174 2876 7 6 7 8 10 15 16 22
2846 2772 8 6 7 8 10 15 17 22 23
3076 4608 7 6 7 8 10 15 17 22
4934 3130 6 6 7 8 10 15 17
3140 2230 9 6 7 8 10 15 20 21 22 23
3372 3932 8 6 7 8 10 15 20 21 22
3734 3160 7 6 7 8 10 15 22 23
2072 1734 6 6 7 8 10 15 23
2308 1506 5 6 7 8 10 15
3514 2434 8 6 7 9 11 13 20 21 23
3028 2750 8 6 7 9 11 15 20 21 23
4432 3212 6 6 7 10 13 16 19
4386 2654 6 6 7 10 13 17 19
4634 2132 7 6 7 10 13 19 20 21
4998 2702 6 6 7 10 13 19 23
3716 2528 7 6 7 10 15 16 19 23
3946 2998 6 6 7 10 15 16 19
3670 2962 7 6 7 10 15 17 19 23
3900 1624 6 6 7 10 15 17 19
3918 3910 8 6 7 10 15 19 20 21 23
4148 4934 7 6 7 10 15 19 20 21
4512 2108 6 6 7 10 15 19 23
4970 5212 5 6 7 13 15 17
1950 3778 5 6 7 13 15 23
4870 2374 5 6 7 13 15 23
2344 4852 4 6 7 13 15
3700 3468 7 6 7 13 16 18 19 23
3698 3952 6 6 7 13 16 22 23
3654 1484 7 6 7 13 17 18 19 23
3600 1454 6 6 7 13 17 22 23
3902 2576 8 6 7 13 18 19 20 21 23
3894 3012 7 6 7 13 20 21 22 23
2502 2502 4 6 7 13 23
2766 3396 3 6 7 13
3214 2444 7 6 7 15 16 18 19 23
3212 2118 6 6 7 15 16 22 23
3168 5836 7 6 7 15 17 18 19 23
3114 4590 6 6 7 15 17 22 23
4648 4316 5 6 7 15 17 23
4878 2708 4 6 7 15 17
3416 4064 8 6 7 15 18 19 20 21 23
3408 3430 7 6 7 15 20 21 22 23
2016 2658 4 6 7 15 23
4938 5864 4 6 7 15 23
2374 1866 3 6 7 15
2654 5212 10 6 8 9 10 11 13 17 20 21 22
3016 1958 9 6 8 9 10 11 13 17 22 23
3000 3076 10 6 8 9 10 11 13 20 21 22 23
4020 2640 8 6 8 10 11 13 21 22 23
1658 3370 6 6 8 10 12 13 22
2380 3338 5 6 8 10 12 13
4002 4144 7 6 8 10 13 15 17 22
4412 4256 7 6 8 10 13 15 22 23
2338 4302 9 6 8 10 13 16 17 18 19 22
2586 2148 10 6 8 10 13 16 18 19 20 21 22
2950 4636 9 6 8 10 13 16 18 19 22 23
1490 3658 6 6 8 10 13 16 22
2776 3862 10 6 8 10 13 17 18 19 20 21 22
3196 4876 9 6 8 10 13 17 18 19 22 23
1394 1280 6 6 8 10 13 17 22
3388 3478 10 6 8 10 13 18 19 20 21 22 23
1688 2308 7 6 8 10 13 20 21 22
2044 2614 6 6 8 10 13 22 23
946 1506 4 6 8 10 13
3712 3768 7 6 8 13 16 18 22 23
3616 3744 7 6 8 13 17 18 22 23
3910 2028 8 6 8 13 18 20 21 22 23
3476 4380 9 6 9 10 11 13 17 19 20 21
3840 4092 8 6 9 10 11 13 17 19 23
3778 2710 9 6 9 10 11 13 19 20 21 23
1280 2874 6 6 9 11 12 13 23
2480 2506 10 6 9 11 13 16 18 19 20 21 23
2478 3344 9 6 9 11 13 16 20 21 22 23
2434 2696 10 6 9 11 13 17 18 19 20 21 23
2382 1950 9 6 9 11 13 17 20 21 22 23
1346 2540 7 6 9 11 13 20 21 23
3456 2390 8 6 9 13 16 18 19 20 23
3452 1654 7 6 9 13 16 20 22 23
3408 1552 8 6 9 13 17 18 19 20 23
3356 2948 7 6 9 13 17 20 22 23
4798 4896 7 6 10 11 13 19 21 23
2430 2706 5 6 10 12 13 19
4824 3286 6 6 10 13 15 17 19
5190 2486 6 6 10 13 15 19 23
3152 4576 7 6 10 13 16 17 19 22
3446 1970 8 6 10 13 16 19 20 21 22
3810 3612 7 6 10 13 16 19 22 23
2264 2650 5 6 10 13 16 19
3500 3292 8 6 10 13 17 19 20 21 22
3920 930 7 6 10 13 17 19 22 23
2216 1948 5 6 10 13 17 19
4158 2004 8 6 10 13 19 20 21 22 23
2466 4970 6 6 10 13 19 20 21
2822 2414 5 6 10 13 19 23
988 2820 5 6 12 13 15 23
1698 1246 6 6 12 13 18 19 23
1694 1858 5 6 12 13 22 23
2282 3654 4 6 12 13 23
3022 2808 3 6 12 13
4092 5022 7 6 13 15 17 18 19 23
4038 536 6 6 13 15 17 22 23
594 2092 4 6 13 15 23
2376 3562 8 6 13 16 17 18 19 22 23
2624 4090 9 6 13 16 18 19 20 21 22 23
2714 4512 9 6 13 16 18 19 20 21 22 23
1532 1816 6 6 13 16 18 19 23
4362 2812 5 6 13 16 22 23
1528 3384 5 6 13 16 22 23
2768 2674 9 6 13 17 18 19 20 21 22 23
3078 3734 9 6 13 17 18 19 20 21 22 23
1484 3682 6 6 13 17 18 19 23
1432 1208 5 6 13 17 22 23
1734 2408 7 6 13 18 19 20 21 23
1726 2066 6 6 13 20 21 22 23
840 3844 3 6 13 23
1498 4638 2 6 13
3602 3804 7 7 8 10 13 14 16 22
3504 4864 7 7 8 10 13 14 17 22
3798 2076 8 7 8 10 13 14 20 21 22
4162 2152 7 7 8 10 13 14 22 23
2736 4150 5 7 8 10 13 14
2886 1890 8 7 8 10 14 15 16 22 23
3116 2230 7 7 8 10 14 15 16 22
2788 3514 8 7 8 10 14 15 17 22 23
3018 2718 7 7 8 10 14 15 17 22
4876 2952 6 7 8 10 14 15 17
3082 5342 9 7 8 10 14 15 20 21 22 23
3312 4864 8 7 8 10 14 15 20 21 22
3676 4090 7 7 8 10 14 15 22 23
2014 4684 6 7 8 10 14 15 23
2250 3058 5 7 8 10 14 15
3360 3420 8 7 9 11 13 14 20 21 23
2876 3406 8 7 9 11 14 15 20 21 23
4374 2496 6 7 10 13 14 16 19
4328 1818 6 7 10 13 14 17 19
4576 1360 7 7 10 13 14 19 20 21
4940 2920 6 7 10 13 14 19 23
3658 2130 7 7 10 14 15 16 19 23
3888 2620 6 7 10 14 15 16 19
3612 3056 7 7 10 14 15 17 19 23
3842 816 6 7 10 14 15 17 19
3860 2268 8 7 10 14 15 19 20 21 23
4090 2014 7 7 10 14 15 19 20 21
4454 6266 6 7 10 14 15 19 23
4380 3108 6 7 11 13 14 21 23
3894 3676 6 7 11 14 15 21 23
4910 3468 5 7 13 14 15 17
1890 3190 5 7 13 14 15 23
4812 3416 5 7 13 14 15 23
2286 3798 4 7 13 14 15
3184 3180 8 7 13 14 16 18 19 20 21
3640 3234 7 7 13 14 16 18 19 23
3180 4822 7 7 13 14 16 20 21 22
3638 3708 6 7 13 14 16 22 23
3136 3118 8 7 13 14 17 18 19 20 21
3594 2566 7 7 13 14 17 18 19 23
3084 4938 7 7 13 14 17 20 21 22
3542 1782 6 7 13 14 17 22 23
3748 4040 8 7 13 14 18 19 20 21 23
3740 3364 7 7 13 14 20 21 22 23
2048 4022 5 7 13 14 20 21
2444 1992 4 7 13 14 23
2708 2044 3 7 13 14
2466 4856 9 7 14 15 16 18 19 20 21 23
2698 3292 8 7 14 15 16 18 19 20 21
3156 2918 7 7 14 15 16 18 19 23
2464 3262 8 7 14 15 16 20 21 22 23
2694 3894 7 7 14 15 16 20 21 22
3152 696 6 7 14 15 16 22 23
2420 3702 9 7 14 15 17 18 19 20 21 23
2650 3140 8 7 14 15 17 18 19 20 21
3108 3860 7 7 14 15 17 18 19 23
2366 2098 8 7 14 15 17 20 21 22 23
2598 5188 7 7 14 15 17 20 21 22
4186 4272 6 7 14 15 17 20 21
3056 3750 6 7 14 15 17 22 23
4590 2310 5 7 14 15 17 23
4820 1470 4 7 14 15 17
3262 4554 8 7 14 15 18 19 20 21 23
3254 3090 7 7 14 15 20 21 22 23
1332 3102 6 7 14 15 20 21 23
1562 2120 5 7 14 15 20 21
1958 4326 4 7 14 15 23
2314 2884 3 7 14 15
1714 4142 7 8 9 10 11 12 17 22
2486 2434 6 8 9 10 11 12 17
1698 3414 8 8 9 10 11 12 20 21 22
2338 3336 7 8 9 10 11 12 20 21
2118 4312 7 8 9 10 11 12 22 23
2746 4298 6 8 9 10 11 12 23
2584 2884 10 8 9 10 11 13 14 17 20 21 22
2948 3292 9 8 9 10 11 13 14 17 22 23
2932 1164 10 8 9 10 11 13 14 20 21 22 23
2878 2480 9 8 9 10 11 14 17 20 21 22
3242 2554 8 8 9 10 11 14 17 22 23
3226 5074 9 8 9 10 11 14 20 21 22 23
4524 2856 8 8 9 10 11 15 17 22 23
4510 2478 9 8 9 10 11 15 20 21 22 23
2744 1018 11 8 9 10 11 16 17 18 19 20 21 22
3108 2120 10 8 9 10 11 16 17 18 19 22 23
3046 3374 11 8 9 10 11 16 18 19 20 21 22 23
3292 4344 11 8 9 10 11 17 18 19 20 21 22 23
3292 1658 11 8 9 10 11 17 18 19 20 21 22 23
3500 3868 11 8 9 10 11 17 18 19 20 21 22 23
1800 2360 8 8 9 10 11 17 20 21 22
2156 2072 7 8 9 10 11 17 22 23
2142 2642 8 8 9 10 11 20 21 22 23
3910 3542 9 8 9 10 16 17 18 19 20 22
4314 4880 9 8 9 10 16 18 19 20 22 23
4266 2968 9 8 9 10 17 18 19 20 22 23
3812 1346 9 8 9 11 16 17 18 20 21 22
4176 4146 8 8 9 11 16 17 18 22 23
4160 2048 9 8 9 11 16 18 20 21 22 23
4208 1046 9 8 9 11 16 18 20 21 22 23
4078 4066 9 8 9 11 17 18 20 21 22 23
4388 4274 9 8 9 11 17 18 20 21 22 23
4358 5180 9 8 9 11 17 18 20 21 22 23
5098 4176 7 8 9 16 17 18 20 22
5150 3000 7 8 9 16 18 20 22 23
5054 4910 7 8 9 17 18 20 22 23
2718 2754 6 8 10 11 12 21 22
3952 2466 8 8 10 11 13 14 21 22 23
4246 4802 7 8 10 11 14 21 22 23
5528 2536 7 8 10 11 15 21 22 23
4066 2964 9 8 10 11 16 18 19 21 22 23
4312 2310 9 8 10 11 17 18 19 21 22 23
3160 3356 6 8 10 11 21 22 23
1588 1232 6 8 10 12 13 14 22
2310 2068 5 8 10 12 13 14
2622 3156 5 8 10 12 13 22
3332 2108 4 8 10 12 13
2456 2776 5 8 10 12 14 22
3454 4742 4 8 10 12 14
1462 3968 6 8 10 12 15 17 22
2186 2344 5 8 10 12 15 17
1730 3268 6 8 10 12 15 22 23
2418 5150 5 8 10 12 15 22
2454 3702 5 8 10 12 15 23
3128 3392 4 8 10 12 15
1678 4374 7 8 10 12 16 18 19 22
2400 2754 6 8 10 12 16 18 19
2380 2364 5 8 10 12 16 22
3102 3518 4 8 10 12 16
2132 3910 7 8 10 12 17 18 19 22
2904 2622 6 8 10 12 17 18 19
2628 3748 5 8 10 12 17 22
3388 3410 4 8 10 12 17
2116 3256 8 8 10 12 18 19 20 21 22
2756 876 7 8 10 12 18 19 20 21
2534 1726 7 8 10 12 18 19 22 23
3164 4150 6 8 10 12 18 19 23
2626 1806 6 8 10 12 20 21 22
2722 2968 6 8 10 12 20 21 22
3348 1688 5 8 10 12 20 21
3012 2834 5 8 10 12 22 23
1084 2268 4 8 10 12 22
4326 4856 4 8 10 12 22
3736 2156 4 8 10 12 23
1506 2776 3 8 10 12
3932 3120 7 8 10 13 14 15 17 22
4344 1322 7 8 10 13 14 15 22 23
2268 4396 9 8 10 13 14 16 17 18 19 22
2518 3230 10 8 10 13 14 16 18 19 20 21 22
2880 2796 9 8 10 13 14 16 18 19 22 23
1422 3666 6 8 10 13 14 16 22
4256 2250 6 8 10 13 14 16 22
2706 3072 10 8 10 13 14 17 18 19 20 21 22
3126 3002 9 8 10 13 14 17 18 19 22 23
1324 4634 6 8 10 13 14 17 22
3318 3002 10 8 10 13 14 18 19 20 21 22 23
1618 1614 7 8 10 13 14 20 21 22
1976 3920 6 8 10 13 14 22 23
922 986 4 8 10 13 14
4226 824 6 8 10 14 15 17 22
4638 2350 6 8 10 14 15 22 23
2564 4206 8 8 10 14 16 17 18 19 22
2812 2338 9 8 10 14 16 18 19 20 21 22
3176 1678 8 8 10 14 16 18 19 22 23
2036 1832 5 8 10 14 16 22
3002 3244 9 8 10 14 17 18 19 20 21 22
3420 1148 8 8 10 14 17 18 19 22 23
2092 3266 5 8 10 14 17 22
3614 4896 9 8 10 14 18 19 20 21 22 23
2194 2838 6 8 10 14 20 21 22
2590 3600 5 8 10 14 22 23
1818 5186 3 8 10 14
4092 1346 8 8 10 15 16 17 18 19 22
4458 2866 8 8 10 15 16 18 19 22 23
4530 4034 9 8 10 15 17 18 19 20 21 22
4912 946 8 8 10 15 17 18 19 22 23
5008 3082 8 8 10 15 17 18 19 22 23
3142 5120 5 8 10 15 17 22
3200 2856 5 8 10 15 17 22
4896 3514 9 8 10 15 18 19 20 21 22 23
3552 1706 5 8 10 15 22 23
4320 1128 7 8 10 16 17 18 19 22
1486 2948 7 8 10 16 17 18 19 22
1734 4148 8 8 10 16 18 19 20 21 22
1970 6044 8 8 10 16 18 19 20 21 22
2090 4358 7 8 10 16 18 19 22 23
1018 922 4 8 10 16 22
1924 3930 8 8 10 17 18 19 20 21 22
2342 2746 7 8 10 17 18 19 22 23
2544 2966 7 8 10 17 18 19 22 23
1074 4580 4 8 10 17 22
2590 1796 8 8 10 18 19 20 21 22 23
2528 4574 8 8 10 18 19 20 21 22 23
1174 4718 5 8 10 20 21 22
1572 5008 4 8 10 22 23
1046 3552 2 8 10
5180 1588 7 8 11 16 18 21 22 23
5704 4542 7 8 11 17 18 21 22 23
2352 1612 5 8 12 16 18 22
2856 3432 5 8 12 17 18 22
2708 768 6 8 12 18 20 21 22
3116 4510 5 8 12 18 22 23
3364 2050 8 8 13 14 16 18 20 21 22
3642 598 7 8 13 14 16 18 22 23
3268 2494 8 8 13 14 17 18 20 21 22
3546 3486 7 8 13 14 17 18 22 23
3840 2698 8 8 13 14 18 20 21 22 23
3478 2668 7 8 14 16 18 20 21 22
3936 3812 6 8 14 16 18 22 23
3382 2540 7 8 14 17 18 20 21 22
3840 4004 6 8 14 17 18 22 23
4040 4050 7 8 14 18 20 21 22 23
5160 4844 6 8 15 16 17 18 22
5572 1572 6 8 15 16 18 22 23
5342 3638 7 8 15 17 18 20 21 22
5736 1618 6 8 15 17 18 22 23
6096 4560 6 8 15 17 18 22 23
5754 2492 7 8 15 18 20 21 22 23
2554 4148 5 8 16 17 18 22
2832 2814 6 8 16 18 20 21 22
2848 2058 6 8 16 18 20 21 22
6044 1092 5 8 16 18 22 23
3204 3082 5 8 16 18 22 23
2742 4554 6 8 17 18 20 21 22
3130 3576 5 8 17 18 22 23
3392 2418 6 8 18 20 21 22 23
3406 4822 9 9 10 11 13 14 17 19 20 21
3770 2768 8 9 10 11 13 14 17 19 23
3708 3046 9 9 10 11 13 14 19 20 21 23
3702 3446 8 9 10 11 14 17 19 20 21
4064 4220 7 9 10 11 14 17 19 23
4004 3968 8 9 10 11 14 19 20 21 23
1046 2126 7 9 11 12 13 14 20 21
1210 1812 6 9 11 12 13 14 23
2096 668 5 9 11 12 13 17
1948 3840 6 9 11 12 13 20 21
2368 6096 5 9 11 12 13 23
1780 2944 6 9 11 12 14 20 21
2078 4880 5 9 11 12 14 23
876 3740 7 9 11 12 15 17 20 21
1204 1948 6 9 11 12 15 17 23
1892 4998 5 9 11 12 15 17
1056 4754 7 9 11 12 15 20 21 23
1744 4406 6 9 11 12 15 20 21
2152 3312 5 9 11 12 15 23
1152 2786 7 9 11 12 16 17 18 19
1144 2412 6 9 11 12 16 17 22
1866 3598 5 9 11 12 16 17
1092 2212 8 9 11 12 16 18 19 20 21
1510 4504 7 9 11 12 16 18 19 23
1128 2396 7 9 11 12 16 20 21 22
1718 2690 6 9 11 12 16 20 21
1546 3364 6 9 11 12 16 22 23
2126 2512 5 9 11 12 16 23
1508 3726 8 9 11 12 17 18 19 20 21
1594 2132 8 9 11 12 17 18 19 20 21
1916 988 7 9 11 12 17 18 19 23
2014 2366 7 9 11 12 17 18 19 23
1454 2194 7 9 11 12 17 20 21 22
1588 2410 7 9 11 12 17 20 21 22
2004 2740 6 9 11 12 17 20 21
2112 2822 6 9 11 12 17 20 21
1862 2952 6 9 11 12 17 22 23
3072 2232 6 9 11 12 17 22 23
2412 3372 5 9 11 12 17 23
4272 4398 4 9 11 12 17
818 2920 4 9 11 12 17
1866 3610 8 9 11 12 18 19 20 21 23
1854 2072 8 9 11 12 18 19 20 21 23
1884 4914 8 9 11 12 18 19 20 21 23
1858 1206 7 9 11 12 20 21 22 23
1846 4506 7 9 11 12 20 21 22 23
2372 3858 6 9 11 12 20 21 23
2352 1460 6 9 11 12 20 21 23
536 4830 5 9 11 12 20 21
3054 4404 5 9 11 12 20 21
944 3204 4 9 11 12 23
3722 3676 8 9 11 13 14 15 20 21 23
2410 752 10 9 11 13 14 16 18 19 20 21 23
2408 5054 9 9 11 13 14 16 20 21 22 23
2674 4088 10 9 11 13 14 17 18 19 20 21 23
2364 3116 10 9 11 13 14 17 18 19 20 21 23
2620 2038 9 9 11 13 14 17 20 21 22 23
2310 4382 9 9 11 13 14 17 20 21 22 23
1276 1046 7 9 11 13 14 20 21 23
3836 3332 7 9 11 14 15 20 21 23
2686 684 9 9 11 14 16 18 19 20 21 23
2702 5754 8 9 11 14 16 20 21 22 23
2658 1528 9 9 11 14 17 18 19 20 21 23
2820 4776 9 9 11 14 17 18 19 20 21 23
2772 4386 8 9 11 14 17 20 21 22 23
2606 3018 8 9 11 14 17 20 21 22 23
1890 4602 6 9 11 14 20 21 23
4406 1608 8 9 11 15 16 17 18 19 23
4398 2030 7 9 11 15 16 17 22 23
4346 4046 9 9 11 15 16 18 19 20 21 23
4382 3686 8 9 11 15 16 20 21 22 23
4612 1490 9 9 11 15 17 18 19 20 21 23
4580 4590 9 9 11 15 17 18 19 20 21 23
4556 3770 9 9 11 15 17 18 19 20 21 23
4560 1118 8 9 11 15 17 20 21 22 23
4534 4160 8 9 11 15 17 20 21 22 23
4862 1336 8 9 11 15 17 20 21 22 23
4502 2858 8 9 11 15 17 20 21 22 23
3532 646 5 9 11 15 17 23
3190 2352 6 9 11 15 20 21 23
2870 1152 10 9 11 16 17 18 19 20 21 22 23
2916 2768 10 9 11 16 17 18 19 20 21 22 23
3082 3022 10 9 11 16 17 18 19 20 21 22 23
2838 3580 10 9 11 16 17 18 19 20 21 22 23
3082 3690 10 9 11 16 17 18 19 20 21 22 23
3118 140 10 9 11 16 17 18 19 20 21 22 23
2884 1492 10 9 11 16 17 18 19 20 21 22 23
3422 4240 10 9 11 16 17 18 19 20 21 22 23
3172 3200 10 9 11 16 17 18 19 20 21 22 23
1682 2026 8 9 11 16 17 18 19 20 21
1944 3570 8 9 11 16 17 18 19 20 21
4880 4826 7 9 11 16 17 18 19 23
2038 1144 7 9 11 16 17 18 19 23
2362 2108 7 9 11 16 17 18 19 23
1940 3456 7 9 11 16 17 20 21 22
1674 2544 7 9 11 16 17 20 21 22
2030 1298 6 9 11 16 17 22 23
4828 2072 8 9 11 16 18 19 20 21 23
1978 3802 8 9 11 16 18 19 20 21 23
2020 3914 8 9 11 16 18 19 20 21 23
4964 5528 7 9 11 16 20 21 22 23
1992 2418 7 9 11 16 20 21 22 23
2014 1630 7 9 11 16 20 21 22 23
2076 2698 7 9 11 16 20 21 22 23
4926 2766 8 9 11 17 18 19 20 21 23
2226 3918 8 9 11 17 18 19 20 21 23
2250 3452 8 9 11 17 18 19 20 21 23
1948 2640 8 9 11 17 18 19 20 21 23
1894 3430 7 9 11 17 20 21 22 23
2494 900 7 9 11 17 20 21 22 23
4838 1866 7 9 11 17 20 21 22 23
1926 5260 7 9 11 17 20 21 22 23
2494 2310 7 9 11 17 20 21 22 23
848 2644 5 9 11 17 20 21
1244 3310 4 9 11 17 23
956 5094 5 9 11 20 21 23
2598 2020 6 9 12 17 18 19 20
2596 2584 5 9 12 17 20 22
2858 1418 6 9 12 18 19 20 23
2856 886 5 9 12 20 22 23
3384 2876 8 9 13 14 16 18 19 20 23
3382 3842 7 9 13 14 16 20 22 23
3338 5144 8 9 13 14 17 18 19 20 23
3286 2916 7 9 13 14 17 20 22 23
3680 604 7 9 14 16 18 19 20 23
3676 4220 6 9 14 16 20 22 23
3632 1324 7 9 14 17 18 19 20 23
3580 2864 6 9 14 17 20 22 23
5588 3186 7 9 15 17 18 19 20 23
5530 2382 7 9 15 17 18 19 20 23
5836 3026 6 9 15 17 20 22 23
5476 1862 6 9 15 17 20 22 23
3858 2280 8 9 16 17 18 19 20 22 23
4146 3994 8 9 16 17 18 19 20 22 23
3814 1846 8 9 16 17 18 19 20 22 23
4056 3034 8 9 16 17 18 19 20 22 23
4666 2380 8 9 16 17 18 19 20 22 23
4364 2042 8 9 16 17 18 19 20 22 23
2918 3640 6 9 16 17 18 19 20
2914 3214 5 9 16 17 20 22
2968 2314 6 9 16 18 19 20 23
2966 1276 5 9 16 20 22 23
2922 4454 6 9 17 18 19 20 23
2870 3888 5 9 17 20 22 23
4728 2038 7 10 11 13 14 19 21 23
5022 3840 6 10 11 14 19 21 23
2360 1770 5 10 12 13 14 19
3228 3602 4 10 12 14 19
4754 5050 6 10 13 14 15 17 19
5120 3990 6 10 13 14 15 19 23
3082 2284 7 10 13 14 16 17 19 22
3376 4820 8 10 13 14 16 19 20 21 22
3740 3846 7 10 13 14 16 19 22 23
2194 4026 5 10 13 14 16 19
3432 3108 8 10 13 14 17 19 20 21 22
3850 1398 7 10 13 14 17 19 22 23
2148 3224 5 10 13 14 17 19
4088 4912 8 10 13 14 19 20 21 22 23
2396 4578 6 10 13 14 19 20 21
2752 1182 5 10 13 14 19 23
5050 4728 5 10 14 15 17 19
5414 4686 5 10 14 15 19 23
3378 4350 6 10 14 16 17 19 22
3672 2870 7 10 14 16 19 20 21 22
4034 2950 6 10 14 16 19 22 23
2536 4798 4 10 14 16 19
3726 2362 7 10 14 17 19 20 21 22
4144 2142 6 10 14 17 19 22 23
2668 3624 4 10 14 17 19
4382 2848 7 10 14 19 20 21 22 23
2724 4034 5 10 14 19 20 21
3120 3128 4 10 14 19 23
1772 2420 5 11 12 13 14 21
2640 5096 4 11 12 14 21
2110 2560 6 11 12 16 18 19 21
2148 2416 5 11 12 16 21 22
2614 3932 6 11 12 17 18 19 21
2606 2194 5 11 12 17 21 22
2874 4620 6 11 12 18 19 21 23
2866 4682 5 11 12 21 22 23
4562 2128 6 11 13 14 15 21 23
3392 3230 8 11 13 14 16 18 19 21 23
3388 1628 7 11 13 14 16 21 22 23
3344 5150 8 11 13 14 17 18 19 21 23
3292 316 7 11 13 14 17 21 22 23
2194 2212 5 11 13 14 21 23
4856 4496 5 11 14 15 21 23
3686 4466 7 11 14 16 18 19 21 23
3682 1890 6 11 14 16 21 22 23
3640 2518 7 11 14 17 18 19 21 23
3586 2718 6 11 14 17 21 22 23
2562 2590 4 11 14 21 23
5364 3632 7 11 15 16 18 19 21 23
5402 4160 6 11 15 16 21 22 23
5890 2060 7 11 15 17 18 19 21 23
5882 3158 6 11 15 17 21 22 23
4102 2132 8 11 16 17 18 19 21 22 23
4420 3946 8 11 16 17 18 19 21 22 23
2998 3114 6 11 16 18 19 21 23
3034 3046 5 11 16 21 22 23
3522 1204 6 11 17 18 19 21 23
3514 2078 5 11 17 21 22 23
930 3310 5 12 13 14 15 23
1350 2524 7 12 13 14 18 19 20 21
1628 2782 6 12 13 14 18 19 23
1346 3590 6 12 13 14 20 21 22
1956 264 5 12 13 14 20 21
1624 3364 5 12 13 14 22 23
2212 3136 4 12 13 14 23
2952 2846 3 12 13 14
1794 2830 4 12 13 15 17
2062 2186 4 12 13 15 23
2750 2194 3 12 13 15
2010 3116 5 12 13 16 18 19
2050 5414 4 12 13 16 22
2710 4452 3 12 13 16
2514 1698 5 12 13 17 18 19
2510 2606 4 12 13 17 22
2998 1332 3 12 13 17
2364 2282 6 12 13 18 19 20 21
2786 1774 5 12 13 18 19 23
2362 4500 5 12 13 20 21 22
2958 2584 4 12 13 20 21
2782 3740 4 12 13 22 23
3344 2658 3 12 13 23
1116 2110 2 12 13
2062 4940 4 12 14 15 23
2038 3390 6 12 14 18 19 20 21
2496 4798 5 12 14 18 19 23
2034 5374 5 12 14 20 21 22
2920 3860 4 12 14 20 21
2492 3364 4 12 14 22 23
3356 1978 3 12 14 23
4096 2886 2 12 14
938 2342 6 12 15 16 17 18 19
986 3082 5 12 15 16 17 22
1566 1926 4 12 15 16 17
1118 4824 6 12 15 16 18 19 23
1806 3856 5 12 15 16 18 19
1160 4562 5 12 15 16 22 23
1848 3788 4 12 15 16 22
1832 3054 4 12 15 16 23
2508 2112 3 12 15 16
1206 214 7 12 15 17 18 19 20 21
1614 1892 6 12 15 17 18 19 23
2310 3406 5 12 15 17 18 19
1202 3126 6 12 15 17 20 21 22
1812 5190 5 12 15 17 20 21
1612 2456 5 12 15 17 22 23
2306 4200 4 12 15 17 22
2120 3670 4 12 15 17 23
2120 2906 4 12 15 17 23
2794 2514 3 12 15 17
2808 3360 3 12 15 17
604 2158 3 12 15 17
1474 3454 7 12 15 18 19 20 21 23
2162 4458 6 12 15 18 19 20 21
2570 4056 5 12 15 18 19 23
1470 1414 6 12 15 20 21 22 23
2158 2454 5 12 15 20 21 22
2080 1916 5 12 15 20 21 23
2754 1940 4 12 15 20 21
2566 2982 4 12 15 22 23
3154 4362 3 12 15 23
524 3458 3 12 15 23
912 3616 2 12 15
1566 3822 6 12 16 17 18 19 22
1560 1486 6 12 16 17 18 19 22
2066 3382 5 12 16 17 18 19
2066 3142 5 12 16 17 18 19
2058 2656 4 12 16 17 22
2108 4558 4 12 16 17 22
2780 2404 3 12 16 17
1506 2510 7 12 16 18 19 20 21 22
1418 5572 7 12 16 18 19 20 21 22
2026 1652 6 12 16 18 19 20 21
2968 4502 6 12 16 18 19 22 23
1826 2744 6 12 16 18 19 22 23
2414 4226 5 12 16 18 19 23
2512 2016 5 12 16 18 19 23
4050 4824 4 12 16 18 19
598 5056 4 12 16 18 19
3120 1662 4 12 16 18 19
2068 1944 5 12 16 20 21 22
2132 1532 5 12 16 20 21 22
2740 3196 4 12 16 20 21
2540 1190 4 12 16 22 23
2454 2278 4 12 16 22 23
3156 4522 3 12 16 22
3046 696 3 12 16 22
646 2708 3 12 16 22
3128 2880 3 12 16 23
3720 3226 2 12 16
886 4162 2 12 16
2004 1830 7 12 17 18 19 20 21 22
2008 4160 7 12 17 18 19 20 21 22
1872 2096 7 12 17 18 19 20 21 22
2422 2724 6 12 17 18 19 20 21
2280 1508 6 12 17 18 19 22 23
2830 2538 5 12 17 18 19 23
1042 3848 4 12 17 18 19
4684 1674 4 12 17 18 19
2368 912 5 12 17 20 21 22
2418 4612 5 12 17 20 21 22
3028 1934 4 12 17 20 21
2776 1958 4 12 17 22 23
4682 2626 3 12 17 22
1072 4186 3 12 17 22
3414 3546 3 12 17 23
1172 4684 2 12 17
2264 5364 7 12 18 19 20 21 22 23
2268 3078 7 12 18 19 20 21 22 23
2768 4092 6 12 18 19 20 21 23
800 4648 5 12 18 19 20 21
1398 3604 5 12 18 19 20 21
1784 2264 4 12 18 19 23
1208 3732 4 12 18 19 23
2766 3164 5 12 20 21 22 23
2860 2624 5 12 20 21 22 23
3468 2600 4 12 20 21 22
824 478 4 12 20 21 22
3374 2596 4 12 20 21 23
1132 2372 3 12 20 21
1232 1734 3 12 22 23
1782 2670 3 12 22 23
1520 3408 2 12 23
6216 4904 1 12
264 2014 1 12
2222 3120 1 12
316 2932 1 12
3744 4346 8 13 14 15 17 18 19 20 21
4022 3920 7 13 14 15 17 18 19 23
3690 3598 7 13 14 15 17 20 21 22
3968 4314 6 13 14 15 17 22 23
4110 3382 8 13 14 15 18 19 20 21 23
4102 1714 7 13 14 15 20 21 22 23
598 4520 4 13 14 15 23
2656 3700 4 13 14 15 23
2028 2570 9 13 14 16 17 18 19 20 21 22
2528 2860 9 13 14 16 17 18 19 20 21 22
2350 5070 8 13 14 16 17 18 19 22 23
2306 3682 8 13 14 16 17 18 19 22 23
2554 3842 9 13 14 16 18 19 20 21 22 23
2640 3722 9 13 14 16 18 19 20 21 22 23
1182 1826 7 13 14 16 18 19 20 21
1460 2444 6 13 14 16 18 19 23
1180 3168 6 13 14 16 20 21 22
3944 3810 6 13 14 16 20 21 22
4404 2368 5 13 14 16 22 23
1458 1174 5 13 14 16 22 23
2884 2062 9 13 14 17 18 19 20 21 22 23
2698 1976 9 13 14 17 18 19 20 21 22 23
1190 818 7 13 14 17 18 19 20 21
1414 2092 6 13 14 17 18 19 23
1116 2034 6 13 14 17 20 21 22
1360 2508 5 13 14 17 22 23
1742 1894 7 13 14 18 19 20 21 23
1662 1458 7 13 14 18 19 20 21 23
1656 2080 6 13 14 20 21 22 23
4504 2402 6 13 14 20 21 22 23
608 3920 4 13 14 20 21
816 5126 3 13 14 23
1474 2112 2 13 14
684 1520 1 13
3858 1210 7 14 15 17 18 19 20 21
4316 3774 6 14 15 17 18 19 23
3804 4084 6 14 15 17 20 21 22
4262 1116 5 14 15 17 22 23
4224 2528 7 14 15 18 19 20 21 23
4216 4922 6 14 15 20 21 22 23
2920 4390 3 14 15 23
1492 3152 3 14 15 23
2642 4158 8 14 16 17 18 19 20 21 22
2242 4708 8 14 16 17 18 19 20 21 22
2600 1202 7 14 16 17 18 19 22 23
2644 1132 7 14 16 17 18 19 22 23
2754 2368 8 14 16 18 19 20 21 22 23
2844 2036 8 14 16 18 19 20 21 22 23
1770 6216 6 14 16 18 19 20 21
2042 1560 5 14 16 18 19 23
4702 2960 5 14 16 18 19 23
1774 5184 5 14 16 20 21 22
2072 2922 4 14 16 22 23
2960 2562 8 14 17 18 19 20 21 22 23
1904 3388 6 14 17 18 19 20 21
2176 4344 5 14 17 18 19 23
1830 1924 5 14 17 20 21 22
2128 4412 4 14 17 22 23
2230 1686 6 14 18 19 20 21 23
4904 5704 6 14 18 19 20 21 23
4798 5166 5 14 20 21 22 23
2230 2464 5 14 20 21 22 23
1322 2282 3 14 20 21
1712 1698 2 14 23
2368 5882 1 14
4102 3828 8 15 16 17 18 19 20 21 22
4160 1594 8 15 16 17 18 19 20 21 22
4148 4320 8 15 16 17 18 19 20 21 22
4598 3864 7 15 16 17 18 19 22 23
4822 2260 7 15 16 17 18 19 22 23
4554 3900 7 15 16 17 18 19 22 23
4542 1172 7 15 16 17 18 19 22 23
4496 2360 7 15 16 17 18 19 22 23
3030 3406 5 15 16 17 18 19
5864 2944 5 15 16 17 18 19
3022 2422 4 15 16 17 22
4590 938 8 15 16 18 19 20 21 22 23
4468 1916 8 15 16 18 19 20 21 22 23
4558 3292 8 15 16 18 19 20 21 22 23
3396 2464 5 15 16 18 19 23
3432 3376 4 15 16 22 23
3464 4890 4 15 16 22 23
6266 3464 4 15 16 22 23
4960 4396 8 15 17 18 19 20 21 22 23
4922 2086 8 15 17 18 19 20 21 22 23
4954 1562 8 15 17 18 19 20 21 22 23
4890 1042 8 15 17 18 19 20 21 22 23
3212 1614 6 15 17 18 19 20 21
3920 2542 5 15 17 18 19 23
3598 524 5 15 17 18 19 23
3158 4502 5 15 17 20 21 22
3604 2250 4 15 17 22 23
3546 5208 4 15 17 22 23
302 5160 2 15 17
3578 2534 6 15 18 19 20 21 23
3610 3576 6 15 18 19 20 21 23
3570 2216 5 15 20 21 22 23
6516 2590 5 15 20 21 22 23
214 4598 2 15 23
478 1462 1 15
1502 2376 7 16 17 18 19 20 21 22
2086 3526 7 16 17 18 19 20 21 22
2060 3698 7 16 17 18 19 20 21 22
1706 2904 7 16 17 18 19 20 21 22
1796 2998 7 16 17 18 19 20 21 22
4896 4960 7 16 17 18 19 20 21 22
2390 838 6 16 17 18 19 22 23
2444 5200 6 16 17 18 19 22 23
1934 2658 6 16 17 18 19 22 23
2126 3736 6 16 17 18 19 22 23
5056 594 6 16 17 18 19 22 23
5260 5086 6 16 17 18 19 22 23
1890 4530 6 16 17 18 19 22 23
696 3950 4 16 17 18 19
696 3392 4 16 17 18 19
3256 3428 4 16 17 18 19
668 1744 3 16 17 22
5212 4020 7 16 18 19 20 21 22 23
2464 4246 7 16 18 19 20 21 22 23
2108 4364 7 16 18 19 20 21 22 23
5240 1074 7 16 18 19 20 21 22 23
2132 3594 7 16 18 19 20 21 22 23
2358 3160 7 16 18 19 20 21 22 23
2400 3506 7 16 18 19 20 21 22 23
2198 2686 7 16 18 19 20 21 22 23
2404 4092 7 16 18 19 20 21 22 23
752 2628 5 16 18 19 20 21
3506 3680 5 16 18 19 20 21
1148 4870 4 16 18 19 23
3862 2554 4 16 18 19 23
768 3408 4 16 20 21 22
1164 2736 3 16 22 23
3876 2380 3 16 22 23
456 3672 1 16
2328 3330 7 17 18 19 20 21 22 23
2584 2310 7 17 18 19 20 21 22 23
2282 3174 7 17 18 19 20 21 22 23
2360 1784 7 17 18 19 20 21 22 23
2562 4162 7 17 18 19 20 21 22 23
890 1116 5 17 18 19 20 21
1298 4364 4 17 18 19 23
838 3888 4 17 20 21 22
1246 1784 3 17 22 23
728 4328 1 17
1342 2010 5 18 19 20 21 23
1336 2352 4 20 21 22 23
690 3642 2 20 21
1074 1694 1 23
