26 2653 
3452 3596 6 1 2 3 14 15 18
3020 5148 10 1 2 5 6 11 15 16 17 24 26
2786 3896 10 1 2 5 6 11 15 17 24 25 26
4868 2078 8 1 2 5 6 12 19 20 23
3892 2320 9 1 2 5 6 14 15 16 17 24
3660 5462 9 1 2 5 6 14 15 17 24 25
5148 4738 10 1 2 5 6 16 17 20 23 24 26
5078 2092 10 1 2 5 6 16 17 20 24 25 26
4916 4708 10 1 2 5 6 17 20 23 24 25 26
3810 4928 9 1 2 7 10 13 14 16 17 24
3578 3182 9 1 2 7 10 13 14 17 24 25
2708 3886 10 1 2 7 14 16 17 20 24 25 26
2692 5280 4 1 2 7 14
4178 3228 8 1 2 8 9 12 19 20 25
4486 4526 10 1 2 8 9 16 17 20 24 25 26
4376 3060 10 1 2 10 13 16 17 18 21 24 26
3714 2680 7 1 2 10 13 16 17 24
4144 4720 10 1 2 10 13 17 18 21 24 25 26
3476 4438 7 1 2 10 13 17 24 25
3352 4620 8 1 2 11 15 16 17 24 26
3114 4712 8 1 2 11 15 17 24 25 26
2708 4350 8 1 2 12 16 17 19 24 26
4752 4632 6 1 2 12 16 19 22
3676 1828 7 1 2 12 16 19 24 26
2470 3968 8 1 2 12 17 19 24 25 26
3646 2036 7 1 2 12 18 19 21 26
3860 4934 8 1 2 12 19 20 22 23 25
5068 3392 6 1 2 12 19 20 23
2336 4532 6 1 2 12 19 22 23
4434 3478 6 1 2 12 19 22 25
3438 3810 7 1 2 12 19 24 25 26
3010 2368 4 1 2 12 19
2898 4966 7 1 2 14 15 16 17 24
3210 1710 6 1 2 14 15 16 24
2830 4718 7 1 2 14 15 17 24 25
3540 4790 6 1 2 14 15 18 21
3144 5242 6 1 2 14 15 24 25
4140 4626 10 1 2 16 17 20 22 23 24 25 26
5348 3092 8 1 2 16 17 20 23 24 26
5280 4772 8 1 2 16 17 20 24 25 26
2624 5498 8 1 2 16 17 20 24 25 26
4606 4050 8 1 2 16 17 22 23 24 26
4508 2158 8 1 2 16 17 22 24 25 26
5236 4700 8 1 2 17 18 20 21 25 26
4580 2630 8 1 2 17 20 23 24 25 26
4374 4288 8 1 2 17 22 23 24 25 26
192 2580 2 1 2
192 3412 2 1 2
4752 3320 6 1 3 12 18 20 23
4680 4632 6 1 3 12 18 20 25
4840 4158 6 1 3 12 18 22 23
5152 4888 9 1 5 6 12 16 17 20 23 24
4920 966 9 1 5 6 12 17 20 23 24 25
3622 4012 6 1 7 8 9 11 12
3344 2166 6 1 7 11 12 22 23
4480 2452 4 1 7 11 12
3268 3532 9 1 8 9 12 16 17 20 24 25
3582 1588 8 1 8 9 12 16 20 24 25
3342 2296 9 1 8 9 12 17 22 23 24 25
4590 2766 7 1 8 9 12 17 23 24
1824 3682 7 1 8 9 12 17 24 25
3908 2732 8 1 8 9 12 18 20 21 25
4012 1754 8 1 8 9 12 18 21 22 23
3912 832 8 1 8 9 12 18 21 22 25
2534 3972 6 1 8 9 12 18 21
5132 1578 6 1 8 9 12 18 21
3656 2980 8 1 8 9 12 22 23 24 25
4904 4620 6 1 8 9 12 23 24
4836 2382 6 1 8 9 12 24 25
2138 4050 6 1 8 9 12 24 25
2950 5134 9 1 12 16 17 20 22 23 24 25
4158 3120 7 1 12 16 17 20 23 24
4086 2384 7 1 12 16 17 20 24 25
4228 3004 7 1 12 16 17 22 23 24
2712 2364 5 1 12 16 17 24
4830 2576 6 1 12 16 18 20 21
4880 4340 6 1 12 16 18 21 22
3264 1922 8 1 12 16 20 22 23 24 25
4472 3444 6 1 12 16 20 23 24
4400 1032 6 1 12 16 20 24 25
4542 3968 6 1 12 16 22 23 24
4524 5216 6 1 12 16 22 24 25
3026 4376 4 1 12 16 24
4090 4908 7 1 12 17 20 23 24 25
4160 2562 7 1 12 17 22 23 24 25
2756 1520 5 1 12 17 23 24
2642 3120 5 1 12 17 24 25
3590 914 8 1 12 18 20 21 22 23 25
4798 2810 6 1 12 18 20 21 23
4726 3884 6 1 12 18 20 21 25
2176 2562 6 1 12 18 21 22 23
4730 3180 6 1 12 18 21 22 25
3352 1688 4 1 12 18 21
4404 2646 6 1 12 20 23 24 25
1822 2624 6 1 12 22 23 24 25
4428 4170 6 1 12 22 23 24 25
3070 2876 4 1 12 23 24
2956 4184 4 1 12 24 25
1376 784 6 2 3 4 14 15 19
2338 4560 11 2 3 5 6 14 15 18 19 20 25 26
2604 4524 9 2 3 5 6 14 15 18 19 26
2520 1434 8 2 3 10 13 14 15 18 19
4736 5078 9 2 3 10 13 18 19 20 25 26
4926 3974 7 2 3 10 13 18 19 26
3040 2342 7 2 3 11 13 15 19 26
4396 3004 8 2 3 13 14 15 16 19 22
3320 4388 9 2 3 13 14 15 16 19 24 26
2388 3782 10 2 3 13 14 15 17 19 24 25 26
3204 4146 9 2 3 13 14 15 18 19 21 26
3606 954 8 2 3 13 14 15 19 22 23
4084 4662 8 2 3 13 14 15 19 22 25
2808 1364 9 2 3 13 14 15 19 24 25 26
2654 1926 6 2 3 13 14 15 19
5208 2960 7 2 3 13 19 20 23 26
5078 5228 7 2 3 13 19 20 25 26
5136 778 7 2 3 13 19 20 25 26
3780 932 5 2 3 13 19 26
2494 600 9 2 3 14 15 18 19 20 25 26
2666 2604 9 2 3 14 15 18 19 20 25 26
3180 2146 9 2 3 14 15 18 19 22 23 26
3082 2758 9 2 3 14 15 18 19 22 25 26
2856 3774 7 2 3 14 15 18 19 26
1658 4654 7 2 3 14 15 18 19 26
1352 4320 8 2 4 10 13 19 21 22 23
1524 4096 6 2 4 10 13 19 21
1774 3114 6 2 4 10 19 22 23
2558 4348 4 2 4 10 19
2040 4680 7 2 4 19 20 21 25 26
2098 3922 7 2 4 19 21 22 23 26
3244 1816 5 2 4 19 21 26
3732 4330 5 2 4 19 21 26
3320 2528 5 2 4 19 21 26
2116 2940 9 2 5 6 7 11 14 15 19 26
4244 3406 9 2 5 6 7 14 19 20 23 26
4176 5244 9 2 5 6 7 14 19 20 25 26
5306 2514 7 2 5 6 7 14 19 26
3882 5630 9 2 5 6 8 9 11 15 19 26
3710 1238 8 2 5 6 10 13 19 22 23
4796 2276 6 2 5 6 10 13 19
3796 5070 9 2 5 6 11 15 16 19 22 26
3988 3746 8 2 5 6 11 15 17 19 26
2244 4590 9 2 5 6 11 15 19 22 23 26
3478 4562 9 2 5 6 11 15 19 22 25 26
2054 3018 7 2 5 6 11 15 19 26
2838 3776 10 2 5 6 14 15 16 17 19 24 26
2958 4482 10 2 5 6 14 15 16 17 19 24 26
2702 2876 11 2 5 6 14 15 16 18 19 21 22 26
2534 4348 11 2 5 6 14 15 16 19 22 23 24 26
2436 3772 11 2 5 6 14 15 16 19 22 24 25 26
2092 3510 8 2 5 6 14 15 16 19 22
1018 4300 9 2 5 6 14 15 16 19 24 26
2930 4268 10 2 5 6 14 15 17 18 19 21 26
2274 5050 10 2 5 6 14 15 17 19 23 24 26
914 5262 10 2 5 6 14 15 17 19 24 25 26
2680 5388 10 2 5 6 14 15 17 19 24 25 26
4952 2136 7 2 5 6 14 15 17 19
2052 1958 11 2 5 6 14 15 18 19 21 22 23 26
2390 3568 11 2 5 6 14 15 18 19 21 22 25 26
1034 2754 9 2 5 6 14 15 18 19 21 26
3524 1326 9 2 5 6 14 15 18 19 21 26
2066 3866 11 2 5 6 14 15 19 22 23 24 25 26
2052 2118 11 2 5 6 14 15 19 22 23 24 25 26
3818 4608 8 2 5 6 14 15 19 22 23
1816 3858 8 2 5 6 14 15 19 22 23
1774 3714 8 2 5 6 14 15 19 22 25
2974 2798 9 2 5 6 14 15 19 23 24 26
3302 5056 9 2 5 6 14 15 19 24 25 26
3082 3658 9 2 5 6 14 15 19 24 25 26
914 5218 9 2 5 6 14 15 19 24 25 26
718 3666 6 2 5 6 14 15 19
4156 2446 6 2 5 6 14 15 19
4226 3570 9 2 5 6 19 20 22 23 25 26
4288 3412 9 2 5 6 19 20 22 23 25 26
4182 1450 7 2 5 6 19 20 23 26
5310 4400 7 2 5 6 19 20 25 26
4114 5570 7 2 5 6 19 20 25 26
3470 3818 7 2 5 6 19 22 23 26
5432 4952 7 2 5 6 19 22 25 26
4012 2716 5 2 5 6 19 26
3776 3952 8 2 5 8 10 13 19 22 23
4862 1994 6 2 5 8 10 13 19
4294 3938 9 2 5 8 19 20 22 23 25 26
5380 4566 7 2 5 8 19 20 25 26
2890 5328 10 2 6 9 14 15 17 19 24 25 26
3600 5256 9 2 6 9 14 15 18 19 21 26
3780 5290 8 2 6 9 14 15 19 20 25
3204 4180 9 2 6 9 14 15 19 24 25 26
3582 4994 9 2 7 8 9 14 19 20 25 26
4288 968 9 2 7 8 9 14 19 22 23 26
4188 3338 9 2 7 8 9 14 19 22 25 26
5286 5256 7 2 7 8 9 14 19 26
4526 2420 7 2 7 10 11 13 19 26
2798 4318 10 2 7 10 13 14 16 17 19 24 26
4560 1714 8 2 7 10 13 14 16 19 22
3484 4304 9 2 7 10 13 14 16 19 24 26
3498 4780 9 2 7 10 13 14 16 19 24 26
2552 1594 10 2 7 10 13 14 17 19 24 25 26
2580 2886 10 2 7 10 13 14 17 19 24 25 26
4764 4306 7 2 7 10 13 14 17 19
3454 4150 9 2 7 10 13 14 18 19 21 26
3500 2682 9 2 7 10 13 14 18 19 21 26
3138 4304 8 2 7 10 13 14 19 20 25
3254 5404 8 2 7 10 13 14 19 22 23
3768 1966 8 2 7 10 13 14 19 22 23
3182 5072 8 2 7 10 13 14 19 22 25
3246 1010 9 2 7 10 13 14 19 24 25 26
3252 4268 9 2 7 10 13 14 19 24 25 26
3280 5212 9 2 7 10 13 14 19 24 25 26
1758 3174 6 2 7 10 13 14 19
4280 2676 6 2 7 10 13 14 19
4300 2118 6 2 7 10 13 14 19
2444 5602 7 2 7 11 14 15 19 26
2456 3812 7 2 7 11 14 15 19 26
4984 4794 7 2 7 13 14 19 21 26
3456 4690 9 2 7 14 16 19 20 22 25 26
5038 442 7 2 7 14 16 19 20 26
5128 430 7 2 7 14 16 19 22 26
3662 5158 8 2 7 14 17 19 20 25 26
2666 5078 9 2 7 14 19 20 22 23 25 26
2694 1412 9 2 7 14 19 20 22 23 25 26
4446 4888 7 2 7 14 19 20 23 26
4376 4308 7 2 7 14 19 20 25 26
1714 848 7 2 7 14 19 20 25 26
4934 3552 7 2 7 14 19 20 25 26
1742 5240 7 2 7 14 19 20 25 26
2418 2132 7 2 7 14 19 22 23 26
3704 4868 7 2 7 14 19 22 23 26
4940 1524 7 2 7 14 19 22 23 26
3604 2830 7 2 7 14 19 22 25 26
2320 3782 7 2 7 14 19 22 25 26
902 4980 5 2 7 14 19 26
4352 4380 10 2 8 9 10 13 17 19 24 25 26
5278 4302 9 2 8 9 10 13 18 19 21 26
5052 3820 9 2 8 9 10 13 19 24 25 26
3408 4832 7 2 8 9 11 15 19 26
4418 4618 9 2 8 9 16 19 20 22 25 26
5454 2754 8 2 8 9 17 19 20 25 26
4340 5328 9 2 8 9 19 20 22 23 25 26
2852 3262 7 2 8 9 19 20 25 26
2994 1686 7 2 8 9 19 22 23 26
2896 650 7 2 8 9 19 22 25 26
3994 3134 5 2 8 9 19 26
2442 3828 6 2 10 11 13 15 19
1964 4712 9 2 10 13 14 15 16 17 19 24
2278 2146 8 2 10 13 14 15 16 19 24
1896 2422 9 2 10 13 14 15 17 19 24 25
2606 2246 8 2 10 13 14 15 18 19 21
2210 5492 8 2 10 13 14 15 19 24 25
5308 2848 8 2 10 13 16 17 19 24 26
5100 1896 9 2 10 13 16 18 19 21 22 26
3412 4246 8 2 10 13 16 19 20 22 25
4526 4140 6 2 10 13 16 19 20
4932 2212 9 2 10 13 16 19 22 23 24 26
4832 2638 9 2 10 13 16 19 22 24 25 26
4490 3198 6 2 10 13 16 19 22
3414 1918 7 2 10 13 16 19 24 26
5326 4730 8 2 10 13 17 18 19 21 26
5326 4280 8 2 10 13 17 18 19 21 26
4000 3660 10 2 10 13 17 19 22 23 24 25 26
4670 2648 8 2 10 13 17 19 23 24 26
5076 3718 8 2 10 13 17 19 24 25 26
2476 4430 8 2 10 13 17 19 24 25 26
5118 2334 8 2 10 13 17 19 24 25 26
4690 2468 5 2 10 13 17 19
4308 2142 9 2 10 13 18 19 21 22 23 26
4362 3226 9 2 10 13 18 19 21 22 23 26
4786 5530 9 2 10 13 18 19 21 22 25 26
3384 3688 7 2 10 13 18 19 21 26
3334 5462 8 2 10 13 19 20 22 23 25
4544 5210 6 2 10 13 19 20 23
4362 4238 6 2 10 13 19 20 25
1844 3714 6 2 10 13 19 20 25
4122 4098 9 2 10 13 19 22 23 24 25 26
4700 3784 9 2 10 13 19 22 23 24 25 26
1962 2098 6 2 10 13 19 22 23
3700 192 6 2 10 13 19 22 23
1890 3104 6 2 10 13 19 22 25
4406 2666 6 2 10 13 19 22 25
5370 2220 7 2 10 13 19 23 24 26
3176 2274 7 2 10 13 19 24 25 26
832 3468 4 2 10 13 19
5124 850 7 2 10 18 19 20 25 26
3060 4836 7 2 11 15 16 19 20 26
3150 2024 7 2 11 15 16 19 22 26
4316 4316 6 2 11 15 17 19 26
2958 2676 7 2 11 15 19 20 25 26
3074 4712 7 2 11 15 19 22 23 26
3004 4914 7 2 11 15 19 22 25 26
3004 4528 7 2 11 15 19 22 25 26
2388 4678 5 2 11 15 19 26
1586 3384 5 2 11 15 19 26
5066 3262 7 2 13 19 20 21 25 26
5168 4534 7 2 13 19 21 22 23 26
5070 3236 7 2 13 19 21 22 25 26
3692 5206 5 2 13 19 21 26
2482 2834 10 2 14 15 16 17 19 20 24 25 26
2624 4974 10 2 14 15 16 17 19 22 23 24 26
2526 3590 10 2 14 15 16 17 19 22 24 25 26
1108 3656 8 2 14 15 16 17 19 24 26
3684 3860 8 2 14 15 16 17 19 24 26
3292 4046 8 2 14 15 16 17 19 24 26
3226 3482 9 2 14 15 16 18 19 20 21 26
3036 1882 9 2 14 15 16 18 19 21 22 26
2794 3660 9 2 14 15 16 19 20 24 25 26
3904 4032 6 2 14 15 16 19 20
2868 4766 9 2 14 15 16 19 22 23 24 26
2768 2708 9 2 14 15 16 19 22 24 25 26
2420 4538 6 2 14 15 16 19 22
5092 5168 6 2 14 15 16 19 22
1422 5416 7 2 14 15 16 19 24 26
1344 4242 7 2 14 15 16 19 24 26
4074 5044 7 2 14 15 16 19 24 26
3262 1586 8 2 14 15 17 18 19 21 26
2146 1998 10 2 14 15 17 19 22 23 24 25 26
2606 3796 8 2 14 15 17 19 23 24 26
3008 4946 8 2 14 15 17 19 24 25 26
856 2606 8 2 14 15 17 19 24 25 26
1040 4952 8 2 14 15 17 19 24 25 26
5280 3784 5 2 14 15 17 19
3124 672 9 2 14 15 18 19 20 21 25 26
2246 4276 9 2 14 15 18 19 21 22 23 26
2718 5306 9 2 14 15 18 19 21 22 25 26
3128 2546 9 2 14 15 18 19 21 22 25 26
1316 2338 7 2 14 15 18 19 21 26
3838 2404 7 2 14 15 18 19 21 26
4402 4142 7 2 14 15 18 19 21 26
3802 3198 6 2 14 15 19 20 25
2058 5396 9 2 14 15 19 22 23 24 25 26
1758 2462 6 2 14 15 19 22 23
4152 4050 6 2 14 15 19 22 23
4624 2756 6 2 14 15 19 22 25
2108 2890 6 2 14 15 19 22 25
3306 2946 7 2 14 15 19 23 24 26
1112 3958 7 2 14 15 19 24 25 26
3630 1474 7 2 14 15 19 24 25 26
1354 2296 7 2 14 15 19 24 25 26
678 4422 4 2 14 15 19
2422 4098 4 2 14 15 19
3350 3866 4 2 14 15 19
5328 3388 8 2 16 17 19 20 22 25 26
5234 5070 7 2 16 19 20 22 23 26
2556 4996 7 2 16 19 20 22 25 26
5072 5208 7 2 16 19 20 22 25 26
3744 3254 5 2 16 19 20 26
3834 974 5 2 16 19 22 26
4538 5092 8 2 17 19 20 22 23 25 26
3586 2628 6 2 17 19 20 25 26
5134 2570 7 2 19 20 22 23 25 26
4994 3848 7 2 19 20 22 23 25 26
2610 4272 7 2 19 20 22 23 25 26
2506 2718 7 2 19 20 22 23 25 26
2478 4404 7 2 19 20 22 23 25 26
3174 2730 7 2 19 20 22 23 25 26
3714 3332 5 2 19 20 23 26
3640 5056 5 2 19 20 25 26
1658 3138 5 2 19 20 25 26
1000 2478 5 2 19 20 25 26
1890 2264 5 2 19 22 23 26
3642 5532 5 2 19 22 23 26
1032 3136 5 2 19 22 25 26
3686 1088 5 2 19 22 25 26
3542 3578 5 2 19 22 25 26
600 3798 3 2 19 26
4784 4000 3 2 19 26
2528 5182 8 3 4 5 6 11 15 20 23
2056 5028 8 3 4 5 6 11 15 22 23
3602 3074 8 3 4 5 6 20 22 23 25
2154 5148 6 3 4 5 6 20 23
4730 4248 6 3 4 5 6 20 23
4382 3696 8 3 4 6 9 17 24 25 26
5090 5300 7 3 4 6 9 18 21 26
4170 4046 6 3 4 6 9 20 25
4694 4960 7 3 4 6 9 24 25 26
2980 5316 8 3 4 8 9 20 22 23 25
2132 5366 9 3 4 10 13 16 17 20 24 25
3354 3374 7 3 4 10 13 16 17 24
2446 3774 8 3 4 10 13 16 20 24 25
3668 5116 6 3 4 10 13 16 24
2166 3870 9 3 4 10 13 17 20 23 24 25
3220 3108 7 3 4 10 13 17 23 24
3286 2974 7 3 4 10 13 17 24 25
1586 2646 10 3 4 10 13 18 20 21 22 23 25
2794 5004 8 3 4 10 13 18 20 21 23
2732 3408 8 3 4 10 13 18 20 21 25
2810 4846 8 3 4 10 13 18 21 22 23
3952 4188 6 3 4 10 13 18 21
2480 860 8 3 4 10 13 20 23 24 25
2454 3994 8 3 4 10 13 22 23 24 25
3702 4832 6 3 4 10 13 23 24
3600 3348 6 3 4 10 13 24 25
3830 3226 6 3 4 10 18 20 23
3768 4112 6 3 4 10 18 20 25
4204 3946 4 3 4 10 18
2264 4860 8 3 4 11 13 15 21 22 23
2830 3542 6 3 4 11 15 16 22
1754 2308 7 3 4 11 15 16 24 26
1724 3282 7 3 4 11 15 18 21 26
1520 3114 8 3 4 11 15 20 22 23 25
2728 5286 6 3 4 11 15 20 23
1986 3970 6 3 4 11 15 22 23
2518 1996 6 3 4 11 15 22 25
2180 4434 7 3 4 11 15 23 24 26
1522 4242 7 3 4 11 15 24 25 26
3622 4384 4 3 4 11 15
1106 3674 4 3 4 11 15
1434 2202 8 3 4 12 19 20 22 23 25
2676 3470 6 3 4 12 19 20 23
1874 2690 6 3 4 12 19 22 23
4268 2330 8 3 4 13 20 21 22 23 25
2916 5186 6 3 4 13 20 21 23
4458 5212 6 3 4 13 21 22 23
2018 2934 7 3 4 14 15 16 17 24
2718 5404 6 3 4 14 15 16 24
2702 3152 7 3 4 14 15 17 23 24
1784 4392 7 3 4 14 15 17 24 25
2124 4178 8 3 4 14 15 18 21 22 23
2688 2702 6 3 4 14 15 18 21
1774 2230 8 3 4 14 15 22 23 24 25
3022 2356 6 3 4 14 15 23 24
2484 3818 6 3 4 14 15 24 25
4000 700 8 3 4 16 17 20 23 24 26
3870 4392 8 3 4 16 17 20 24 25 26
2666 2036 6 3 4 16 17 24 26
5148 3088 6 3 4 16 17 24 26
4392 5034 6 3 4 16 20 22 23
4928 3804 6 3 4 16 20 22 25
3922 3470 7 3 4 16 20 23 24 26
3854 3220 7 3 4 16 20 24 25 26
3510 4748 4 3 4 16 20
2886 3282 5 3 4 16 24 26
2118 1928 8 3 4 17 20 23 24 25 26
3962 4288 8 3 4 17 20 23 24 25 26
2688 5140 6 3 4 17 23 24 26
2626 5508 6 3 4 17 24 25 26
5020 4926 6 3 4 17 24 25 26
2140 2532 9 3 4 18 20 21 22 23 25 26
3324 5670 9 3 4 18 20 21 22 23 25 26
3090 2124 7 3 4 18 20 21 23 26
3892 4068 7 3 4 18 20 21 23 26
4640 2842 7 3 4 18 20 21 23 26
3824 4658 7 3 4 18 20 21 25 26
3728 3562 7 3 4 18 20 21 25 26
3728 2534 7 3 4 18 20 21 25 26
2750 3920 7 3 4 18 21 22 23 26
4634 1784 7 3 4 18 21 22 23 26
3206 2856 5 3 4 18 21 26
3916 3540 5 3 4 18 21 26
2118 4632 6 3 4 20 22 23 25
1788 5138 6 3 4 20 22 23 25
3744 4222 6 3 4 20 22 23 25
2818 1106 7 3 4 20 23 24 25 26
5212 1792 4 3 4 20 23
2570 1212 4 3 4 20 23
5294 4618 4 3 4 20 23
3140 1344 4 3 4 20 25
968 3184 4 3 4 20 25
2744 3542 7 3 4 22 23 24 25 26
2558 4228 4 3 4 22 23
4190 2956 4 3 4 22 23
3276 3026 5 3 4 23 24 26
2816 5112 5 3 4 24 25 26
5334 2330 5 3 4 24 25 26
1408 4860 2 3 4
3330 4950 2 3 4
2656 2708 9 3 5 6 7 11 14 15 18 26
4458 5308 9 3 5 6 7 14 18 20 23 26
4388 2692 9 3 5 6 7 14 18 20 25 26
3878 4716 11 3 5 6 8 9 11 15 18 20 25 26
4068 2196 9 3 5 6 8 9 11 15 18 26
4024 4988 8 3 5 6 10 11 13 15 18
4644 4388 6 3 5 6 10 13 18
4000 752 10 3 5 6 11 13 15 17 24 25 26
4708 3030 9 3 5 6 11 13 15 18 21 26
4314 3548 9 3 5 6 11 13 15 24 25 26
5024 4346 9 3 5 6 11 15 16 18 20 26
3998 5538 10 3 5 6 11 15 17 18 20 25 26
4186 1052 8 3 5 6 11 15 17 18 26
3572 828 11 3 5 6 11 15 18 20 22 23 25 26
4204 3536 9 3 5 6 11 15 18 20 23 26
2050 2002 9 3 5 6 11 15 18 20 25 26
3762 4162 9 3 5 6 11 15 18 22 23 26
3662 2668 9 3 5 6 11 15 18 22 25 26
2420 3082 7 3 5 6 11 15 18 26
3788 5096 9 3 5 6 12 18 19 20 23 26
4836 5156 9 3 5 6 13 14 15 17 24 25
5156 3124 8 3 5 6 13 14 15 24 25
4700 4690 8 3 5 6 13 17 24 25 26
5014 4726 7 3 5 6 13 24 25 26
4960 4068 9 3 5 6 14 15 17 18 20 25
5150 3058 7 3 5 6 14 15 17 18
5168 3020 8 3 5 6 14 15 18 20 23
3014 3942 8 3 5 6 14 15 18 20 25
3630 436 9 3 5 6 14 15 18 24 25 26
3208 2766 6 3 5 6 14 15 18
4374 5200 7 3 5 6 18 20 23 26
4304 3922 7 3 5 6 18 20 25 26
3862 2440 5 3 5 6 18 26
4712 4740 6 3 5 8 10 13 18
5228 3862 7 3 5 8 18 20 25 26
3796 2552 9 3 7 8 9 14 18 20 25 26
3410 1974 8 3 7 10 11 13 14 15 18
4522 2234 9 3 7 10 11 13 18 20 25 26
4712 3234 7 3 7 10 11 13 18 26
4788 2676 9 3 7 10 13 14 17 18 20 25
4978 5272 7 3 7 10 13 14 17 18
4996 5066 8 3 7 10 13 14 18 20 23
2842 4032 8 3 7 10 13 14 18 20 25
5442 3320 8 3 7 10 13 14 18 20 25
3458 4042 9 3 7 10 13 14 18 24 25 26
3036 4274 6 3 7 10 13 14 18
2422 3702 10 3 7 11 13 14 15 16 17 24 26
3122 3472 9 3 7 11 13 14 15 16 24 26
2190 4038 10 3 7 11 13 14 15 17 24 25 26
3092 3990 9 3 7 11 13 14 15 18 21 26
2890 2966 9 3 7 11 13 14 15 24 25 26
4886 3926 6 3 7 11 13 14 15
4784 1008 5 3 7 11 13 26
2308 4512 9 3 7 11 14 15 18 20 25 26
2656 1556 7 3 7 11 14 15 18 26
2034 4660 9 3 7 12 14 18 19 20 25 26
2474 1872 7 3 7 12 14 18 19 26
4590 1680 10 3 7 13 14 16 17 20 23 24 26
4522 1730 10 3 7 13 14 16 17 20 24 25 26
5290 3998 9 3 7 13 14 16 20 23 24 26
5222 4704 9 3 7 13 14 16 20 24 25 26
4358 2340 10 3 7 13 14 17 20 23 24 25 26
5260 4388 9 3 7 13 14 18 20 21 23 26
5096 4694 9 3 7 13 14 18 20 21 25 26
5284 3688 7 3 7 13 14 18 21 26
5058 2612 9 3 7 13 14 20 23 24 25 26
3874 3568 8 3 7 14 17 18 20 25 26
3678 960 9 3 7 14 18 20 22 23 25 26
4658 5280 7 3 7 14 18 20 23 26
2504 2718 7 3 7 14 18 20 25 26
4528 4156 7 3 7 14 18 20 25 26
4448 3098 7 3 7 14 18 22 23 26
3818 4130 7 3 7 14 18 22 25 26
4538 4036 10 3 8 9 10 13 17 18 24 25 26
5238 1230 9 3 8 9 10 13 18 24 25 26
3586 1306 8 3 8 9 11 12 13 15 19
2588 5442 9 3 8 9 11 12 15 18 19 26
4860 2736 9 3 8 9 11 13 15 16 24 26
3928 4664 10 3 8 9 11 13 15 17 24 25 26
4744 2898 9 3 8 9 11 13 15 18 21 26
5118 4996 8 3 8 9 11 13 15 22 23
4348 2692 9 3 8 9 11 13 15 24 25 26
4086 3904 9 3 8 9 11 15 18 20 25 26
4616 3668 9 3 8 9 11 15 18 20 25 26
4692 4644 9 3 8 9 11 15 18 22 23 26
4594 5000 9 3 8 9 11 15 18 22 25 26
3198 5166 7 3 8 9 11 15 18 26
4798 3620 9 3 8 9 12 18 19 20 23 26
3098 5050 9 3 8 9 12 18 19 20 25 26
3792 3600 7 3 8 9 12 18 19 26
5200 2720 9 3 8 9 18 20 22 23 25 26
5228 4396 9 3 8 9 18 20 22 23 25 26
3706 1816 7 3 8 9 18 20 25 26
5494 4724 7 3 8 9 18 22 23 26
5396 2768 7 3 8 9 18 22 25 26
5050 2364 8 3 10 11 13 15 16 18 22
3974 4288 9 3 10 11 13 15 16 18 24 26
3042 4216 10 3 10 11 13 15 17 18 24 25 26
5268 5608 7 3 10 11 13 15 17 18
3610 4098 8 3 10 11 13 15 18 20 25
3728 1554 8 3 10 11 13 15 18 22 23
3654 2732 8 3 10 11 13 15 18 22 25
3742 3552 9 3 10 11 13 15 18 24 25 26
3320 2996 6 3 10 11 13 15 18
2230 1638 6 3 10 11 13 15 18
3820 3768 8 3 10 12 13 18 19 20 23
3746 2174 8 3 10 12 13 18 19 20 25
4968 4300 6 3 10 12 13 18 19
4238 5096 9 3 10 13 14 15 16 17 18 24
4938 2606 8 3 10 13 14 15 16 18 24
4006 4810 9 3 10 13 14 15 17 18 24 25
4706 2896 8 3 10 13 14 15 18 24 25
5210 3818 10 3 10 13 17 18 20 23 24 25 26
4698 2954 7 3 10 13 17 18 20 25
5440 1822 8 3 10 13 17 18 23 24 26
5316 3986 8 3 10 13 17 18 24 25 26
4894 3778 5 3 10 13 17 18
5334 2556 9 3 10 13 18 20 23 24 25 26
4374 2116 6 3 10 13 18 20 23
1686 556 6 3 10 13 18 20 25
2756 4226 6 3 10 13 18 20 25
4892 4752 9 3 10 13 18 22 23 24 25 26
4462 1108 6 3 10 13 18 22 23
4388 3572 6 3 10 13 18 22 25
3374 3918 7 3 10 13 18 24 25 26
2896 2782 4 3 10 13 18
3308 5208 8 3 11 12 13 15 19 22 23
2312 4714 9 3 11 12 15 18 19 22 23 26
2302 1720 7 3 11 12 15 18 19 26
3654 4286 10 3 11 13 15 16 17 20 24 25 26
4932 4634 8 3 11 13 15 16 17 24 26
4858 3758 8 3 11 13 15 16 17 24 26
4722 5210 9 3 11 13 15 16 18 21 22 26
3968 3024 9 3 11 13 15 16 20 24 25 26
4554 4812 9 3 11 13 15 16 22 23 24 26
4456 4872 9 3 11 13 15 16 22 24 25 26
4112 4700 6 3 11 13 15 16 22
3038 4304 7 3 11 13 15 16 24 26
4950 2244 8 3 11 13 15 17 18 21 26
3622 4158 10 3 11 13 15 17 22 23 24 25 26
4294 4342 8 3 11 13 15 17 23 24 26
4908 4012 8 3 11 13 15 17 24 25 26
2212 4700 8 3 11 13 15 17 24 25 26
2100 5590 8 3 11 13 15 17 24 25 26
4294 4938 9 3 11 13 15 18 20 21 25 26
4294 2190 9 3 11 13 15 18 20 21 25 26
3932 870 9 3 11 13 15 18 21 22 23 26
4300 5296 9 3 11 13 15 18 21 22 25 26
4410 2484 9 3 11 13 15 18 21 22 25 26
2916 3340 7 3 11 13 15 18 21 26
3744 3294 9 3 11 13 15 22 23 24 25 26
4042 548 9 3 11 13 15 22 23 24 25 26
3322 3964 6 3 11 13 15 22 23
3794 3688 6 3 11 13 15 22 25
4994 3864 7 3 11 13 15 23 24 26
2526 3266 7 3 11 13 15 24 25 26
5160 5030 7 3 11 13 15 24 25 26
2382 1408 4 3 11 13 15
3948 2476 9 3 11 15 16 18 20 22 25 26
5358 3614 7 3 11 15 16 18 20 26
5510 2054 7 3 11 15 16 18 20 26
4286 2232 7 3 11 15 16 18 22 26
4164 5276 8 3 11 15 17 18 20 25 26
4514 3170 6 3 11 15 17 18 26
3156 2890 9 3 11 15 18 20 22 23 25 26
3740 2334 9 3 11 15 18 20 22 23 25 26
4538 4360 7 3 11 15 18 20 23 26
4818 5072 7 3 11 15 18 20 25 26
2384 3322 7 3 11 15 18 20 25 26
5040 3784 7 3 11 15 18 20 25 26
5450 2880 7 3 11 15 18 20 25 26
2216 2376 7 3 11 15 18 20 25 26
4880 774 7 3 11 15 18 20 25 26
2892 4086 7 3 11 15 18 22 23 26
3496 3352 7 3 11 15 18 22 23 26
4090 5314 7 3 11 15 18 22 23 26
3990 3470 7 3 11 15 18 22 25 26
3968 1374 7 3 11 15 18 22 25 26
2792 1062 7 3 11 15 18 22 25 26
2556 3716 5 3 11 15 18 26
4008 4176 5 3 11 15 18 26
1374 4514 5 3 11 15 18 26
4620 4756 9 3 12 13 16 19 20 23 24 26
3688 4030 10 3 12 13 17 19 20 23 24 25 26
4942 3476 8 3 12 13 17 19 24 25 26
4504 3640 9 3 12 13 18 19 20 21 23 26
4430 2892 9 3 12 13 18 19 20 21 25 26
5382 2484 8 3 12 13 19 20 22 23 25
4108 3878 9 3 12 13 19 20 23 24 25 26
3952 4086 6 3 12 13 19 20 23
5256 4628 7 3 12 13 19 24 25 26
4714 3988 7 3 12 16 18 19 20 26
3682 4858 8 3 12 17 18 19 20 25 26
3870 3512 6 3 12 17 18 19 26
2780 4904 9 3 12 18 19 20 22 23 25 26
4380 2114 9 3 12 18 19 20 22 23 25 26
3058 5470 9 3 12 18 19 20 22 23 25 26
3894 3796 7 3 12 18 19 20 23 26
2956 3652 7 3 12 18 19 20 23 26
1798 3862 7 3 12 18 19 20 25 26
3466 4400 7 3 12 18 19 22 23 26
3468 5040 7 3 12 18 19 22 23 26
3346 1316 7 3 12 18 19 22 25 26
2238 2718 5 3 12 18 19 26
4492 3240 9 3 13 14 15 16 17 20 24 25
3300 2712 7 3 13 14 15 16 17 24
4650 4230 9 3 13 14 15 16 18 21 24 26
4810 4512 8 3 13 14 15 16 20 24 25
5498 5078 8 3 13 14 15 16 22 24 25
4000 5550 6 3 13 14 15 16 24
3718 4366 10 3 13 14 15 17 18 21 24 25 26
5256 4208 7 3 13 14 15 17 23 24
3048 3780 7 3 13 14 15 17 24 25
5132 4994 8 3 13 14 15 18 20 21 25
4894 4374 8 3 13 14 15 18 21 22 23
5136 3270 8 3 13 14 15 18 21 22 25
4394 3484 9 3 13 14 15 18 21 24 25 26
3758 4286 6 3 13 14 15 18 21
4708 2442 8 3 13 14 15 22 23 24 25
3362 5428 6 3 13 14 15 24 25
4394 5376 8 3 13 16 17 20 24 25 26
5206 3476 7 3 13 16 20 23 24 26
4708 3064 7 3 13 16 20 24 25 26
4788 3156 4 3 13 16 20
4268 5136 8 3 13 17 20 23 24 25 26
4690 4804 8 3 13 17 22 23 24 25 26
3360 5612 6 3 13 17 24 25 26
5084 3898 7 3 13 18 20 21 23 26
5108 2532 7 3 13 18 20 21 25 26
4952 3306 7 3 13 18 20 21 25 26
4894 3662 7 3 13 18 20 21 25 26
5106 2958 7 3 13 18 21 22 23 26
5034 3456 7 3 13 18 21 22 25 26
3656 3264 5 3 13 18 21 26
4694 1790 7 3 13 20 23 24 25 26
3968 3056 4 3 13 20 23
1814 412 4 3 13 20 25
4756 3272 7 3 13 22 23 24 25 26
3348 1624 5 3 13 24 25 26
2172 2688 2 3 13
3134 4764 10 3 14 15 16 17 18 20 24 25 26
3474 1408 8 3 14 15 16 17 18 24 26
3834 3830 9 3 14 15 16 18 20 24 25 26
4174 3792 7 3 14 15 16 18 24 26
5288 4492 7 3 14 15 17 18 20 25
3236 1746 8 3 14 15 17 18 24 25 26
3346 2780 6 3 14 15 18 20 25
3936 2022 7 3 14 15 18 24 25 26
2212 4560 4 3 14 15 18
5056 2556 7 3 16 18 20 22 25 26
4962 5084 5 3 16 18 20 26
5308 4696 8 3 17 18 20 22 23 25 26
3784 1584 6 3 17 18 20 25 26
3442 2798 7 3 18 20 22 23 25 26
4988 4818 7 3 18 20 22 23 25 26
3772 4150 7 3 18 20 22 23 25 26
4142 5498 5 3 18 20 23 26
3542 4626 5 3 18 20 23 26
4438 3702 5 3 18 20 25 26
2438 3704 5 3 18 20 25 26
2268 4804 5 3 18 20 25 26
4208 4526 5 3 18 22 23 26
3532 4770 5 3 18 22 25 26
2876 2558 3 3 18 26
4690 3276 3 3 18 26
3856 4834 10 4 5 6 8 9 20 21 22 23 25
3416 4106 9 4 5 6 10 16 17 20 23 24
4116 4464 8 4 5 6 10 16 20 23 24
3184 2608 9 4 5 6 10 17 20 23 24 25
4088 3196 8 4 5 6 10 18 20 21 23
3884 2142 8 4 5 6 10 20 23 24 25
1052 2734 8 4 5 6 11 15 21 22 23
2596 3540 8 4 5 6 14 15 21 23 24
4306 4240 8 4 5 6 16 17 21 24 26
4864 2848 8 4 5 6 16 20 21 22 23
3828 1810 9 4 5 6 16 20 21 23 24 26
4620 4574 7 4 5 6 16 21 24 26
2896 4968 10 4 5 6 17 20 21 23 24 25 26
4340 1018 8 4 5 6 17 21 23 24 26
4238 4348 8 4 5 6 17 21 24 25 26
4552 5170 8 4 5 6 20 21 22 23 25
2022 3820 8 4 5 6 20 21 22 23 25
3596 4070 9 4 5 6 20 21 23 24 25 26
854 4168 6 4 5 6 20 21 23
3172 2808 6 4 5 6 20 21 23
3406 4684 9 4 5 6 21 22 23 24 25 26
4654 4640 7 4 5 6 21 23 24 26
4550 4976 7 4 5 6 21 24 25 26
2574 1354 9 4 6 9 10 13 17 21 24 25
2888 5132 8 4 6 9 10 13 21 24 25
3608 3686 7 4 6 9 10 17 24 25
4318 4206 6 4 6 9 10 18 21
3922 3088 6 4 6 9 10 24 25
3278 2504 6 4 6 9 11 15 21
2676 3996 6 4 6 9 12 19 21
5242 4690 6 4 6 9 16 20 21
4294 4398 8 4 6 9 17 21 24 25 26
4294 3792 8 4 6 9 17 21 24 25 26
4106 4162 8 4 6 9 20 21 22 23 25
5314 2702 6 4 6 9 20 21 23
4974 1146 6 4 6 9 20 21 25
2590 3104 6 4 6 9 20 21 25
4572 2448 6 4 6 9 21 22 23
4474 3156 6 4 6 9 21 22 25
4608 2402 7 4 6 9 21 24 25 26
1388 4942 8 4 7 10 11 13 21 22 23
2532 2406 6 4 7 10 11 13 21
2422 1460 6 4 7 10 11 22 23
3568 3008 4 4 7 10 11
2424 3506 8 4 7 10 13 14 21 23 24
2078 4040 7 4 7 10 14 16 17 24
2778 3546 6 4 7 10 14 16 24
1846 5042 7 4 7 10 14 17 24 25
2748 4650 6 4 7 10 14 18 21
2546 3204 6 4 7 10 14 24 25
3050 2258 7 4 7 11 20 21 25 26
3108 2086 7 4 7 11 21 22 23 26
3516 4456 5 4 7 11 21 26
3516 1474 5 4 7 11 21 26
1790 3542 8 4 7 14 16 17 21 24 26
2490 2588 7 4 7 14 16 21 24 26
1558 5242 8 4 7 14 17 21 24 25 26
2258 4480 7 4 7 14 21 24 25 26
1694 2470 11 4 8 9 10 13 17 21 22 23 24 25
1698 2794 10 4 8 9 10 13 21 22 23 24 25
2420 2238 9 4 8 9 10 17 22 23 24 25
3130 1436 8 4 8 9 10 18 21 22 23
2734 4444 8 4 8 9 10 22 23 24 25
2090 2222 8 4 8 9 11 15 21 22 23
1562 4944 8 4 8 9 12 19 21 22 23
2994 4042 6 4 8 9 12 19 21
3144 4362 10 4 8 9 16 17 20 21 24 25 26
4348 2648 8 4 8 9 16 17 21 24 26
3458 5076 9 4 8 9 16 20 21 24 25 26
5316 4516 6 4 8 9 16 21 22
4268 3676 7 4 8 9 16 21 24 26
4662 4324 7 4 8 9 16 21 24 26
2400 2804 10 4 8 9 17 20 21 23 24 25 26
3104 3928 10 4 8 9 17 21 22 23 24 25 26
3180 3812 10 4 8 9 17 21 22 23 24 25 26
4380 5212 8 4 8 9 17 21 23 24 26
3336 3932 8 4 8 9 17 21 24 25 26
3978 4930 8 4 8 9 20 21 22 23 25
1512 3328 8 4 8 9 20 21 22 23 25
3100 4522 9 4 8 9 20 21 23 24 25 26
3418 1728 9 4 8 9 21 22 23 24 25 26
3418 5000 9 4 8 9 21 22 23 24 25 26
4532 3790 6 4 8 9 21 22 23
5004 1682 6 4 8 9 21 22 25
4694 4324 7 4 8 9 21 23 24 26
4036 4314 7 4 8 9 21 24 25 26
2200 4606 9 4 10 13 16 17 20 21 23 24
2138 2210 9 4 10 13 16 17 20 21 24 25
2138 4922 9 4 10 13 16 17 20 21 24 25
2272 4404 9 4 10 13 16 17 21 22 23 24
3340 5070 7 4 10 13 16 17 21 24
910 4594 7 4 10 13 16 17 21 24
1306 3646 10 4 10 13 16 20 21 22 23 24 25
2514 1874 8 4 10 13 16 20 21 23 24
2452 4726 8 4 10 13 16 20 21 24 25
2586 2334 8 4 10 13 16 21 22 23 24
2576 3418 8 4 10 13 16 21 22 24 25
1078 3684 6 4 10 13 16 21 24
3614 3832 6 4 10 13 16 21 24
2132 856 9 4 10 13 17 20 21 23 24 25
2202 3504 9 4 10 13 17 21 22 23 24 25
3088 4472 9 4 10 13 17 21 22 23 24 25
3374 2112 7 4 10 13 17 21 23 24
932 2312 7 4 10 13 17 21 23 24
1640 4276 7 4 10 13 17 21 23 24
4282 2712 7 4 10 13 17 21 23 24
3432 2918 7 4 10 13 17 21 23 24
3374 3550 7 4 10 13 17 21 23 24
3294 3416 7 4 10 13 17 21 24 25
870 1016 7 4 10 13 17 21 24 25
3272 4380 7 4 10 13 17 21 24 25
2446 1788 8 4 10 13 20 21 23 24 25
2560 3972 8 4 10 13 21 22 23 24 25
1092 4994 8 4 10 13 21 22 23 24 25
990 5152 8 4 10 13 21 22 23 24 25
2470 2892 8 4 10 13 21 22 23 24 25
2462 1040 8 4 10 13 21 22 23 24 25
1520 4170 6 4 10 13 21 23 24
3688 4252 6 4 10 13 21 23 24
3648 4574 6 4 10 13 21 23 24
3688 2758 6 4 10 13 21 23 24
3546 1918 6 4 10 13 21 24 25
3586 2480 6 4 10 13 21 24 25
1008 2690 6 4 10 13 21 24 25
2028 3488 9 4 10 16 17 20 22 23 24 25
3236 3052 7 4 10 16 17 20 23 24
3174 2956 7 4 10 16 17 20 24 25
2876 5444 7 4 10 16 17 22 23 24
1994 2708 5 4 10 16 17 24
4398 4958 5 4 10 16 17 24
1800 4512 5 4 10 16 17 24
3918 2032 6 4 10 16 18 20 21
3968 4000 6 4 10 16 18 21 22
3344 4012 7 4 10 16 18 21 24 26
2342 4406 8 4 10 16 20 22 23 24 25
3550 3892 6 4 10 16 20 23 24
3488 4048 6 4 10 16 20 24 25
3576 4766 6 4 10 16 22 23 24
3612 1568 6 4 10 16 22 24 25
2114 3772 4 4 10 16 24
2694 2610 4 4 10 16 24
2412 2920 8 4 10 17 18 21 24 25 26
4606 4326 5 4 10 17 18 21
3168 1924 7 4 10 17 20 23 24 25
2644 238 7 4 10 17 22 23 24 25
3238 5408 7 4 10 17 22 23 24 25
1834 2418 5 4 10 17 23 24
1730 2446 5 4 10 17 24 25
4308 3654 5 4 10 17 24 25
1762 4752 5 4 10 17 24 25
2668 5698 8 4 10 18 20 21 22 23 25
3876 4350 6 4 10 18 20 21 23
3814 1528 6 4 10 18 20 21 25
3792 2228 6 4 10 18 21 22 23
1418 3174 6 4 10 18 21 22 23
3818 3384 6 4 10 18 21 22 25
3088 1348 7 4 10 18 21 24 25 26
2434 4504 4 4 10 18 21
5242 5326 4 4 10 18 21
3482 3180 6 4 10 20 23 24 25
1412 5408 6 4 10 22 23 24 25
3476 2856 6 4 10 22 23 24 25
2148 2066 4 4 10 23 24
4724 3668 4 4 10 23 24
2044 3750 4 4 10 24 25
2462 2556 4 4 10 24 25
4644 5408 4 4 10 24 25
2192 1398 7 4 11 15 16 21 24 26
996 4786 6 4 11 15 21 22 23
1966 5454 7 4 11 15 21 23 24 26
2124 5420 7 4 11 15 21 24 25 26
2288 2842 7 4 12 16 19 21 24 26
2228 3014 6 4 12 19 21 22 23
2250 4858 6 4 12 19 21 22 23
870 3622 6 4 12 19 21 22 23
1638 2274 7 4 12 19 21 23 24 26
2220 1850 7 4 12 19 21 24 25 26
2716 3728 7 4 14 15 16 17 21 24
3034 4364 6 4 14 15 16 21 24
2230 3258 7 4 14 15 17 21 23 24
2646 4358 7 4 14 15 17 21 24 25
1682 4698 8 4 14 15 21 22 23 24 25
2930 4686 6 4 14 15 21 23 24
2966 3398 6 4 14 15 21 24 25
2712 2446 10 4 16 17 20 21 22 23 24 25 26
2712 3160 10 4 16 17 20 21 22 23 24 25 26
3996 2802 8 4 16 17 20 21 23 24 26
3920 3920 8 4 16 17 20 21 23 24 26
3880 1528 8 4 16 17 20 21 24 25 26
1282 3260 8 4 16 17 20 21 24 25 26
3858 2048 8 4 16 17 20 21 24 25 26
3858 5528 8 4 16 17 20 21 24 25 26
4078 4130 8 4 16 17 21 22 23 24 26
3962 4936 8 4 16 17 21 22 23 24 26
4068 5156 8 4 16 17 21 22 23 24 26
3862 5058 8 4 16 17 21 22 24 25 26
5082 4572 6 4 16 17 21 24 26
2484 4750 6 4 16 17 21 24 26
4482 592 6 4 16 17 21 24 26
4300 700 6 4 16 17 21 24 26
2484 4170 6 4 16 17 21 24 26
2822 3978 9 4 16 20 21 22 23 24 25 26
3026 2592 9 4 16 20 21 22 23 24 25 26
5066 3278 6 4 16 20 21 22 23
4030 3220 7 4 16 20 21 23 24 26
4234 2262 7 4 16 20 21 23 24 26
4206 4280 7 4 16 20 21 24 25 26
4172 4190 7 4 16 20 21 24 25 26
1596 5082 7 4 16 20 21 24 25 26
4372 4828 7 4 16 20 21 24 25 26
3288 3630 7 4 16 21 22 23 24 26
4392 3172 7 4 16 21 22 23 24 26
3884 5010 7 4 16 21 22 23 24 26
3904 3138 7 4 16 21 22 24 25 26
3784 5318 7 4 16 21 22 24 25 26
3784 2232 7 4 16 21 22 24 25 26
4296 3604 7 4 16 21 22 24 25 26
3442 2534 4 4 16 21 22
2798 4614 5 4 16 21 24 26
2874 3786 5 4 16 21 24 26
2406 3108 5 4 16 21 24 26
5182 5030 5 4 16 21 24 26
3132 4184 8 4 17 20 21 23 24 25 26
3114 4616 8 4 17 20 21 23 24 25 26
3092 3912 8 4 17 20 21 23 24 25 26
1068 2758 8 4 17 20 21 23 24 25 26
1316 4000 8 4 17 20 21 23 24 25 26
3892 5314 8 4 17 21 22 23 24 25 26
3892 1806 8 4 17 21 22 23 24 25 26
2356 2878 8 4 17 21 22 23 24 25 26
3668 5276 6 4 17 21 23 24 26
3668 2560 6 4 17 21 23 24 26
5116 4962 6 4 17 21 23 24 26
2518 3150 6 4 17 21 23 24 26
1474 4550 6 4 17 21 24 25 26
2416 4990 6 4 17 21 24 25 26
1474 2986 6 4 17 21 24 25 26
4992 5280 6 4 17 21 24 25 26
2222 5078 6 4 20 21 22 23 25
786 4956 6 4 20 21 22 23 25
4718 2302 6 4 20 21 22 23 25
1668 4454 7 4 20 21 23 24 25 26
1688 1026 7 4 20 21 23 24 25 26
3832 3622 7 4 20 21 23 24 25 26
4264 4606 7 4 20 21 23 24 25 26
3350 3442 4 4 20 21 23
1568 2302 4 4 20 21 23
1584 4434 7 4 21 22 23 24 25 26
3120 2824 7 4 21 22 23 24 25 26
1852 2298 7 4 21 22 23 24 25 26
1584 5020 7 4 21 22 23 24 25 26
4210 2090 7 4 21 22 23 24 25 26
3056 3780 7 4 21 22 23 24 25 26
3056 2534 7 4 21 22 23 24 25 26
2638 3360 4 4 21 22 23
2608 3818 4 4 21 22 23
2608 3020 4 4 21 22 23
1554 4392 4 4 21 22 23
5208 3302 4 4 21 22 23
3130 4074 4 4 21 22 25
2832 4956 5 4 21 23 24 26
2832 4178 5 4 21 23 24 26
5306 5152 5 4 21 24 25 26
2806 5278 5 4 21 24 25 26
2174 4204 5 4 21 24 25 26
4768 2444 5 4 21 24 25 26
2174 3346 5 4 21 24 25 26
404 1990 2 4 21
1728 3492 2 4 21
2642 4426 11 5 6 7 8 9 11 14 15 16 24 26
2612 2716 11 5 6 7 8 9 11 14 15 18 21 26
2408 2852 11 5 6 7 8 9 11 14 15 24 25 26
4110 2370 12 5 6 7 8 9 14 16 17 20 23 24 26
4040 3082 12 5 6 7 8 9 14 16 17 20 24 25 26
4810 2996 11 5 6 7 8 9 14 16 20 23 24 26
4740 3718 11 5 6 7 8 9 14 16 20 24 25 26
3878 4850 12 5 6 7 8 9 14 17 20 23 24 25 26
4780 4730 11 5 6 7 8 9 14 18 20 21 23 26
4712 4238 11 5 6 7 8 9 14 18 20 21 25 26
4578 2138 11 5 6 7 8 9 14 20 23 24 25 26
4720 5544 8 5 6 7 10 11 13 22 23
3388 4830 9 5 6 7 11 12 19 20 23 26
1010 3656 10 5 6 7 11 14 15 16 17 24 26
2712 3552 10 5 6 7 11 14 15 16 17 24 26
4532 2148 8 5 6 7 11 14 15 16 22
1010 5068 9 5 6 7 11 14 15 16 24 26
3456 4150 9 5 6 7 11 14 15 16 24 26
2730 1868 10 5 6 7 11 14 15 17 18 21 26
2074 2908 10 5 6 7 11 14 15 17 23 24 26
2524 3114 10 5 6 7 11 14 15 17 24 25 26
966 3728 10 5 6 7 11 14 15 17 24 25 26
4750 2164 7 5 6 7 11 14 15 17
2104 4538 11 5 6 7 11 14 15 18 21 22 23 26
1086 3856 9 5 6 7 11 14 15 18 21 26
3428 2128 9 5 6 7 11 14 15 18 21 26
3742 3130 8 5 6 7 11 14 15 22 23
4220 920 8 5 6 7 11 14 15 22 25
2774 5254 9 5 6 7 11 14 15 23 24 26
966 2712 9 5 6 7 11 14 15 24 25 26
3180 3092 9 5 6 7 11 14 15 24 25 26
2802 2958 6 5 6 7 11 14 15
5698 3648 9 5 6 7 11 16 20 22 23 26
5628 3582 9 5 6 7 11 16 20 22 25 26
4838 5060 9 5 6 7 11 20 22 23 25 26
5422 3348 9 5 6 7 11 20 22 23 25 26
5296 908 9 5 6 7 11 20 22 23 25 26
3968 2694 7 5 6 7 11 20 23 26
3898 1584 7 5 6 7 11 20 25 26
3932 4050 7 5 6 7 11 22 23 26
5016 4578 5 5 6 7 11 26
2360 2830 11 5 6 7 12 14 16 19 20 23 24 26
2332 2222 11 5 6 7 12 14 18 19 20 21 23 26
3666 3416 12 5 6 7 14 16 17 20 22 23 24 25 26
4842 618 10 5 6 7 14 16 17 20 23 24 26
2246 4026 10 5 6 7 14 16 17 20 23 24 26
4886 4070 10 5 6 7 14 16 17 20 23 24 26
2178 2684 10 5 6 7 14 16 17 20 24 25 26
4772 4638 10 5 6 7 14 16 17 20 24 25 26
4632 4470 11 5 6 7 14 16 18 20 21 22 23 26
4562 3744 11 5 6 7 14 16 18 20 21 22 25 26
4446 4410 11 5 6 7 14 16 20 22 23 24 25 26
4366 4620 11 5 6 7 14 16 20 22 23 24 25 26
5586 3636 9 5 6 7 14 16 20 23 24 26
2946 4162 9 5 6 7 14 16 20 23 24 26
2878 2642 9 5 6 7 14 16 20 24 25 26
4858 2802 10 5 6 7 14 17 18 20 21 23 26
4790 2910 10 5 6 7 14 17 18 20 21 25 26
4610 494 10 5 6 7 14 17 20 23 24 25 26
2056 1376 10 5 6 7 14 17 20 23 24 25 26
4320 4012 11 5 6 7 14 18 20 21 22 23 25 26
3772 3968 11 5 6 7 14 18 20 21 22 23 25 26
5454 2256 9 5 6 7 14 18 20 21 23 26
2918 4268 9 5 6 7 14 18 20 21 23 26
2848 3342 9 5 6 7 14 18 20 21 25 26
5384 3768 9 5 6 7 14 18 20 21 25 26
2708 3780 9 5 6 7 14 20 23 24 25 26
4716 4036 11 5 6 8 9 10 13 17 22 23 24 25
5426 5288 10 5 6 8 9 10 13 18 21 22 23
5030 5508 10 5 6 8 9 10 13 22 23 24 25
3018 2982 10 5 6 8 9 11 12 15 16 19 22
2798 1552 10 5 6 8 9 11 12 15 19 22 23
2228 4806 10 5 6 8 9 11 12 15 19 22 23
2706 3342 10 5 6 8 9 11 12 15 19 22 25
1276 2228 8 5 6 8 9 11 12 15 19
4376 2792 10 5 6 8 9 11 15 16 17 24 26
4242 2590 11 5 6 8 9 11 15 16 18 21 22 26
4046 5138 11 5 6 8 9 11 15 16 22 23 24 26
3946 3130 11 5 6 8 9 11 15 16 22 24 25 26
4054 5370 11 5 6 8 9 11 15 16 22 24 25 26
3604 4134 8 5 6 8 9 11 15 16 22
5334 4656 9 5 6 8 9 11 15 16 24 26
2556 784 9 5 6 8 9 11 15 16 24 26
4468 4110 10 5 6 8 9 11 15 17 18 21 26
3182 5430 12 5 6 8 9 11 15 17 22 23 24 25 26
3114 4448 12 5 6 8 9 11 15 17 22 23 24 25 26
3812 4720 10 5 6 8 9 11 15 17 23 24 26
4220 4490 10 5 6 8 9 11 15 17 24 25 26
1618 5244 10 5 6 8 9 11 15 17 24 25 26
3452 3368 11 5 6 8 9 11 15 18 21 22 23 26
3504 4718 11 5 6 8 9 11 15 18 21 22 23 26
3918 3524 11 5 6 8 9 11 15 18 21 22 25 26
3930 3516 11 5 6 8 9 11 15 18 21 22 25 26
2528 5010 9 5 6 8 9 11 15 18 21 26
3276 5238 11 5 6 8 9 11 15 22 23 24 25 26
3264 4842 11 5 6 8 9 11 15 22 23 24 25 26
2814 4152 8 5 6 8 9 11 15 22 23
3286 3732 8 5 6 8 9 11 15 22 25
4512 5128 9 5 6 8 9 11 15 23 24 26
2318 4896 9 5 6 8 9 11 15 24 25 26
4622 2974 9 5 6 8 9 11 15 24 25 26
2934 2994 10 5 6 8 9 12 14 15 18 19 21
2708 2974 10 5 6 8 9 12 14 15 19 24 25
5186 2016 10 5 6 8 9 12 16 19 20 22 23
5118 1558 10 5 6 8 9 12 16 19 20 22 25
4112 4542 11 5 6 8 9 12 16 19 20 23 24 26
4042 5118 11 5 6 8 9 12 16 19 20 24 25 26
3180 1422 12 5 6 8 9 12 17 19 20 23 24 25 26
4434 3234 10 5 6 8 9 12 17 19 24 25 26
4082 2032 11 5 6 8 9 12 18 19 20 21 23 26
4012 3104 11 5 6 8 9 12 18 19 20 21 25 26
5144 3786 9 5 6 8 9 12 18 19 21 26
4328 1466 10 5 6 8 9 12 19 20 22 23 25
4874 4262 10 5 6 8 9 12 19 20 22 23 25
3874 3656 11 5 6 8 9 12 19 20 23 24 25 26
3444 5084 8 5 6 8 9 12 19 20 23
3376 3858 8 5 6 8 9 12 19 20 25
4748 3082 9 5 6 8 9 12 19 24 25 26
5256 3330 10 5 6 8 9 14 15 16 18 21 22
4210 3300 11 5 6 8 9 14 15 16 18 21 24 26
5030 3374 10 5 6 8 9 14 15 16 22 24 25
3278 2810 12 5 6 8 9 14 15 17 18 21 24 25 26
4070 5386 11 5 6 8 9 14 15 17 22 23 24 25
4466 786 10 5 6 8 9 14 15 18 21 22 23
4944 5176 10 5 6 8 9 14 15 18 21 22 25
3954 3714 11 5 6 8 9 14 15 18 21 24 25 26
4240 4894 10 5 6 8 9 14 15 22 23 24 25
4726 1206 9 5 6 8 9 16 20 23 24 26
4656 3442 9 5 6 8 9 16 20 24 25 26
3788 3180 10 5 6 8 9 17 20 23 24 25 26
3934 4294 10 5 6 8 9 17 22 23 24 25 26
5550 3700 11 5 6 8 9 18 20 21 22 23 25 26
4696 4568 9 5 6 8 9 18 20 21 23 26
4626 3322 9 5 6 8 9 18 20 21 25 26
4638 4252 9 5 6 8 9 18 21 22 23 26
4914 3306 8 5 6 8 9 20 22 23 25
4488 3604 9 5 6 8 9 20 23 24 25 26
4248 3278 9 5 6 8 9 22 23 24 25 26
3410 2694 9 5 6 10 11 13 15 16 17 24
3724 2980 8 5 6 10 11 13 15 16 24
3504 3340 9 5 6 10 11 13 15 17 23 24
3342 2512 9 5 6 10 11 13 15 17 24 25
2926 2786 10 5 6 10 11 13 15 18 21 22 23
4050 966 8 5 6 10 11 13 15 18 21
2570 3374 10 5 6 10 11 13 15 22 23 24 25
3818 1668 8 5 6 10 11 13 15 23 24
3656 3586 8 5 6 10 11 13 15 24 25
3508 3622 10 5 6 10 11 15 16 17 18 24 26
4208 4772 9 5 6 10 11 15 16 18 24 26
3276 4034 10 5 6 10 11 15 17 18 24 25 26
3976 4774 9 5 6 10 11 15 18 24 25 26
4324 4092 11 5 6 10 13 16 17 20 22 23 24 25
5410 4294 9 5 6 10 13 16 17 20 24 25
5408 1872 9 5 6 10 13 16 17 20 24 25
4036 2962 7 5 6 10 13 16 17 24
4638 3834 10 5 6 10 13 16 20 22 23 24 25
4350 2910 6 5 6 10 13 16 24
5444 3570 9 5 6 10 13 17 20 23 24 25
5534 4458 9 5 6 10 13 17 22 23 24 25
4130 1490 7 5 6 10 13 17 23 24
3968 3586 7 5 6 10 13 17 24 25
4922 5114 10 5 6 10 13 18 20 21 22 23 25
3546 4662 8 5 6 10 13 18 21 22 23
4670 1236 6 5 6 10 13 18 21
3196 3928 8 5 6 10 13 22 23 24 25
4444 2514 6 5 6 10 13 23 24
4282 1828 6 5 6 10 13 24 25
4472 2996 9 5 6 10 14 15 16 17 18 24
5172 2626 8 5 6 10 14 15 16 18 24
4238 3860 9 5 6 10 14 15 17 18 24 25
4938 4028 8 5 6 10 14 15 18 24 25
5404 4144 10 5 6 10 17 18 20 23 24 25 26
1080 5580 8 5 6 11 12 15 19 22 23
2676 2100 9 5 6 11 12 15 19 23 24 26
4360 1868 10 5 6 11 15 16 17 18 21 22 26
2842 5158 12 5 6 11 15 16 17 20 22 23 24 25 26
4050 4078 10 5 6 11 15 16 17 20 23 24 26
3928 4104 10 5 6 11 15 16 17 20 24 25 26
4072 3272 10 5 6 11 15 16 17 22 23 24 26
3972 2526 10 5 6 11 15 16 17 22 24 25 26
4046 5378 10 5 6 11 15 16 17 22 24 25 26
2628 3650 8 5 6 11 15 16 17 24 26
2810 1664 8 5 6 11 15 16 17 24 26
2554 4558 8 5 6 11 15 16 17 24 26
4672 4672 9 5 6 11 15 16 18 20 21 26
2418 2818 9 5 6 11 15 16 18 21 22 26
4722 3258 9 5 6 11 15 16 18 21 22 26
3156 5162 11 5 6 11 15 16 20 22 23 24 25 26
4364 4554 9 5 6 11 15 16 20 23 24 26
4242 3882 9 5 6 11 15 16 20 24 25 26
4434 3584 9 5 6 11 15 16 22 23 24 26
2252 4188 9 5 6 11 15 16 22 23 24 26
2232 3600 9 5 6 11 15 16 22 24 25 26
2152 4880 9 5 6 11 15 16 22 24 25 26
4746 1236 9 5 6 11 15 16 22 24 25 26
4366 4300 9 5 6 11 15 16 22 24 25 26
1804 2082 6 5 6 11 15 16 22
774 5224 7 5 6 11 15 16 24 26
3570 2994 10 5 6 11 15 17 18 21 22 23 26
4048 4068 10 5 6 11 15 17 18 21 22 25 26
2646 5344 8 5 6 11 15 17 18 21 26
3982 2090 10 5 6 11 15 17 20 23 24 25 26
3408 4866 10 5 6 11 15 17 22 23 24 25 26
3384 4550 10 5 6 11 15 17 22 23 24 25 26
2018 2242 10 5 6 11 15 17 22 23 24 25 26
3914 4320 10 5 6 11 15 17 22 23 24 25 26
2648 4412 8 5 6 11 15 17 23 24 26
1990 4844 8 5 6 11 15 17 23 24 26
730 4198 8 5 6 11 15 17 24 25 26
2390 2596 8 5 6 11 15 17 24 25 26
3442 2118 11 5 6 11 15 18 20 21 22 23 25 26
4690 4894 9 5 6 11 15 18 20 21 23 26
4568 2018 9 5 6 11 15 18 20 21 25 26
4222 3074 9 5 6 11 15 18 21 22 23 26
1868 4376 9 5 6 11 15 18 21 22 23 26
2064 4074 9 5 6 11 15 18 21 22 23 26
2222 2240 9 5 6 11 15 18 21 22 23 26
4572 548 9 5 6 11 15 18 21 22 25 26
2100 4112 9 5 6 11 15 18 21 22 25 26
3240 4750 7 5 6 11 15 18 21 26
850 3352 7 5 6 11 15 18 21 26
4296 4792 9 5 6 11 15 20 23 24 25 26
4138 5012 9 5 6 11 15 22 23 24 25 26
4036 4090 9 5 6 11 15 22 23 24 25 26
1868 4736 9 5 6 11 15 22 23 24 25 26
1882 3684 9 5 6 11 15 22 23 24 25 26
4308 2108 9 5 6 11 15 22 23 24 25 26
4108 3482 9 5 6 11 15 22 23 24 25 26
4380 1316 9 5 6 11 15 22 23 24 25 26
1632 3874 6 5 6 11 15 22 23
1578 4220 6 5 6 11 15 22 25
2690 5012 7 5 6 11 15 23 24 26
730 2288 7 5 6 11 15 24 25 26
2798 636 7 5 6 11 15 24 25 26
5470 2212 7 5 6 11 15 24 25 26
494 2832 4 5 6 11 15
2938 4984 9 5 6 12 14 15 17 19 23 24
2576 3466 10 5 6 12 14 15 18 19 21 22 23
2390 2330 10 5 6 12 14 15 19 22 23 24 25
3638 3418 8 5 6 12 14 15 19 23 24
4096 4286 10 5 6 12 16 17 19 20 23 24 26
5244 5182 8 5 6 12 16 17 19 24 26
3962 4712 11 5 6 12 16 18 19 20 21 22 23 26
3724 2408 11 5 6 12 16 19 20 22 23 24 25 26
3694 2446 11 5 6 12 16 19 20 22 23 24 25 26
3352 4472 8 5 6 12 16 19 20 22 23
2276 818 9 5 6 12 16 19 20 23 24 26
4188 1694 10 5 6 12 17 18 19 20 21 23 26
1338 3456 10 5 6 12 17 19 20 23 24 25 26
3986 4798 10 5 6 12 17 19 20 23 24 25 26
5338 2904 8 5 6 12 17 19 23 24 26
5176 5118 8 5 6 12 17 19 24 25 26
3650 3724 11 5 6 12 18 19 20 21 22 23 25 26
3674 3936 11 5 6 12 18 19 20 21 22 23 25 26
2246 2882 9 5 6 12 18 19 20 21 23 26
4760 870 9 5 6 12 18 19 21 22 23 26
3034 5142 8 5 6 12 19 20 22 23 25
2038 2152 9 5 6 12 19 20 23 24 25 26
4342 5090 9 5 6 12 19 20 23 24 25 26
1610 5510 6 5 6 12 19 20 23
4404 3176 9 5 6 12 19 22 23 24 25 26
5324 4864 9 5 6 14 15 16 17 18 21 22
4288 4886 10 5 6 14 15 16 17 18 21 24 26
4242 3048 10 5 6 14 15 16 17 18 21 24 26
3680 3140 11 5 6 14 15 16 17 20 22 23 24 25
4888 4748 9 5 6 14 15 16 17 20 23 24
4764 3916 9 5 6 14 15 16 17 20 24 25
4958 2342 9 5 6 14 15 16 17 22 23 24
5138 3568 9 5 6 14 15 16 17 22 24 25
1026 1478 7 5 6 14 15 16 17 24
3774 2280 7 5 6 14 15 16 17 24
5508 1774 8 5 6 14 15 16 18 20 21
3824 3896 11 5 6 14 15 16 18 21 22 23 24 26
3724 3654 11 5 6 14 15 16 18 21 22 24 25 26
3382 2368 8 5 6 14 15 16 18 21 22
2346 5334 9 5 6 14 15 16 18 21 24 26
5124 4884 9 5 6 14 15 16 18 21 24 26
3998 4992 10 5 6 14 15 16 20 22 23 24 25
5208 4394 8 5 6 14 15 16 20 23 24
5084 3900 8 5 6 14 15 16 20 24 25
5278 4086 8 5 6 14 15 16 22 23 24
3196 1970 8 5 6 14 15 16 22 24 25
1692 3824 6 5 6 14 15 16 24
2892 4706 12 5 6 14 15 17 18 21 22 23 24 25 26
4534 4818 9 5 6 14 15 17 18 21 22 23
5012 4282 9 5 6 14 15 17 18 21 22 25
3602 3510 10 5 6 14 15 17 18 21 23 24 26
1408 4796 10 5 6 14 15 17 18 21 24 25 26
3950 5454 10 5 6 14 15 17 18 21 24 25 26
4086 2132 10 5 6 14 15 17 18 21 24 25 26
3610 864 7 5 6 14 15 17 18 21
4818 2138 9 5 6 14 15 17 20 23 24 25
4932 3820 9 5 6 14 15 17 22 23 24 25
4346 3980 9 5 6 14 15 17 22 23 24 25
2954 1276 7 5 6 14 15 17 23 24
980 3490 7 5 6 14 15 17 24 25
3322 996 7 5 6 14 15 17 24 25
4320 3362 10 5 6 14 15 18 20 21 22 23 25
5528 2838 8 5 6 14 15 18 20 21 23
5404 4062 8 5 6 14 15 18 20 21 25
3014 5280 11 5 6 14 15 18 21 22 23 24 25 26
2906 4308 8 5 6 14 15 18 21 22 23
2592 3206 8 5 6 14 15 18 21 22 23
3064 2930 8 5 6 14 15 18 21 22 25
4302 2646 9 5 6 14 15 18 21 23 24 26
2090 2318 9 5 6 14 15 18 21 24 25 26
2108 2758 9 5 6 14 15 18 21 24 25 26
4786 2456 9 5 6 14 15 18 21 24 25 26
1662 736 6 5 6 14 15 18 21
5138 3860 8 5 6 14 15 20 23 24 25
2406 3834 8 5 6 14 15 22 23 24 25
5102 5118 8 5 6 14 15 22 23 24 25
5162 4160 8 5 6 14 15 22 23 24 25
3654 3570 6 5 6 14 15 23 24
1460 2780 6 5 6 14 15 24 25
3542 2946 10 5 6 16 17 20 22 23 24 25 26
4804 2624 8 5 6 16 17 20 23 24 26
4682 2424 8 5 6 16 17 20 23 24 26
4552 4694 8 5 6 16 17 20 24 25 26
4662 4308 8 5 6 16 17 20 24 25 26
4822 2018 8 5 6 16 17 22 23 24 26
3248 4836 6 5 6 16 17 24 26
4548 4702 9 5 6 16 18 20 21 22 23 26
4478 5562 9 5 6 16 18 20 21 22 25 26
5366 3036 7 5 6 16 18 20 21 26
5416 4554 7 5 6 16 18 21 22 26
3856 1010 9 5 6 16 20 22 23 24 25 26
4280 4418 9 5 6 16 20 22 23 24 25 26
3932 1936 6 5 6 16 20 22 23
3864 5338 6 5 6 16 20 22 25
2856 3374 7 5 6 16 20 23 24 26
5064 4068 7 5 6 16 20 23 24 26
2788 914 7 5 6 16 20 24 25 26
2446 1814 4 5 6 16 20
5134 2884 7 5 6 16 22 23 24 26
5066 902 7 5 6 16 22 24 25 26
3562 4732 5 5 6 16 24 26
5630 4838 10 5 6 17 18 20 21 22 23 25 26
4774 2894 8 5 6 17 18 20 21 23 26
4706 5160 8 5 6 17 18 20 21 25 26
1924 2232 8 5 6 17 20 23 24 25 26
4566 3180 8 5 6 17 20 23 24 25 26
4518 4764 8 5 6 17 20 23 24 25 26
4752 4204 8 5 6 17 22 23 24 25 26
3342 2388 6 5 6 17 23 24 26
3180 4798 6 5 6 17 24 25 26
3688 4108 9 5 6 18 20 21 22 23 25 26
4176 4468 9 5 6 18 20 21 22 23 25 26
2828 3792 7 5 6 18 20 21 23 26
5386 4398 7 5 6 18 20 21 23 26
2758 1810 7 5 6 18 20 21 25 26
3114 3778 7 5 6 18 21 22 23 26
5300 4822 7 5 6 18 21 22 23 26
5266 4366 7 5 6 18 21 22 25 26
3888 5254 5 5 6 18 21 26
3072 2744 6 5 6 20 22 23 25
4750 4112 7 5 6 20 23 24 25 26
4928 1388 7 5 6 20 23 24 25 26
2624 4086 7 5 6 20 23 24 25 26
1624 3238 4 5 6 20 23
2128 4390 4 5 6 20 25
3108 5112 7 5 6 22 23 24 25 26
5066 4542 7 5 6 22 23 24 25 26
3656 2124 5 5 6 23 24 26
3492 5084 5 5 6 24 25 26
778 1502 2 5 6
4786 5050 8 5 7 8 10 11 13 22 23
5304 4134 9 5 7 8 11 20 22 23 25 26
4392 1646 11 5 8 10 13 16 17 20 22 23 24 25
5478 3170 9 5 8 10 13 16 17 20 24 25
5670 1778 9 5 8 10 13 16 17 22 23 24
4104 4376 7 5 8 10 13 16 17 24
4706 4786 10 5 8 10 13 16 20 22 23 24 25
4418 2842 6 5 8 10 13 16 24
5530 5144 9 5 8 10 13 17 20 23 24 25
5602 1086 9 5 8 10 13 17 22 23 24 25
4198 4968 7 5 8 10 13 17 23 24
4034 3612 7 5 8 10 13 17 24 25
4992 2418 10 5 8 10 13 18 20 21 22 23 25
3612 2888 8 5 8 10 13 18 21 22 23
4738 3788 6 5 8 10 13 18 21
3262 2412 8 5 8 10 13 22 23 24 25
4512 5216 6 5 8 10 13 23 24
4348 4174 6 5 8 10 13 24 25
5218 3156 8 5 8 11 15 16 17 24 26
5312 2058 8 5 8 11 15 17 23 24 26
5148 3032 8 5 8 11 15 17 24 25 26
4732 5010 9 5 8 11 15 18 21 22 23 26
4376 2218 9 5 8 11 15 22 23 24 25 26
5462 2216 7 5 8 11 15 24 25 26
5314 2978 8 5 8 12 16 17 19 24 26
5408 2286 8 5 8 12 17 19 23 24 26
5244 2748 8 5 8 12 17 19 24 25 26
4828 2734 9 5 8 12 18 19 21 22 23 26
4472 5228 9 5 8 12 19 22 23 24 25 26
5570 3100 8 5 8 14 15 18 21 22 23
5220 3932 8 5 8 14 15 22 23 24 25
4620 2104 8 5 8 16 17 20 24 25 26
4934 4082 7 5 8 16 20 24 25 26
4714 4916 8 5 8 17 20 23 24 25 26
4130 3582 9 5 8 18 20 21 22 23 25 26
5256 3286 7 5 8 18 20 21 25 26
5408 2608 7 5 8 18 21 22 23 26
5028 4590 7 5 8 20 23 24 25 26
5058 4198 7 5 8 22 23 24 25 26
1430 2198 2 5 8
4664 1774 8 6 7 9 10 11 13 20 25
5010 4038 10 6 7 9 10 13 14 16 18 20 21
4784 1586 10 6 7 9 10 13 14 16 20 24 25
4744 4294 10 6 7 9 10 13 14 18 20 21 25
5242 2986 6 6 7 9 11 14 15
3464 3588 9 6 9 10 11 13 15 17 24 25
4172 4910 8 6 9 10 11 13 15 18 21
3778 3486 8 6 9 10 11 13 15 24 25
4000 4216 9 6 9 10 13 16 17 20 24 25
5350 5326 11 6 9 10 13 16 18 20 21 24 25 26
4926 2100 8 6 9 10 13 16 18 20 21
4700 4234 8 6 9 10 13 16 20 24 25
5054 3010 10 6 9 10 13 18 20 21 22 23 25
3570 3856 8 6 9 10 13 18 20 21 25
3590 2244 6 6 9 11 12 15 19
4050 4376 10 6 9 11 15 16 17 20 24 25 26
4554 2216 9 6 9 11 15 16 18 20 21 26
5420 3042 8 6 9 11 15 16 20 22 23
5234 1724 8 6 9 11 15 16 20 22 25
4158 2198 9 6 9 11 15 16 20 24 25 26
4326 3210 9 6 9 11 15 16 20 24 25 26
3858 4210 6 6 9 11 15 16 20
4124 3670 10 6 9 11 15 17 22 23 24 25 26
5372 1922 8 6 9 11 15 17 23 24 26
2608 3668 8 6 9 11 15 17 24 25 26
4130 4964 9 6 9 11 15 18 20 21 25 26
4690 3592 9 6 9 11 15 18 20 21 25 26
4794 1836 9 6 9 11 15 18 21 22 23 26
4694 5312 9 6 9 11 15 18 21 22 25 26
3310 4622 7 6 9 11 15 18 21 26
4444 4122 8 6 9 11 15 20 22 23 25
3504 2654 6 6 9 11 15 20 25
4438 2852 9 6 9 11 15 22 23 24 25 26
5494 2666 6 6 9 11 15 22 23
5394 3710 6 6 9 11 15 22 25
2922 1994 7 6 9 11 15 24 25 26
4182 2422 10 6 9 12 16 17 19 20 24 25 26
3910 1092 9 6 9 12 16 18 19 20 21 26
4572 1658 8 6 9 12 16 19 20 22 23
4678 3688 8 6 9 12 16 19 20 22 25
3682 3704 9 6 9 12 16 19 20 24 25 26
3254 5096 6 6 9 12 16 19 20
4150 1078 10 6 9 12 17 19 20 23 24 25 26
4860 2576 9 6 9 12 18 19 20 21 23 26
3636 1522 9 6 9 12 18 19 20 21 25 26
4304 3912 8 6 9 12 19 20 22 23 25
4464 824 9 6 9 12 19 20 23 24 25 26
5140 1798 6 6 9 12 19 20 23
2986 1574 6 6 9 12 19 20 25
4422 5058 9 6 9 14 15 16 17 20 24 25
5516 2028 8 6 9 14 15 16 18 20 21
5240 3206 8 6 9 14 15 16 20 24 25
5122 5788 8 6 9 14 15 16 20 24 25
3444 2934 7 6 9 14 15 17 24 25
5092 404 8 6 9 14 15 18 20 21 25
5526 4306 8 6 9 14 15 18 20 21 25
5630 5332 8 6 9 14 15 18 21 22 23
5532 3350 8 6 9 14 15 18 21 22 25
4154 1890 6 6 9 14 15 18 21
5280 3910 8 6 9 14 15 22 23 24 25
3758 5072 6 6 9 14 15 24 25
4768 2588 8 6 9 16 17 20 24 25 26
5580 3966 9 6 9 16 20 22 23 24 25 26
5158 4788 6 6 9 16 20 22 23
5058 2274 6 6 9 16 20 22 25
5080 3488 7 6 9 16 20 24 25 26
4736 5350 8 6 9 17 20 23 24 25 26
5540 3182 9 6 9 18 20 21 22 23 25 26
5366 3610 7 6 9 18 20 21 25 26
4884 4722 6 6 9 20 22 23 25
5050 4580 7 6 9 20 23 24 25 26
2690 2916 8 7 8 9 10 11 12 13 19
5024 4006 9 7 8 9 10 11 13 16 24 26
4092 3784 10 7 8 9 10 11 13 17 24 25 26
4994 3908 9 7 8 9 10 11 13 18 21 26
4766 988 8 7 8 9 10 11 13 22 23
4694 2314 8 7 8 9 10 11 13 22 25
4792 4628 9 7 8 9 10 11 13 24 25 26
2762 5092 10 7 8 9 10 12 13 14 18 19 21
2536 4918 10 7 8 9 10 12 13 14 19 24 25
3338 2420 12 7 8 9 10 13 14 16 17 18 21 24 26
5084 2610 10 7 8 9 10 13 14 16 18 21 22
4038 5594 11 7 8 9 10 13 14 16 18 21 24 26
4858 4610 10 7 8 9 10 13 14 16 22 24 25
3082 2390 12 7 8 9 10 13 14 17 18 21 24 25 26
4294 4548 10 7 8 9 10 13 14 18 21 22 23
4772 3196 10 7 8 9 10 13 14 18 21 22 25
3782 3478 11 7 8 9 10 13 14 18 21 24 25 26
4068 4978 10 7 8 9 10 13 14 22 23 24 25
3206 5088 9 7 8 9 11 12 19 20 25 26
2646 3458 9 7 8 9 11 12 19 20 25 26
3350 4572 9 7 8 9 11 12 19 22 23 26
3252 2814 9 7 8 9 11 12 19 22 25 26
3392 5516 7 7 8 9 11 12 19 26
1828 1034 7 7 8 9 11 12 19 26
2274 2300 10 7 8 9 11 14 15 16 17 24 26
2974 4828 9 7 8 9 11 14 15 16 24 26
2036 3754 10 7 8 9 11 14 15 17 24 25 26
2946 3350 9 7 8 9 11 14 15 18 21 26
2736 1896 9 7 8 9 11 14 15 24 25 26
4968 3206 9 7 8 9 11 16 20 22 25 26
5036 1558 9 7 8 9 11 16 20 22 25 26
5254 3252 8 7 8 9 11 17 20 25 26
4246 3172 9 7 8 9 11 20 22 23 25 26
4178 3688 9 7 8 9 11 20 22 23 25 26
5350 4566 9 7 8 9 11 20 22 23 25 26
3306 2968 7 7 8 9 11 20 25 26
3930 2756 7 7 8 9 11 22 23 26
3832 4840 7 7 8 9 11 22 25 26
2442 4700 5 7 8 9 11 26
1670 2906 10 7 8 9 12 14 16 17 19 24 26
2370 3882 9 7 8 9 12 14 16 19 24 26
1520 1742 10 7 8 9 12 14 17 19 24 25 26
1642 3740 11 7 8 9 12 14 18 19 20 21 25 26
2342 3004 9 7 8 9 12 14 18 19 21 26
2132 688 9 7 8 9 12 14 19 24 25 26
4936 2528 10 7 8 9 13 14 16 17 21 24 26
4704 4534 10 7 8 9 13 14 17 21 24 25 26
5404 2806 9 7 8 9 13 14 21 24 25 26
3074 5236 12 7 8 9 14 16 17 20 22 23 24 25 26
4310 3742 10 7 8 9 14 16 17 20 23 24 26
1586 3694 10 7 8 9 14 16 17 20 24 25 26
4184 2420 10 7 8 9 14 16 17 20 24 25 26
4226 2684 10 7 8 9 14 16 17 20 24 25 26
4180 3602 10 7 8 9 14 16 17 20 24 25 26
3568 1836 10 7 8 9 14 16 17 22 23 24 26
3470 4072 10 7 8 9 14 16 17 22 24 25 26
3970 4504 11 7 8 9 14 16 18 20 21 22 25 26
3774 3188 11 7 8 9 14 16 20 22 23 24 25 26
5010 1618 9 7 8 9 14 16 20 23 24 26
4942 3864 9 7 8 9 14 16 20 24 25 26
2286 5380 9 7 8 9 14 16 20 24 25 26
4268 4380 9 7 8 9 14 16 22 23 24 26
4170 3948 9 7 8 9 14 16 22 24 25 26
4198 3976 10 7 8 9 14 17 18 20 21 25 26
3542 4418 10 7 8 9 14 17 20 23 24 25 26
3412 5284 10 7 8 9 14 17 22 23 24 25 26
3180 3272 11 7 8 9 14 18 20 21 22 23 25 26
3744 3242 11 7 8 9 14 18 20 21 22 23 25 26
4980 1790 9 7 8 9 14 18 20 21 23 26
2256 3784 9 7 8 9 14 18 20 21 25 26
4792 4926 9 7 8 9 14 18 20 21 25 26
4240 1794 9 7 8 9 14 18 21 22 23 26
4140 3456 9 7 8 9 14 18 21 22 25 26
4242 936 9 7 8 9 14 20 23 24 25 26
4036 4796 9 7 8 9 14 22 23 24 25 26
2412 5068 8 7 10 11 12 13 19 22 23
3548 3962 6 7 10 11 12 13 19
5096 3856 8 7 10 11 13 16 17 24 26
5142 3276 8 7 10 11 13 16 17 24 26
4886 5494 9 7 10 11 13 16 18 21 22 26
4422 1792 8 7 10 11 13 16 20 22 25
4718 5058 9 7 10 11 13 16 22 23 24 26
4618 2074 9 7 10 11 13 16 22 24 25 26
4698 5038 9 7 10 11 13 16 22 24 25 26
4276 4178 6 7 10 11 13 16 22
3200 3598 7 7 10 11 13 16 24 26
5112 3622 8 7 10 11 13 17 18 21 26
5112 1282 8 7 10 11 13 17 18 21 26
3786 4198 10 7 10 11 13 17 22 23 24 25 26
5428 1352 7 7 10 11 13 17 22 23
4456 3776 8 7 10 11 13 17 23 24 26
4804 4920 8 7 10 11 13 17 24 25 26
2262 4768 8 7 10 11 13 17 24 25 26
4910 3968 8 7 10 11 13 17 24 25 26
4488 5440 5 7 10 11 13 17
4094 5470 9 7 10 11 13 18 21 22 23 26
4574 1758 9 7 10 11 13 18 21 22 25 26
3170 4446 7 7 10 11 13 18 21 26
4344 1934 8 7 10 11 13 20 22 23 25
2848 2408 6 7 10 11 13 20 25
3908 3054 9 7 10 11 13 22 23 24 25 26
3908 1080 9 7 10 11 13 22 23 24 25 26
2966 3018 6 7 10 11 13 22 23
3958 3504 6 7 10 11 13 22 25
2892 2442 6 7 10 11 13 22 25
5156 2536 7 7 10 11 13 23 24 26
2962 3586 7 7 10 11 13 24 25 26
1474 1586 4 7 10 11 13
5082 4130 4 7 10 11 13
4922 3892 7 7 10 11 18 20 25 26
2766 4994 9 7 10 12 13 14 17 19 23 24
2404 2192 10 7 10 12 13 14 18 19 21 22 23
2218 3534 10 7 10 12 13 14 19 22 23 24 25
3466 3930 8 7 10 12 13 14 19 23 24
2952 4538 12 7 10 13 14 16 17 18 21 22 23 24 26
2852 4070 12 7 10 13 14 16 17 18 21 22 24 25 26
5152 4690 9 7 10 13 14 16 17 18 21 22
4116 4022 10 7 10 13 14 16 17 18 21 24 26
4070 4472 10 7 10 13 14 16 17 18 21 24 26
4070 4000 10 7 10 13 14 16 17 18 21 24 26
4012 3200 10 7 10 13 14 16 17 18 21 24 26
4252 4320 10 7 10 13 14 16 17 18 21 24 26
1474 4886 10 7 10 13 14 16 17 18 21 24 26
5088 4620 9 7 10 13 14 16 17 22 23 24
4966 4210 9 7 10 13 14 16 17 22 24 25
3362 2774 7 7 10 13 14 16 17 24
820 3772 7 7 10 13 14 16 17 24
3652 5314 11 7 10 13 14 16 18 21 22 23 24 26
3552 3772 11 7 10 13 14 16 18 21 22 24 25 26
3552 4418 11 7 10 13 14 16 18 21 22 24 25 26
3210 3362 8 7 10 13 14 16 18 21 22
4712 3246 9 7 10 13 14 16 18 21 24 26
2174 2526 9 7 10 13 14 16 18 21 24 26
2174 1822 9 7 10 13 14 16 18 21 24 26
4952 3180 9 7 10 13 14 16 18 21 24 26
4770 1112 9 7 10 13 14 16 18 21 24 26
5788 4414 8 7 10 13 14 16 22 23 24
3024 3914 8 7 10 13 14 16 22 24 25
5662 3244 8 7 10 13 14 16 22 24 25
1520 1562 6 7 10 13 14 16 24
4062 1804 6 7 10 13 14 16 24
2720 2044 12 7 10 13 14 17 18 21 22 23 24 25 26
4362 3646 9 7 10 13 14 17 18 21 22 23
4840 3950 9 7 10 13 14 17 18 21 22 25
3430 3742 10 7 10 13 14 17 18 21 23 24 26
3860 1724 10 7 10 13 14 17 18 21 24 25 26
3778 5128 10 7 10 13 14 17 18 21 24 25 26
3860 3196 10 7 10 13 14 17 18 21 24 25 26
3860 3316 10 7 10 13 14 17 18 21 24 25 26
3778 1546 10 7 10 13 14 17 18 21 24 25 26
1236 4058 10 7 10 13 14 17 18 21 24 25 26
3778 3520 10 7 10 13 14 17 18 21 24 25 26
1236 2930 10 7 10 13 14 17 18 21 24 25 26
3438 4176 7 7 10 13 14 17 18 21
4230 4932 9 7 10 13 14 17 22 23 24 25
4174 2566 9 7 10 13 14 17 22 23 24 25
5318 4938 7 7 10 13 14 17 23 24
2782 4376 7 7 10 13 14 17 23 24
716 1520 7 7 10 13 14 17 24 25
3124 4588 7 7 10 13 14 17 24 25
2842 5348 11 7 10 13 14 18 21 22 23 24 25 26
2882 4302 11 7 10 13 14 18 21 22 23 24 25 26
4956 4406 8 7 10 13 14 18 21 22 23
2420 2922 8 7 10 13 14 18 21 22 23
4956 3074 8 7 10 13 14 18 21 22 23
5492 3870 8 7 10 13 14 18 21 22 25
2892 2726 8 7 10 13 14 18 21 22 25
4130 2892 9 7 10 13 14 18 21 23 24 26
4130 5478 9 7 10 13 14 18 21 23 24 26
1918 4968 9 7 10 13 14 18 21 24 25 26
4454 3292 9 7 10 13 14 18 21 24 25 26
4454 5030 9 7 10 13 14 18 21 24 25 26
1918 3398 9 7 10 13 14 18 21 24 25 26
1936 4244 9 7 10 13 14 18 21 24 25 26
4032 2342 6 7 10 13 14 18 21
1490 3034 6 7 10 13 14 18 21
2234 4856 8 7 10 13 14 22 23 24 25
3482 4490 6 7 10 13 14 23 24
1288 3690 6 7 10 13 14 24 25
3824 3026 6 7 10 13 14 24 25
3196 4312 10 7 10 14 16 17 18 20 24 25 26
3896 4422 9 7 10 14 16 18 20 24 25 26
4168 5484 7 7 11 12 16 19 20 26
3258 1890 7 7 11 12 16 19 22 26
3470 5294 6 7 11 12 17 19 26
2368 2056 9 7 11 12 19 20 22 23 25 26
3588 5422 7 7 11 12 19 20 23 26
4064 3498 7 7 11 12 19 20 25 26
4162 3516 7 7 11 12 19 22 23 26
2468 1852 7 7 11 12 19 22 23 26
1550 3442 7 7 11 12 19 22 23 26
2940 3842 7 7 11 12 19 22 25 26
1528 1418 5 7 11 12 19 26
2684 5382 5 7 11 12 19 26
4696 4240 5 7 11 13 21 26
2244 4508 10 7 11 14 15 16 17 22 23 24 26
3228 2666 8 7 11 14 15 16 17 24 26
3046 1080 8 7 11 14 15 16 17 24 26
954 4902 8 7 11 14 15 16 17 24 26
2836 4174 9 7 11 14 15 16 18 21 22 26
4908 1394 6 7 11 14 15 16 20
2668 2822 9 7 11 14 15 16 22 23 24 26
2570 3248 9 7 11 14 15 16 22 24 25 26
4866 4620 6 7 11 14 15 16 22
1146 3722 7 7 11 14 15 16 24 26
3790 3408 7 7 11 14 15 16 24 26
3064 3762 8 7 11 14 15 17 18 21 26
2198 2092 10 7 11 14 15 17 22 23 24 25 26
2408 3276 8 7 11 14 15 17 23 24 26
908 3384 8 7 11 14 15 17 24 25 26
2808 3784 8 7 11 14 15 17 24 25 26
5078 4114 5 7 11 14 15 17
2046 716 9 7 11 14 15 18 21 22 23 26
2518 3576 9 7 11 14 15 18 21 22 25 26
3658 5172 7 7 11 14 15 18 21 26
1116 2484 7 7 11 14 15 18 21 26
4806 2892 6 7 11 14 15 20 25
2046 5210 9 7 11 14 15 22 23 24 25 26
4076 4014 6 7 11 14 15 22 23
4548 5268 6 7 11 14 15 22 25
3108 4046 7 7 11 14 15 23 24 26
3552 4090 7 7 11 14 15 24 25 26
914 4068 7 7 11 14 15 24 25 26
3136 3682 4 7 11 14 15
5114 4294 8 7 11 16 17 20 22 25 26
3174 5004 7 7 11 16 20 22 25 26
4748 2842 5 7 11 16 20 26
4838 4418 5 7 11 16 22 26
4324 4392 8 7 11 17 20 22 23 25 26
3384 678 6 7 11 17 20 25 26
5374 4466 6 7 11 17 22 23 26
5276 2596 6 7 11 17 22 25 26
2382 2834 7 7 11 20 22 23 25 26
4990 2746 7 7 11 20 22 23 25 26
3482 3376 7 7 11 20 22 23 25 26
4168 1474 5 7 11 20 23 26
1442 3678 5 7 11 20 25 26
4038 4130 5 7 11 20 25 26
2136 4886 5 7 11 22 23 26
3432 5374 5 7 11 22 23 26
2036 2318 5 7 11 22 25 26
618 3798 3 7 11 26
2072 2246 10 7 12 14 16 17 19 20 23 24 26
2060 3954 10 7 12 14 16 17 19 22 23 24 26
1262 1716 10 7 12 14 16 17 19 22 24 25 26
2402 2138 8 7 12 14 16 17 19 24 26
828 4960 8 7 12 14 16 17 19 24 26
2192 3142 9 7 12 14 16 18 19 21 22 26
2562 4548 9 7 12 14 16 19 20 23 24 26
2060 4932 9 7 12 14 16 19 22 23 24 26
1926 2436 9 7 12 14 16 19 22 24 25 26
828 3928 7 7 12 14 16 19 24 26
2420 3064 8 7 12 14 17 18 19 21 26
1664 3908 10 7 12 14 17 19 20 23 24 25 26
2014 1288 10 7 12 14 17 19 22 23 24 25 26
1852 3648 8 7 12 14 17 19 23 24 26
784 1820 8 7 12 14 17 19 24 25 26
2164 3082 8 7 12 14 17 19 24 25 26
2208 1640 8 7 12 14 17 19 24 25 26
2532 2312 9 7 12 14 18 19 20 21 23 26
1922 3050 9 7 12 14 18 19 21 22 23 26
1874 2518 9 7 12 14 18 19 21 22 25 26
904 3914 7 7 12 14 18 19 21 26
3074 5544 7 7 12 14 18 19 21 26
2324 4038 9 7 12 14 19 20 23 24 25 26
1922 4774 9 7 12 14 19 22 23 24 25 26
2464 4296 7 7 12 14 19 23 24 26
784 5422 7 7 12 14 19 24 25 26
2908 3812 7 7 12 14 19 24 25 26
4550 904 10 7 13 14 16 17 21 22 23 24 26
4452 5450 10 7 13 14 16 17 21 22 24 25 26
3074 2166 8 7 13 14 16 17 21 24 26
5250 4740 9 7 13 14 16 21 22 23 24 26
5152 4700 9 7 13 14 16 21 22 24 25 26
3774 5256 7 7 13 14 16 21 24 26
4318 5074 10 7 13 14 17 21 22 23 24 25 26
5030 1116 8 7 13 14 17 21 23 24 26
2836 3582 8 7 13 14 17 21 24 25 26
4482 4008 9 7 13 14 21 22 23 24 25 26
3536 3466 7 7 13 14 21 24 25 26
4048 3078 10 7 14 16 17 18 20 21 22 25 26
3834 3498 10 7 14 16 17 20 22 23 24 25 26
3880 4526 10 7 14 16 17 20 22 23 24 25 26
3834 2482 10 7 14 16 17 20 22 23 24 25 26
2032 4130 10 7 14 16 17 20 22 23 24 25 26
5042 5150 8 7 14 16 17 20 23 24 26
2816 3706 8 7 14 16 17 20 23 24 26
860 3982 8 7 14 16 17 20 24 25 26
2364 5314 8 7 14 16 17 20 24 25 26
4958 2440 8 7 14 16 17 20 24 25 26
2378 2420 8 7 14 16 17 20 24 25 26
2498 4458 8 7 14 16 17 20 24 25 26
2364 3932 8 7 14 16 17 20 24 25 26
2802 1986 8 7 14 16 17 22 23 24 26
4300 5066 8 7 14 16 17 22 23 24 26
1946 3676 8 7 14 16 17 22 24 25 26
4832 5208 9 7 14 16 18 20 21 22 23 26
2108 2840 9 7 14 16 18 20 21 22 25 26
4702 3208 9 7 14 16 18 20 21 22 25 26
4534 3198 9 7 14 16 20 22 23 24 25 26
2032 1686 9 7 14 16 20 22 23 24 25 26
3148 2808 7 7 14 16 20 23 24 26
860 828 7 7 14 16 20 24 25 26
3198 3758 7 7 14 16 20 24 25 26
2802 2446 7 7 14 16 22 23 24 26
5012 4116 7 7 14 16 22 23 24 26
2308 3074 7 7 14 16 22 24 25 26
3258 4856 10 7 14 17 18 20 21 22 23 25 26
5060 3904 8 7 14 17 18 20 21 23 26
2334 3598 8 7 14 17 18 20 21 25 26
2334 5142 8 7 14 17 18 20 21 25 26
4318 5184 8 7 14 17 18 21 22 23 26
4220 3108 8 7 14 17 18 21 22 25 26
4320 1670 8 7 14 17 20 23 24 25 26
1882 3528 8 7 14 17 20 23 24 25 26
4274 3576 8 7 14 17 20 23 24 25 26
4320 3180 8 7 14 17 20 23 24 25 26
4068 1824 8 7 14 17 22 23 24 25 26
2758 4372 8 7 14 17 22 23 24 25 26
3912 3442 9 7 14 18 20 21 22 23 25 26
1952 4000 9 7 14 18 20 21 22 23 25 26
3118 2856 7 7 14 18 20 21 23 26
936 4438 7 7 14 18 20 21 25 26
3032 1800 7 7 14 18 20 21 25 26
2930 5628 7 7 14 18 20 21 25 26
2878 4532 7 7 14 18 21 22 23 26
4970 730 7 7 14 18 21 22 23 26
2278 5040 7 7 14 18 21 22 25 26
2484 2058 7 7 14 20 23 24 25 26
2910 3236 7 7 14 20 23 24 25 26
2758 2420 7 7 14 22 23 24 25 26
4812 1474 7 7 14 22 23 24 25 26
240 4188 2 7 14
2334 3500 11 8 9 10 12 13 16 17 19 20 24 25
3488 4106 11 8 9 10 12 13 16 17 19 22 24 25
4414 4522 10 8 9 10 12 13 16 18 19 21 22
3340 3542 11 8 9 10 12 13 16 18 19 21 24 26
2648 5308 10 8 9 10 12 13 16 19 20 24 25
4188 2930 10 8 9 10 12 13 16 19 22 24 25
2382 4182 12 8 9 10 12 13 17 18 19 21 24 25 26
4620 2896 9 8 9 10 12 13 17 18 19 21
2408 3034 11 8 9 10 12 13 17 19 22 23 24 25
2382 4472 11 8 9 10 12 13 17 19 22 23 24 25
3658 4746 9 8 9 10 12 13 17 19 23 24
1746 4694 9 8 9 10 12 13 17 19 24 25
3490 1962 9 8 9 10 12 13 17 19 24 25
932 2826 9 8 9 10 12 13 17 19 24 25
2974 4394 10 8 9 10 12 13 18 19 20 21 25
3078 3046 10 8 9 10 12 13 18 19 21 22 23
3092 3786 10 8 9 10 12 13 18 19 21 22 23
2980 4664 10 8 9 10 12 13 18 19 21 22 25
3020 2064 10 8 9 10 12 13 18 19 21 22 25
3082 4428 11 8 9 10 12 13 18 19 21 24 25 26
4138 2744 8 8 9 10 12 13 18 19 21
1596 2744 8 8 9 10 12 13 18 19 21
3398 2520 10 8 9 10 12 13 19 22 23 24 25
2696 5036 10 8 9 10 12 13 19 22 23 24 25
3970 3602 8 8 9 10 12 13 19 23 24
1206 3644 8 8 9 10 12 13 19 24 25
2446 1952 8 8 9 10 12 13 19 24 25
3742 4938 8 8 9 10 12 13 19 24 25
4712 1978 12 8 9 10 13 16 17 18 21 22 24 25 26
4412 3036 11 8 9 10 13 16 17 20 22 23 24 25
4074 5310 9 8 9 10 13 16 17 22 24 25
5128 2174 10 8 9 10 13 16 18 20 21 22 25
5430 4186 11 8 9 10 13 16 18 21 22 23 24 26
5412 3904 11 8 9 10 13 16 18 21 22 24 25 26
5344 5148 11 8 9 10 13 16 18 21 22 24 25 26
5332 1844 11 8 9 10 13 16 18 21 22 24 25 26
5000 5256 8 8 9 10 13 16 18 21 22
3954 4482 9 8 9 10 13 16 18 21 24 26
4726 5200 10 8 9 10 13 16 20 22 23 24 25
4774 4318 8 8 9 10 13 16 22 24 25
3920 240 12 8 9 10 13 17 18 21 22 23 24 25 26
5210 4094 10 8 9 10 13 17 18 21 23 24 26
2996 3742 10 8 9 10 13 17 18 21 24 25 26
2968 4670 9 8 9 10 13 17 22 23 24 25
5050 3324 10 8 9 10 13 18 20 21 22 23 25
4620 1520 11 8 9 10 13 18 21 22 23 24 25 26
4632 5052 11 8 9 10 13 18 21 22 23 24 25 26
3672 3838 8 8 9 10 13 18 21 22 23
3600 5324 8 8 9 10 13 18 21 22 25
3696 4374 9 8 9 10 13 18 21 24 25 26
3282 2200 8 8 9 10 13 22 23 24 25
4974 914 10 8 9 10 16 17 18 20 24 25 26
3352 4874 8 8 9 11 12 15 16 19 22
2276 3124 9 8 9 11 12 15 16 19 24 26
2246 3334 9 8 9 11 12 15 18 19 21 26
2300 5662 9 8 9 11 12 15 18 19 21 26
2562 1874 8 8 9 11 12 15 19 22 23
3034 2494 8 8 9 11 12 15 19 22 25
2038 3680 9 8 9 11 12 15 19 24 25 26
1610 2728 6 8 9 11 12 15 19
4022 4788 10 8 9 11 15 16 17 20 24 25 26
4136 2046 10 8 9 11 15 16 17 22 23 24 26
4106 1442 10 8 9 11 15 16 17 22 24 25 26
4038 4694 10 8 9 11 15 16 17 22 24 25 26
2648 3344 8 8 9 11 15 16 17 24 26
4784 4922 8 8 9 11 15 16 17 24 26
4766 3014 9 8 9 11 15 16 18 20 21 26
4576 5366 9 8 9 11 15 16 18 21 22 26
4628 3932 9 8 9 11 15 16 18 21 22 26
4336 1882 9 8 9 11 15 16 20 24 25 26
4380 3280 9 8 9 11 15 16 22 23 24 26
4348 2648 9 8 9 11 15 16 22 24 25 26
4280 4278 9 8 9 11 15 16 22 24 25 26
3932 3854 6 8 9 11 15 16 22
2884 3104 7 8 9 11 15 16 24 26
5484 4786 7 8 9 11 15 16 24 26
4802 2800 8 8 9 11 15 17 18 21 26
4068 3092 10 8 9 11 15 17 22 23 24 25 26
3442 4344 10 8 9 11 15 17 22 23 24 25 26
4146 4748 8 8 9 11 15 17 23 24 26
1952 5108 8 8 9 11 15 17 24 25 26
4662 5146 9 8 9 11 15 18 20 21 25 26
3784 2174 9 8 9 11 15 18 21 22 23 26
4418 1520 9 8 9 11 15 18 21 22 23 26
4252 4208 9 8 9 11 15 18 21 22 25 26
4310 2140 9 8 9 11 15 18 21 22 25 26
2856 192 7 8 9 11 15 18 21 26
4394 4846 9 8 9 11 15 22 23 24 25 26
3598 3074 9 8 9 11 15 22 23 24 25 26
3610 3692 9 8 9 11 15 22 23 24 25 26
4142 2842 9 8 9 11 15 22 23 24 25 26
3142 2574 6 8 9 11 15 22 23
3620 3784 6 8 9 11 15 22 25
4846 2490 7 8 9 11 15 23 24 26
2894 3002 7 8 9 11 15 24 25 26
2652 2642 7 8 9 11 15 24 25 26
4938 2054 9 8 9 12 13 16 19 21 24 26
4006 2884 10 8 9 12 13 17 19 21 24 25 26
4112 1790 10 8 9 12 13 17 19 21 24 25 26
5224 4074 8 8 9 12 13 19 21 22 23
4426 2136 9 8 9 12 13 19 21 24 25 26
4272 4254 6 8 9 12 13 19 21
2842 1742 9 8 9 12 14 15 17 19 24 25
3262 1946 8 8 9 12 14 15 18 19 21
3036 5054 8 8 9 12 14 15 19 24 25
2996 2272 12 8 9 12 16 17 19 20 22 23 24 25 26
2996 2108 12 8 9 12 16 17 19 20 22 23 24 25 26
4204 2382 10 8 9 12 16 17 19 20 23 24 26
3664 5334 10 8 9 12 16 17 19 20 24 25 26
3482 2890 10 8 9 12 16 17 19 20 24 25 26
3528 2560 10 8 9 12 16 17 19 20 24 25 26
1478 1778 10 8 9 12 16 17 19 20 24 25 26
4274 3824 10 8 9 12 16 17 19 22 23 24 26
4302 5208 10 8 9 12 16 17 19 22 23 24 26
4256 5234 10 8 9 12 16 17 19 22 24 25 26
4176 1614 10 8 9 12 16 17 19 22 24 25 26
5562 3724 8 8 9 12 16 17 19 24 26
2786 2656 8 8 9 12 16 17 19 24 26
3272 2278 11 8 9 12 16 18 19 20 21 22 25 26
4876 3546 9 8 9 12 16 18 19 20 21 26
3972 2382 9 8 9 12 16 18 19 21 22 26
4964 4294 9 8 9 12 16 18 19 21 22 26
3104 352 11 8 9 12 16 19 20 22 23 24 25 26
3104 1866 11 8 9 12 16 19 20 22 23 24 25 26
3104 5168 11 8 9 12 16 19 20 22 23 24 25 26
5388 3452 8 8 9 12 16 19 20 22 23
2662 1762 8 8 9 12 16 19 20 22 25
4312 4204 9 8 9 12 16 19 20 23 24 26
1586 4544 9 8 9 12 16 19 20 24 25 26
1792 3040 9 8 9 12 16 19 20 24 25 26
3598 4138 9 8 9 12 16 19 22 23 24 26
3570 2956 9 8 9 12 16 19 22 23 24 26
3804 3108 9 8 9 12 16 19 22 23 24 26
4588 2246 9 8 9 12 16 19 22 23 24 26
3472 4840 9 8 9 12 16 19 22 24 25 26
3704 5260 9 8 9 12 16 19 22 24 25 26
3784 4792 9 8 9 12 16 19 22 24 25 26
3328 4958 6 8 9 12 16 19 22
2280 3736 7 8 9 12 16 19 24 26
3498 2452 10 8 9 12 17 18 19 20 21 25 26
4198 3526 8 8 9 12 17 18 19 21 26
3374 4382 10 8 9 12 17 19 20 23 24 25 26
4134 4810 10 8 9 12 17 19 20 23 24 25 26
2842 2644 10 8 9 12 17 19 20 23 24 25 26
4162 2332 10 8 9 12 17 19 20 23 24 25 26
1552 2014 10 8 9 12 17 19 22 23 24 25 26
2838 1778 10 8 9 12 17 19 22 23 24 25 26
1990 3606 10 8 9 12 17 19 22 23 24 25 26
2666 5134 10 8 9 12 17 19 22 23 24 25 26
4150 3346 10 8 9 12 17 19 22 23 24 25 26
2800 3824 8 8 9 12 17 19 23 24 26
2732 990 8 8 9 12 17 19 24 25 26
700 4508 8 8 9 12 17 19 24 25 26
2716 932 8 8 9 12 17 19 24 25 26
1348 718 8 8 9 12 17 19 24 25 26
3942 5222 8 8 9 12 17 19 24 25 26
3074 1758 11 8 9 12 18 19 20 21 22 23 25 26
3074 3744 11 8 9 12 18 19 20 21 22 23 25 26
3052 3458 11 8 9 12 18 19 20 21 22 23 25 26
2482 1610 11 8 9 12 18 19 20 21 22 23 25 26
4282 4680 9 8 9 12 18 19 20 21 23 26
4844 3144 9 8 9 12 18 19 20 21 23 26
1558 4256 9 8 9 12 18 19 20 21 25 26
4654 4242 9 8 9 12 18 19 20 21 25 26
4156 2832 9 8 9 12 18 19 20 21 25 26
2112 4748 9 8 9 12 18 19 20 21 25 26
4112 2836 9 8 9 12 18 19 20 21 25 26
4716 5478 9 8 9 12 18 19 20 21 25 26
3568 2038 9 8 9 12 18 19 21 22 23 26
2256 4934 9 8 9 12 18 19 21 22 23 26
3180 2050 9 8 9 12 18 19 21 22 23 26
2244 4112 9 8 9 12 18 19 21 22 23 26
2216 4142 9 8 9 12 18 19 21 22 23 26
3540 4894 9 8 9 12 18 19 21 22 23 26
2158 2688 9 8 9 12 18 19 21 22 25 26
4722 1836 9 8 9 12 18 19 21 22 25 26
2118 2926 9 8 9 12 18 19 21 22 25 26
4660 1434 9 8 9 12 18 19 21 22 25 26
814 2230 7 8 9 12 18 19 21 26
4856 4530 7 8 9 12 18 19 21 26
5050 1152 8 8 9 12 19 20 22 23 25
1872 1338 8 8 9 12 19 20 22 23 25
5070 2040 8 8 9 12 19 20 22 23 25
4470 1658 8 8 9 12 19 20 22 23 25
4074 3656 9 8 9 12 19 20 23 24 25 26
3542 2406 9 8 9 12 19 20 23 24 25 26
3646 4898 6 8 9 12 19 20 23
920 5014 6 8 9 12 19 20 25
3576 2610 6 8 9 12 19 20 25
3332 4478 9 8 9 12 19 22 23 24 25 26
4562 962 9 8 9 12 19 22 23 24 25 26
1866 4832 9 8 9 12 19 22 23 24 25 26
4472 4434 9 8 9 12 19 22 23 24 25 26
1978 2222 9 8 9 12 19 22 23 24 25 26
4464 2966 9 8 9 12 19 22 23 24 25 26
1894 3660 9 8 9 12 19 22 23 24 25 26
1896 3802 9 8 9 12 19 22 23 24 25 26
2538 4116 6 8 9 12 19 22 23
2804 2450 6 8 9 12 19 22 25
3114 2252 7 8 9 12 19 23 24 26
688 3876 7 8 9 12 19 24 25 26
4646 2414 7 8 9 12 19 24 25 26
3030 2624 7 8 9 12 19 24 25 26
2048 4348 7 8 9 12 19 24 25 26
3002 4168 7 8 9 12 19 24 25 26
4614 3074 8 8 9 13 17 21 24 25 26
5040 2336 7 8 9 13 21 24 25 26
4994 5228 9 8 9 14 15 16 17 22 24 25
5590 3226 8 8 9 14 15 16 18 21 22
4544 5266 9 8 9 14 15 16 18 21 24 26
5314 2696 8 8 9 14 15 16 22 24 25
3606 3620 10 8 9 14 15 17 18 21 24 25 26
4918 2838 9 8 9 14 15 17 22 23 24 25
4800 4006 8 8 9 14 15 18 21 22 23
5272 3438 8 8 9 14 15 18 21 22 25
4286 2138 9 8 9 14 15 18 21 24 25 26
4574 5304 8 8 9 14 15 22 23 24 25
3610 2712 10 8 9 16 17 20 22 23 24 25 26
5612 5494 10 8 9 16 17 20 22 23 24 25 26
3582 4282 10 8 9 16 17 20 22 23 24 25 26
4818 2652 8 8 9 16 17 20 23 24 26
2086 5080 8 8 9 16 17 20 24 25 26
4096 1788 8 8 9 16 17 20 24 25 26
4888 5082 8 8 9 16 17 22 23 24 26
4790 3744 8 8 9 16 17 22 24 25 26
3886 4750 9 8 9 16 18 20 21 22 25 26
4254 3112 9 8 9 16 18 20 21 22 25 26
5544 4036 7 8 9 16 18 21 22 26
3690 4984 9 8 9 16 20 22 23 24 25 26
3718 2462 9 8 9 16 20 22 23 24 25 26
3242 4818 6 8 9 16 20 22 25
4926 3144 7 8 9 16 20 23 24 26
2196 2250 7 8 9 16 20 24 25 26
4796 4282 7 8 9 16 20 24 25 26
5182 2918 7 8 9 16 20 24 25 26
4184 3350 7 8 9 16 22 23 24 26
4086 3128 7 8 9 16 22 24 25 26
5156 2268 7 8 9 16 22 24 25 26
5036 980 10 8 9 17 18 20 21 22 23 25 26
5630 3630 10 8 9 17 18 20 21 22 23 25 26
4112 4552 8 8 9 17 18 20 21 25 26
3456 3884 8 8 9 17 20 23 24 25 26
4748 1774 8 8 9 17 20 23 24 25 26
2232 4862 8 8 9 17 22 23 24 25 26
4736 4970 8 8 9 17 22 23 24 25 26
4832 4188 8 8 9 17 22 23 24 25 26
3246 3834 8 8 9 17 22 23 24 25 26
3408 3918 6 8 9 17 23 24 26
988 4696 6 8 9 17 24 25 26
3108 5208 9 8 9 18 20 21 22 23 25 26
3096 3630 9 8 9 18 20 21 22 23 25 26
3688 4158 9 8 9 18 20 21 22 23 25 26
4216 5100 9 8 9 18 20 21 22 23 25 26
4896 4574 7 8 9 18 20 21 23 26
4766 2172 7 8 9 18 20 21 25 26
2726 4048 7 8 9 18 20 21 25 26
2166 4926 7 8 9 18 20 21 25 26
5378 4784 7 8 9 18 21 22 23 26
2830 4336 7 8 9 18 21 22 23 26
2732 3428 7 8 9 18 21 22 25 26
2744 2938 7 8 9 18 21 22 25 26
1352 4370 5 8 9 18 21 26
2452 4784 6 8 9 20 22 23 25
5056 2618 6 8 9 20 22 23 25
5074 4726 7 8 9 20 23 24 25 26
4156 4054 7 8 9 20 23 24 25 26
5146 4756 7 8 9 22 23 24 25 26
2446 5126 7 8 9 22 23 24 25 26
5050 3688 7 8 9 22 23 24 25 26
5078 1642 7 8 9 22 23 24 25 26
3722 5068 5 8 9 23 24 26
974 5358 5 8 9 24 25 26
3054 3034 9 10 11 13 15 16 17 20 24 25
3172 4138 9 10 11 13 15 16 17 22 23 24
3098 3314 9 10 11 13 15 16 17 22 24 25
1680 2072 7 10 11 13 15 16 17 24
4258 3172 7 10 11 13 15 16 17 24
3798 3880 8 10 11 13 15 16 18 20 21
3848 916 8 10 11 13 15 16 18 21 22
3368 4454 8 10 11 13 15 16 20 24 25
3486 1474 8 10 11 13 15 16 22 23 24
3412 2656 8 10 11 13 15 16 22 24 25
1994 1698 6 10 11 13 15 16 24
4570 1574 6 10 11 13 15 16 24
3104 5308 9 10 11 13 15 17 22 23 24 25
4350 4908 7 10 11 13 15 17 23 24
1614 4290 7 10 11 13 15 17 24 25
4150 4140 7 10 11 13 15 17 24 25
3696 4800 8 10 11 13 15 18 20 21 25
3772 3610 8 10 11 13 15 18 21 22 23
3702 3824 8 10 11 13 15 18 21 22 25
2318 2378 6 10 11 13 15 18 21
4860 5250 6 10 11 13 15 18 21
3416 3148 8 10 11 13 15 22 23 24 25
4664 2236 6 10 11 13 15 23 24
4504 4562 6 10 11 13 15 24 25
1928 3072 6 10 11 13 15 24 25
3842 3936 8 10 11 15 16 17 18 24 26
4542 3466 7 10 11 15 16 18 24 26
3604 3968 8 10 11 15 17 18 24 25 26
4304 5384 7 10 11 15 18 24 25 26
2016 4928 11 10 12 13 16 17 19 20 22 23 24 25
3226 4096 9 10 12 13 16 17 19 20 23 24
3188 3414 9 10 12 13 16 17 19 20 24 25
3152 3132 9 10 12 13 16 17 19 20 24 25
3270 3410 9 10 12 13 16 17 19 22 23 24
3196 3952 9 10 12 13 16 17 19 22 24 25
1778 4736 7 10 12 13 16 17 19 24
4556 3246 7 10 12 13 16 17 19 24
3896 784 8 10 12 13 16 18 19 20 21
2982 5410 11 10 12 13 16 18 19 21 22 23 24 26
3946 2182 8 10 12 13 16 18 19 21 22
2330 1956 10 10 12 13 16 19 20 22 23 24 25
3538 3196 8 10 12 13 16 19 20 23 24
3466 4488 8 10 12 13 16 19 20 24 25
3584 4302 8 10 12 13 16 19 22 23 24
3510 4918 8 10 12 13 16 19 22 24 25
4628 3600 6 10 12 13 16 19 24
2092 2708 6 10 12 13 16 19 24
4262 5148 9 10 12 13 17 18 19 21 22 23
3314 4556 10 10 12 13 17 18 19 21 23 24 26
3156 4220 9 10 12 13 17 19 20 23 24 25
3226 3204 9 10 12 13 17 19 22 23 24 25
3200 1596 9 10 12 13 17 19 22 23 24 25
4446 4636 7 10 12 13 17 19 23 24
1822 4706 7 10 12 13 17 19 23 24
4398 2752 7 10 12 13 17 19 23 24
2676 4744 7 10 12 13 17 19 23 24
1710 4860 7 10 12 13 17 19 24 25
4286 4268 7 10 12 13 17 19 24 25
2618 1610 10 10 12 13 18 19 20 21 22 23 25
3866 4402 8 10 12 13 18 19 20 21 23
3792 1000 8 10 12 13 18 19 20 21 25
2766 3538 11 10 12 13 18 19 21 22 23 24 25 26
2744 5242 11 10 12 13 18 19 21 22 23 24 25 26
2314 2786 8 10 12 13 18 19 21 22 23
3820 3264 8 10 12 13 18 19 21 22 23
1238 2288 8 10 12 13 18 19 21 22 23
3798 4112 8 10 12 13 18 19 21 22 25
4014 3664 9 10 12 13 18 19 21 23 24 26
2414 2438 6 10 12 13 18 19 21
3470 4024 8 10 12 13 19 20 23 24 25
3512 1160 8 10 12 13 19 22 23 24 25
1016 4994 8 10 12 13 19 22 23 24 25
3376 3724 6 10 12 13 19 23 24
2136 3990 6 10 12 13 19 23 24
2024 3794 6 10 12 13 19 24 25
3198 4544 8 10 12 16 17 18 19 24 26
3898 5350 7 10 12 16 18 19 24 26
2960 3254 8 10 12 17 18 19 24 25 26
3660 2750 7 10 12 18 19 24 25 26
5508 3880 10 10 13 16 17 18 21 22 23 24 26
5462 2382 10 10 13 16 17 18 21 22 23 24 26
5364 4360 10 10 13 16 17 18 21 22 24 25 26
5410 4300 10 10 13 16 17 18 21 22 24 25 26
5410 5412 10 10 13 16 17 18 21 22 24 25 26
5068 4172 7 10 13 16 17 18 21 22
3984 2102 8 10 13 16 17 18 21 24 26
4032 2518 8 10 13 16 17 18 21 24 26
2576 4712 9 10 13 16 17 20 22 23 24 25
5184 3074 9 10 13 16 17 20 22 23 24 25
5228 2554 9 10 13 16 17 20 22 23 24 25
3786 2732 7 10 13 16 17 20 23 24
3622 4310 7 10 13 16 17 20 24 25
1080 5066 7 10 13 16 17 20 24 25
3856 3432 7 10 13 16 17 22 23 24
3782 3606 7 10 13 16 17 22 24 25
3272 2470 5 10 13 16 17 24
736 3262 5 10 13 16 17 24
3248 4866 8 10 13 16 18 20 21 22 25
4400 4398 6 10 13 16 18 20 21
3568 5132 9 10 13 16 18 21 22 23 24 26
3468 5024 9 10 13 16 18 21 22 24 25 26
3120 3348 6 10 13 16 18 21 22
2084 2798 7 10 13 16 18 21 24 26
4626 4940 7 10 13 16 18 21 24 26
2890 3954 8 10 13 16 20 22 23 24 25
5544 1846 8 10 13 16 20 22 23 24 25
5498 4258 8 10 13 16 20 22 23 24 25
4098 4228 6 10 13 16 20 23 24
1394 2390 6 10 13 16 20 24 25
4170 3058 6 10 13 16 22 23 24
2934 2484 6 10 13 16 22 24 25
2596 2952 4 10 13 16 24
1436 2034 4 10 13 16 24
5276 2256 10 10 13 17 18 21 22 23 24 25 26
4740 5530 10 10 13 17 18 21 22 23 24 25 26
4700 4030 10 10 13 17 18 21 22 23 24 25 26
4754 5316 10 10 13 17 18 21 22 23 24 25 26
4700 3604 10 10 13 17 18 21 22 23 24 25 26
2630 2656 10 10 13 17 18 21 22 23 24 25 26
4276 3248 7 10 13 17 18 21 22 23
4750 5136 7 10 13 17 18 21 22 25
3346 5092 8 10 13 17 18 21 23 24 26
1152 3470 8 10 13 17 18 21 24 25 26
3688 2836 8 10 13 17 18 21 24 25 26
3688 3002 8 10 13 17 18 21 24 25 26
3348 4766 5 10 13 17 18 21
3716 4552 7 10 13 17 20 23 24 25
3786 4464 7 10 13 17 22 23 24 25
3830 3482 7 10 13 17 22 23 24 25
2376 2778 5 10 13 17 23 24
2692 3932 5 10 13 17 23 24
2174 4036 5 10 13 17 24 25
2334 3834 5 10 13 17 24 25
498 3998 5 10 13 17 24 25
442 3268 5 10 13 17 24 25
3170 2668 8 10 13 18 20 21 22 23 25
4420 4932 6 10 13 18 20 21 23
4256 2318 6 10 13 18 20 21 25
1720 3508 6 10 13 18 20 21 25
2798 3408 9 10 13 18 21 22 23 24 25 26
2758 3642 9 10 13 18 21 22 23 24 25 26
3330 3096 9 10 13 18 21 22 23 24 25 26
1798 1132 6 10 13 18 21 22 23
2330 4974 6 10 13 18 21 22 23
4872 4486 6 10 13 18 21 22 23
1724 2974 6 10 13 18 21 22 25
4302 4340 6 10 13 18 21 22 25
4046 3898 7 10 13 18 21 23 24 26
1828 814 7 10 13 18 21 24 25 26
4428 5050 7 10 13 18 21 24 25 26
4388 2412 7 10 13 18 21 24 25 26
4530 3658 7 10 13 18 21 24 25 26
4370 4482 7 10 13 18 21 24 25 26
2884 2038 4 10 13 18 21
556 4880 4 10 13 18 21
4030 4804 6 10 13 20 23 24 25
4054 2046 6 10 13 22 23 24 25
2142 2060 6 10 13 22 23 24 25
1588 2874 6 10 13 22 23 24 25
5386 2868 6 10 13 22 23 24 25
2690 3858 4 10 13 23 24
430 3696 4 10 13 24 25
3900 3476 4 10 13 24 25
4804 2480 7 10 14 15 16 17 18 24
4566 2360 7 10 14 15 17 18 24 25
5266 1586 6 10 14 15 18 24 25
4628 3468 10 10 16 17 18 20 22 23 24 25 26
3112 2056 8 10 16 17 18 20 24 25 26
5096 2586 8 10 16 17 18 22 23 24 26
4996 4156 8 10 16 17 18 22 24 25 26
5328 5526 9 10 16 18 20 22 23 24 25 26
3812 5364 7 10 16 18 20 24 25 26
5068 2276 8 10 17 18 20 23 24 25 26
4864 3164 8 10 17 18 22 23 24 25 26
1546 5432 2 10 18
2890 2244 8 11 12 15 16 17 19 24 26
1998 4768 9 11 12 15 16 19 22 23 24 26
3204 2334 7 11 12 15 16 19 24 26
2302 2360 8 11 12 15 17 19 23 24 26
2824 2570 8 11 12 15 17 19 24 25 26
1970 4428 9 11 12 15 18 19 21 22 23 26
1942 2274 9 11 12 15 18 19 21 22 23 26
3534 4352 7 11 12 15 18 19 21 26
1754 3352 9 11 12 15 19 22 23 24 25 26
2002 2816 9 11 12 15 19 22 23 24 25 26
1332 4838 6 11 12 15 19 22 23
3002 1596 7 11 12 15 19 23 24 26
3138 2950 7 11 12 15 19 24 25 26
4902 5238 8 11 13 15 16 17 21 24 26
5216 4370 7 11 13 15 16 21 24 26
4834 3930 8 11 13 15 17 21 24 25 26
5148 3352 7 11 13 15 21 24 25 26
4694 3676 8 11 15 16 17 18 21 22 26
3714 3830 10 11 15 16 17 20 22 23 24 25 26
3686 2930 10 11 15 16 17 20 22 23 24 25 26
4898 3982 8 11 15 16 17 20 23 24 26
4856 2608 8 11 15 16 17 20 24 25 26
4850 430 8 11 15 16 17 20 24 25 26
4810 854 8 11 15 16 17 20 24 25 26
2198 5234 8 11 15 16 17 20 24 25 26
2232 4264 8 11 15 16 17 20 24 25 26
2342 3308 8 11 15 16 17 22 23 24 26
4632 2388 8 11 15 16 17 22 23 24 26
4918 4638 8 11 15 16 17 22 23 24 26
2242 2732 8 11 15 16 17 22 24 25 26
4894 3742 8 11 15 16 17 22 24 25 26
4508 4242 8 11 15 16 17 22 24 25 26
4896 3732 8 11 15 16 17 22 24 25 26
4818 1430 8 11 15 16 17 22 24 25 26
818 2084 6 11 15 16 17 24 26
2956 4294 6 11 15 16 17 24 26
3476 4394 6 11 15 16 17 24 26
4392 3252 9 11 15 16 18 20 21 22 23 26
4360 4802 9 11 15 16 18 20 21 22 25 26
4320 4784 9 11 15 16 18 20 21 22 25 26
5478 4294 7 11 15 16 18 20 21 26
2936 3892 7 11 15 16 18 20 21 26
2986 2576 7 11 15 16 18 21 22 26
2746 5050 7 11 15 16 18 21 22 26
4028 4488 9 11 15 16 20 22 23 24 25 26
4000 598 9 11 15 16 20 22 23 24 25 26
5212 4644 7 11 15 16 20 23 24 26
5284 2174 7 11 15 16 20 23 24 26
2512 3710 7 11 15 16 20 24 25 26
2514 3678 7 11 15 16 20 24 25 26
5200 3892 7 11 15 16 20 24 25 26
2578 1032 7 11 15 16 22 23 24 26
5280 3894 7 11 15 16 22 23 24 26
2656 2560 7 11 15 16 22 23 24 26
5208 3774 7 11 15 16 22 24 25 26
2480 2434 7 11 15 16 22 24 25 26
5210 4706 7 11 15 16 22 24 25 26
2560 1332 7 11 15 16 22 24 25 26
2556 4570 7 11 15 16 22 24 25 26
5208 2474 7 11 15 16 22 24 25 26
2138 5152 4 11 15 16 22
1132 3114 5 11 15 16 24 26
1062 2816 5 11 15 16 24 26
3904 4714 8 11 15 17 18 21 22 23 26
4376 4362 8 11 15 17 18 21 22 25 26
2974 3672 6 11 15 17 18 21 26
4868 5358 8 11 15 17 20 23 24 25 26
4828 2934 8 11 15 17 20 23 24 25 26
3772 5284 8 11 15 17 22 23 24 25 26
1962 5410 8 11 15 17 22 23 24 25 26
3742 4580 8 11 15 17 22 23 24 25 26
4940 5386 8 11 15 17 22 23 24 25 26
2318 3946 6 11 15 17 23 24 26
672 668 6 11 15 17 24 25 26
752 2666 6 11 15 17 24 25 26
4330 5334 9 11 15 18 20 21 22 23 25 26
4290 2108 9 11 15 18 20 21 22 23 25 26
5538 1834 7 11 15 18 20 21 23 26
5376 4682 7 11 15 18 20 21 25 26
2834 3034 7 11 15 18 20 21 25 26
2834 730 7 11 15 18 20 21 25 26
2910 4446 7 11 15 18 21 22 23 26
5092 3376 7 11 15 18 21 22 23 26
1956 2132 7 11 15 18 21 22 23 26
2978 3970 7 11 15 18 21 22 23 26
5608 3020 7 11 15 18 21 22 23 26
2450 4736 7 11 15 18 21 22 25 26
2434 4744 7 11 15 18 21 22 25 26
5422 5024 7 11 15 18 21 22 25 26
5382 5540 7 11 15 18 21 22 25 26
1032 2788 5 11 15 18 21 26
5170 3174 7 11 15 20 23 24 25 26
5142 4698 7 11 15 20 23 24 25 26
5044 4818 7 11 15 22 23 24 25 26
2588 2498 7 11 15 22 23 24 25 26
5212 3730 7 11 15 22 23 24 25 26
1810 2052 7 11 15 22 23 24 25 26
2560 3210 7 11 15 22 23 24 25 26
2346 2674 7 11 15 22 23 24 25 26
1574 5534 4 11 15 22 23
1820 3122 4 11 15 22 25
3018 3382 5 11 15 23 24 26
824 2174 5 11 15 24 25 26
1066 3504 5 11 15 24 25 26
3526 5102 5 11 15 24 25 26
436 3180 2 11 15
5000 4136 8 12 13 16 17 19 21 24 26
4580 1632 9 12 13 16 19 21 22 23 24 26
5314 4256 7 12 13 16 19 21 24 26
3648 5156 10 12 13 17 19 21 22 23 24 25 26
4930 4690 8 12 13 17 19 21 23 24 26
4930 1822 8 12 13 17 19 21 24 25 26
4068 3204 9 12 13 19 21 22 23 24 25 26
4348 4810 9 12 13 19 21 22 23 24 25 26
3914 1916 6 12 13 19 21 22 23
5358 3984 7 12 13 19 21 23 24 26
5244 5410 7 12 13 19 21 24 25 26
3730 4320 7 12 14 15 16 17 19 24
4050 2570 6 12 14 15 16 19 24
3266 4790 7 12 14 15 17 19 23 24
3660 2506 7 12 14 15 17 19 24 25
2904 3610 8 12 14 15 18 19 21 22 23
4370 2300 6 12 14 15 18 19 21
2718 2180 8 12 14 15 19 22 23 24 25
3966 5106 6 12 14 15 19 23 24
3980 4182 6 12 14 15 19 24 25
4050 1692 8 12 16 17 18 19 21 22 26
3784 2558 10 12 16 17 19 20 22 23 24 25 26
3164 2830 10 12 16 17 19 20 22 23 24 25 26
3316 2308 10 12 16 17 19 20 22 23 24 25 26
3812 3778 10 12 16 17 19 20 22 23 24 25 26
1160 3168 10 12 16 17 19 20 22 23 24 25 26
4994 4164 8 12 16 17 19 20 23 24 26
4372 4296 8 12 16 17 19 20 23 24 26
2368 5382 8 12 16 17 19 20 23 24 26
2296 2208 8 12 16 17 19 20 24 25 26
5072 4952 8 12 16 17 19 20 24 25 26
2296 4964 8 12 16 17 19 20 24 25 26
3678 4348 8 12 16 17 19 22 23 24 26
3988 2018 8 12 16 17 19 22 23 24 26
3882 3568 8 12 16 17 19 22 23 24 26
2440 3336 8 12 16 17 19 22 23 24 26
2440 3320 8 12 16 17 19 22 23 24 26
3630 3832 8 12 16 17 19 22 23 24 26
3736 4864 8 12 16 17 19 22 24 25 26
2340 4124 8 12 16 17 19 22 24 25 26
3784 2478 8 12 16 17 19 22 24 25 26
5072 4754 8 12 16 17 19 22 24 25 26
4992 4134 8 12 16 17 19 22 24 25 26
2360 4940 6 12 16 17 19 24 26
916 5586 6 12 16 17 19 24 26
4162 3920 9 12 16 18 19 20 21 22 23 26
4558 3006 9 12 16 18 19 20 21 22 23 26
4418 2798 9 12 16 18 19 20 21 22 25 26
4458 2706 9 12 16 18 19 20 21 22 25 26
3034 3860 7 12 16 18 19 20 21 26
4704 498 7 12 16 18 19 21 22 26
2102 2154 7 12 16 18 19 21 22 26
3926 4310 9 12 16 19 20 22 23 24 25 26
1474 5266 9 12 16 19 20 22 23 24 25 26
3864 4708 9 12 16 19 20 22 23 24 25 26
1270 2278 9 12 16 19 20 22 23 24 25 26
4098 2346 9 12 16 19 20 22 23 24 25 26
3552 4752 6 12 16 19 20 22 23
2478 2482 7 12 16 19 20 23 24 26
5254 2916 7 12 16 19 20 23 24 26
5308 3542 7 12 16 19 20 23 24 26
2682 910 7 12 16 19 20 23 24 26
2610 5068 7 12 16 19 20 24 25 26
2610 624 7 12 16 19 20 24 25 26
5262 1686 7 12 16 19 20 24 25 26
1824 4064 7 12 16 19 22 23 24 26
5530 3988 7 12 16 19 22 23 24 26
1934 3662 7 12 16 19 22 23 24 26
2754 5228 7 12 16 19 22 23 24 26
2754 3098 7 12 16 19 22 23 24 26
1916 4274 7 12 16 19 22 24 25 26
4618 4374 7 12 16 19 22 24 25 26
1836 868 7 12 16 19 22 24 25 26
2734 3236 7 12 16 19 22 24 25 26
4516 5278 7 12 16 19 22 24 25 26
1552 4576 4 12 16 19 22
1230 4130 5 12 16 19 24 26
592 3174 5 12 16 19 24 26
3160 1942 10 12 17 18 19 20 21 22 23 25 26
4390 2896 8 12 17 18 19 20 21 23 26
3260 2802 8 12 17 18 19 21 22 23 26
3732 5122 8 12 17 18 19 21 22 25 26
2330 3114 6 12 17 18 19 21 26
4964 4722 8 12 17 19 20 23 24 25 26
1574 4620 8 12 17 19 20 23 24 25 26
2300 4662 8 12 17 19 20 23 24 25 26
1790 3464 8 12 17 19 20 23 24 25 26
1836 3070 8 12 17 19 22 23 24 25 26
2370 1068 8 12 17 19 22 23 24 25 26
3644 2464 8 12 17 19 22 23 24 25 26
3074 3090 8 12 17 19 22 23 24 25 26
1778 1964 8 12 17 19 22 23 24 25 26
960 4372 6 12 17 19 23 24 26
1674 1534 6 12 17 19 23 24 26
848 1552 6 12 17 19 24 25 26
548 2948 6 12 17 19 24 25 26
3506 1754 6 12 17 19 24 25 26
2182 4362 6 12 17 19 24 25 26
3866 4456 9 12 18 19 20 21 22 23 25 26
3824 3874 9 12 18 19 20 21 22 23 25 26
1794 1962 9 12 18 19 20 21 22 23 25 26
3776 4462 9 12 18 19 20 21 22 23 25 26
1212 3028 9 12 18 19 20 21 22 23 25 26
1754 2134 9 12 18 19 20 21 22 23 25 26
3754 2192 9 12 18 19 20 21 22 23 25 26
2448 820 7 12 18 19 20 21 23 26
4984 4784 7 12 18 19 20 21 23 26
2930 5064 7 12 18 19 20 21 25 26
2918 1894 7 12 18 19 21 22 23 26
790 5372 7 12 18 19 21 22 23 26
1686 3962 7 12 18 19 21 22 23 26
3006 2416 7 12 18 19 21 22 23 26
1958 1674 7 12 18 19 21 22 23 26
1806 2878 7 12 18 19 21 22 25 26
1790 3056 7 12 18 19 21 22 25 26
2934 4708 7 12 18 19 21 22 25 26
1556 4928 5 12 18 19 21 26
668 1754 5 12 18 19 21 26
3234 2524 6 12 19 20 22 23 25
812 1512 6 12 19 20 22 23 25
2274 4654 7 12 19 20 23 24 25 26
5238 3504 7 12 19 20 23 24 25 26
2240 3814 7 12 19 20 23 24 25 26
1810 2418 4 12 19 20 23
1686 2676 7 12 19 22 23 24 25 26
4098 5340 7 12 19 22 23 24 25 26
2684 4220 7 12 19 22 23 24 25 26
1778 3778 7 12 19 22 23 24 25 26
784 3452 7 12 19 22 23 24 25 26
3798 3788 7 12 19 22 23 24 25 26
2728 4670 7 12 19 22 23 24 25 26
1836 2762 7 12 19 22 23 24 25 26
5290 4858 7 12 19 22 23 24 25 26
1450 4328 4 12 19 22 23
3676 1270 4 12 19 22 23
1398 5124 4 12 19 22 25
1314 2522 5 12 19 23 24 26
4974 2728 5 12 19 23 24 26
548 4892 5 12 19 24 25 26
2780 2578 5 12 19 24 25 26
352 4000 2 12 19
4306 4050 8 13 16 17 20 21 24 25 26
4620 3444 7 13 16 20 21 24 25 26
5166 2060 7 13 16 21 22 23 24 26
5068 4444 7 13 16 21 22 24 25 26
4720 4238 4 13 16 21 22
3684 2556 5 13 16 21 24 26
4228 4458 8 13 17 21 22 23 24 25 26
4946 3350 6 13 17 21 23 24 26
2752 1852 6 13 17 21 24 25 26
4398 3354 7 13 21 22 23 24 25 26
3928 3496 4 13 21 22 23
4406 790 4 13 21 22 25
3172 4850 5 13 21 24 25 26
3004 5306 2 13 21
4574 1824 8 14 15 16 17 18 21 24 26
4756 3608 8 14 15 16 17 18 21 24 26
4526 5404 9 14 15 16 17 20 22 23 24 25
3036 3438 7 14 15 16 17 20 24 25
5594 2434 7 14 15 16 17 22 23 24
5470 4084 7 14 15 16 17 22 24 25
3920 3288 5 14 15 16 17 24
1326 1066 5 14 15 16 17 24
5228 3396 8 14 15 16 18 20 21 22 23
5158 1352 8 14 15 16 18 20 21 22 25
3780 4974 6 14 15 16 18 20 21
4158 4942 9 14 15 16 18 21 22 23 24 26
4058 4624 9 14 15 16 18 21 22 24 25 26
3710 3610 6 14 15 16 18 21 22
2674 4420 7 14 15 16 18 21 24 26
5216 3104 7 14 15 16 18 21 24 26
4846 1662 8 14 15 16 20 22 23 24 25
3350 2690 6 14 15 16 20 24 25
3474 3728 6 14 15 16 22 24 25
1974 3430 4 14 15 16 24
3220 2442 10 14 15 17 18 21 22 23 24 25 26
4866 4894 7 14 15 17 18 21 22 23
5340 5124 7 14 15 17 18 21 22 25
3936 4234 8 14 15 17 18 21 23 24 26
1742 4992 8 14 15 17 18 21 24 25 26
4384 4896 8 14 15 17 18 21 24 25 26
4278 3036 8 14 15 17 18 21 24 25 26
3938 2422 5 14 15 17 18 21
4680 2390 7 14 15 17 22 23 24 25
3282 5220 5 14 15 17 23 24
1594 3878 5 14 15 17 24 25
1088 2324 5 14 15 17 24 25
5126 1952 8 14 15 18 20 21 22 23 25
3676 4694 6 14 15 18 20 21 25
3348 4176 9 14 15 18 21 22 23 24 25 26
2920 4226 6 14 15 18 21 22 23
3398 3482 6 14 15 18 21 22 25
4636 2246 7 14 15 18 21 23 24 26
2442 860 7 14 15 18 21 24 25 26
2418 2176 7 14 15 18 21 24 25 26
4960 3474 7 14 15 18 21 24 25 26
1996 4704 4 14 15 18 21
2298 1798 4 14 15 18 21
2732 3968 6 14 15 22 23 24 25
3396 3412 6 14 15 22 23 24 25
3982 5036 4 14 15 23 24
4490 3686 4 14 15 24 25
1788 2454 4 14 15 24 25
3964 3744 8 16 17 18 20 21 22 25 26
3796 3798 8 16 17 20 22 23 24 25 26
3750 3888 8 16 17 20 22 23 24 25 26
3932 2346 8 16 17 20 22 23 24 25 26
1822 4320 8 16 17 20 22 23 24 25 26
5004 1262 6 16 17 20 23 24 26
2948 3410 6 16 17 20 23 24 26
2880 4722 6 16 17 20 24 25 26
5010 4452 6 16 17 20 24 25 26
2274 4474 6 16 17 20 24 25 26
650 2538 6 16 17 20 24 25 26
3020 3346 6 16 17 22 23 24 26
4216 5394 6 16 17 22 23 24 26
2920 3286 6 16 17 22 24 25 26
1502 3344 4 16 17 24 26
4748 1990 7 16 18 20 21 22 23 26
5070 2178 7 16 18 20 21 22 23 26
2018 4154 7 16 18 20 21 22 25 26
4560 3552 7 16 18 20 21 22 25 26
3620 4992 5 16 18 20 21 26
3670 3022 5 16 18 21 22 26
2054 5016 7 16 20 22 23 24 25 26
4686 4318 7 16 20 22 23 24 25 26
4482 2518 7 16 20 22 23 24 25 26
4684 2936 7 16 20 22 23 24 25 26
1850 3638 7 16 20 22 23 24 25 26
4512 4876 7 16 20 22 23 24 25 26
4134 3038 4 16 20 22 23
1466 4572 4 16 20 22 25
3058 4692 5 16 20 23 24 26
3108 2662 5 16 20 24 25 26
624 3108 5 16 20 24 25 26
636 2052 5 16 20 24 25 26
598 3590 2 16 20
4928 3908 5 16 22 23 24 26
2566 4054 5 16 22 23 24 26
3234 4646 5 16 22 24 25 26
2222 4628 5 16 22 24 25 26
2236 3474 2 16 22
1816 4076 3 16 24 26
3174 4380 8 17 18 20 21 22 23 25 26
4976 5630 6 17 18 20 21 23 26
2244 2828 6 17 18 20 21 25 26
4234 4172 6 17 18 21 22 23 26
4134 3934 6 17 18 21 22 25 26
1646 3654 6 17 20 23 24 25 26
2534 2920 6 17 20 23 24 25 26
4188 4518 6 17 20 23 24 25 26
3478 4088 6 17 22 23 24 25 26
4026 2794 6 17 22 23 24 25 26
2522 4108 6 17 22 23 24 25 26
3990 1314 6 17 22 23 24 25 26
1546 3330 4 17 23 24 26
1434 4694 4 17 24 25 26
4130 4156 4 17 24 25 26
962 1546 1 17
4968 3432 7 18 20 21 22 23 25 26
1872 4868 7 18 20 21 22 23 25 26
4850 3688 7 18 20 21 22 23 25 26
1716 2244 7 18 20 21 22 23 25 26
3770 3310 7 18 20 21 22 23 25 26
2312 5630 7 18 20 21 22 23 25 26
3028 5426 5 18 20 21 23 26
2840 3962 5 18 20 21 25 26
864 3036 5 18 20 21 25 26
700 4446 5 18 20 21 25 26
3592 2408 5 18 21 22 23 26
3504 5290 5 18 21 22 23 26
1534 812 5 18 21 22 23 26
3520 2522 5 18 21 22 25 26
868 3454 5 18 21 22 25 26
2142 5244 3 18 21 26
430 3612 3 18 21 26
1364 4068 4 20 22 23 25
3820 3200 4 20 22 23 25
2826 3118 5 20 23 24 25 26
3206 2798 5 20 23 24 25 26
2288 4716 5 20 23 24 25 26
2146 3796 2 20 23
412 3770 2 20 25
3236 4760 5 22 23 24 25 26
1528 2400 5 22 23 24 25 26
4178 4930 5 22 23 24 25 26
2522 2370 5 22 23 24 25 26
2134 5066 2 22 23
2082 3342 2 22 25
2058 2890 3 23 24 26
238 4280 3 24 25 26
1792 1550 3 24 25 26
