22 1355 
5448 5268 7 1 5 10 13 14 16 22
3753 4908 3 1 5 10
6336 1803 5 1 8 10 20 22
5247 5847 2 1 20
5883 4857 2 1 21
5538 3267 1 1
3285 5634 5 2 3 6 7 8
3150 5706 5 2 3 6 7 8
5235 4251 7 2 3 7 8 15 18 22
5958 4137 6 2 3 7 8 15 22
5709 5496 7 2 4 7 11 14 18 22
6435 5655 6 2 4 7 11 14 22
2340 4854 8 2 7 8 10 13 14 18 22
3930 5532 7 2 7 8 10 13 14 22
3903 2895 7 2 7 8 10 18 19 22
4740 6336 6 2 7 8 10 18 22
4629 6429 6 2 7 8 10 19 22
5985 3363 5 2 7 8 10 22
3387 2412 7 2 7 9 11 13 14 18
4113 3672 6 2 7 9 11 13 14
4425 4614 8 2 7 11 12 14 18 21 22
5151 6033 7 2 7 11 12 14 21 22
2775 6261 9 2 7 11 14 15 17 18 21 22
3501 5802 8 2 7 11 14 15 17 21 22
4326 5916 8 2 7 11 14 18 19 21 22
4848 3147 7 2 7 11 14 18 21 22
2703 3633 6 2 7 11 14 18 22
5049 5217 7 2 7 11 14 19 21 22
6360 5403 6 2 7 11 14 21 22
3426 3774 5 2 7 11 14 22
5250 6087 7 2 7 13 14 16 18 22
5292 1404 7 2 7 13 14 16 18 22
951 5577 5 2 7 13 14 18
1275 5754 4 2 7 13 14
1935 5331 3 2 7 18
2259 4350 2 2 7
5136 5730 7 2 8 10 13 14 18 22
6102 3417 5 2 9 13 16 18
4431 5064 8 2 13 14 16 18 19 20 22
5055 5346 8 2 13 14 16 18 19 21 22
5424 5649 7 2 13 14 16 18 19 22
3720 6393 6 2 13 14 16 18 22
6060 3975 7 2 13 14 16 19 20 22
5349 4968 5 2 13 14 16 22
6273 2922 7 2 15 16 17 18 20 22
801 6258 2 2 18
1125 3195 1 2
4692 4299 8 3 4 8 9 11 15 21 22
5235 2889 7 3 4 8 9 11 15 22
4059 6453 8 3 5 6 8 10 16 18 22
4905 2514 7 3 5 6 8 10 16 22
6042 6030 6 3 5 6 8 10 18
6150 5583 7 3 5 6 11 14 18 21
5268 4848 7 3 5 6 16 18 19 20
5541 4791 7 3 5 6 16 18 19 20
5892 3555 7 3 5 6 16 18 19 21
6258 3228 6 3 5 6 16 18 19
4557 4560 5 3 5 6 16 18
6387 3363 6 3 5 6 16 19 20
5421 5262 4 3 5 6 16
5709 5994 9 3 5 8 10 13 14 15 20 22
6366 5952 9 3 5 8 10 13 14 15 21 22
4908 5397 4 3 5 15 20
5535 3474 4 3 5 15 21
5889 3816 3 3 5 15
3510 4059 7 3 6 7 8 16 18 22
5160 5982 6 3 6 7 8 16 22
5295 2259 6 3 6 7 8 16 22
2376 3441 5 3 6 7 8 18
2415 6204 4 3 6 7 8
3663 5646 8 3 6 8 11 14 18 21 22
3528 1791 8 3 6 8 11 14 18 21 22
4206 5241 7 3 6 8 11 14 18 22
4071 2823 7 3 6 8 11 14 18 22
5217 3693 7 3 6 8 11 14 21 22
5082 5448 7 3 6 8 11 14 21 22
5622 4545 6 3 6 8 11 14 22
3912 1500 8 3 6 8 13 14 16 18 22
4047 3963 8 3 6 8 13 14 16 18 22
5562 4503 7 3 6 8 13 14 16 22
5697 3372 7 3 6 8 13 14 16 22
2643 2604 8 3 6 8 16 18 19 20 22
2778 5622 8 3 6 8 16 18 19 20 22
3267 5604 8 3 6 8 16 18 19 21 22
3636 5505 7 3 6 8 16 18 19 22
5634 3384 7 3 6 8 16 18 20 22
6270 5115 7 3 6 8 16 18 21 22
1935 5931 6 3 6 8 16 18 22
4293 3777 7 3 6 8 16 19 20 22
4428 1539 7 3 6 8 16 19 20 22
4917 4950 7 3 6 8 16 19 21 22
5646 3903 7 3 6 8 16 19 21 22
5286 4629 6 3 6 8 16 19 22
3585 3636 5 3 6 8 16 22
5181 5442 4 3 6 8 18
5181 5709 4 3 6 8 18
5547 3072 3 3 6 8
1440 5421 3 3 6 8
1275 1737 3 3 6 8
5853 5277 7 3 7 8 9 13 15 18
5757 5805 6 3 7 8 9 13 15
6294 4944 8 3 7 8 12 15 18 20 22
6942 6408 8 3 7 8 12 15 18 21 22
5559 5709 8 3 7 8 12 15 20 21 22
5943 6057 7 3 7 8 12 15 20 22
6591 2325 7 3 7 8 12 15 21 22
4338 3822 9 3 7 8 13 14 15 18 20 22
4965 4338 9 3 7 8 13 14 15 18 21 22
5310 5247 8 3 7 8 13 14 15 18 22
5886 948 8 3 7 8 13 14 15 20 22
6510 4086 8 3 7 8 13 14 15 21 22
6738 3930 7 3 7 8 15 18 20 22
5196 5346 6 3 7 8 15 18 22
3861 5865 6 3 7 8 15 20 22
4497 6135 6 3 7 8 15 21 22
4845 6051 5 3 7 8 15 22
5931 5880 8 3 8 9 11 13 14 15 22
6207 2610 7 3 8 9 11 15 21 22
5712 4401 7 3 8 9 12 13 15 20
6360 6006 7 3 8 9 12 13 15 21
5163 5136 8 3 8 9 13 15 16 18 22
4614 3846 5 3 8 9 13 15
5961 5712 9 3 8 12 13 14 15 20 21 22
6345 3234 8 3 8 12 13 14 15 20 22
5976 4155 8 3 8 12 15 19 20 21 22
3972 3285 7 3 8 12 15 20 21 22
4884 5514 6 3 8 12 15 20 22
5016 4809 6 3 8 12 15 21 22
4263 2532 7 3 8 13 14 15 20 22
4902 3168 7 3 8 13 14 15 21 22
5247 6438 6 3 8 13 14 15 22
2895 4755 5 3 8 15 20 22
2922 3720 5 3 8 15 21 22
3768 1803 4 3 8 15 22
4857 6336 8 4 5 9 10 11 16 18 22
5706 3996 7 4 5 9 10 11 16 22
5982 5235 7 4 5 9 10 11 19 21
6357 4698 7 4 7 9 11 13 14 18
6261 4464 6 4 7 9 11 13 14
6009 4824 8 4 7 11 12 14 20 21 22
5670 2862 6 4 7 11 14 18 22
4950 5478 6 4 7 11 14 21 22
5481 6765 5 4 7 11 14 22
4059 6306 8 4 8 9 10 11 18 19 22
5196 4419 7 4 8 9 10 11 18 22
3360 4569 8 4 8 9 10 11 19 21 22
3903 2451 7 4 8 9 10 11 19 22
5844 5259 6 4 8 9 10 11 22
6447 6216 8 4 9 11 12 13 14 18 21
2604 5181 8 4 9 11 12 15 17 20 21
2823 2940 8 4 9 11 12 15 17 20 21
3027 5961 8 4 9 11 12 15 17 20 21
3363 6288 7 4 9 11 12 15 17 20
3816 1341 7 4 9 11 12 15 17 21
3672 5955 9 4 9 11 12 16 18 19 20 22
4293 5247 9 4 9 11 12 16 18 19 21 22
5154 4014 8 4 9 11 12 16 18 20 22
5796 5142 8 4 9 11 12 16 18 21 22
5433 5355 8 4 9 11 12 16 18 21 22
5985 5514 7 4 9 11 12 16 18 22
4518 4848 8 4 9 11 12 16 19 20 22
5142 5082 8 4 9 11 12 16 19 21 22
6000 5022 7 4 9 11 12 16 20 22
4167 5598 7 4 9 11 12 19 20 21
3963 6333 7 4 9 11 12 19 20 21
4545 5820 6 4 9 11 12 19 20
5004 2628 6 4 9 11 12 19 21
2175 6150 6 4 9 11 12 20 21
3174 5964 5 4 9 11 12 20
3207 5982 5 4 9 11 12 21
3939 1860 4 4 9 11 12
2316 6360 10 4 9 11 13 14 16 18 19 21 22
2859 5034 9 4 9 11 13 14 16 18 19 22
5508 3027 9 4 9 11 13 14 16 18 21 22
5616 5538 8 4 9 11 13 14 16 18 22
3966 6219 9 4 9 11 13 14 16 19 21 22
6516 6288 8 4 9 11 13 14 16 19 22
4509 3912 8 4 9 11 13 14 16 19 22
6198 5952 7 4 9 11 13 14 18 21
4755 4242 6 4 9 11 13 14 18
5214 3735 5 4 9 11 13 14
3504 5808 9 4 9 11 15 16 17 18 20 22
4140 4563 9 4 9 11 15 16 17 18 21 22
4311 3636 8 4 9 11 15 16 17 18 22
4350 5436 8 4 9 11 15 16 17 20 22
4986 3180 8 4 9 11 15 16 17 21 22
5940 5064 7 4 9 11 15 16 17 22
984 5652 7 4 9 11 15 17 20 21
4989 4935 7 4 9 11 15 17 20 21
5406 1974 7 4 9 11 15 17 20 21
5820 4215 6 4 9 11 15 17 20
1626 4701 6 4 9 11 15 17 20
1803 4557 6 4 9 11 15 17 21
6087 3243 6 4 9 11 15 17 21
1803 4971 6 4 9 11 15 17 21
6246 2187 6 4 9 11 15 17 21
2457 3972 5 4 9 11 15 17
4410 5454 8 4 9 11 16 18 19 20 22
4716 279 8 4 9 11 16 18 19 21 22
5046 5208 8 4 9 11 16 18 19 21 22
5505 5238 8 4 9 11 16 18 19 21 22
2571 5475 7 4 9 11 16 18 19 22
5259 3642 7 4 9 11 16 18 19 22
3702 3480 6 4 9 11 16 18 22
5799 4845 7 4 9 11 16 19 20 22
3417 3660 6 4 9 11 16 19 22
4842 2643 5 4 9 11 16 22
2532 5190 6 4 9 11 19 20 21
3075 3924 5 4 9 11 19 20
2901 6237 5 4 9 11 19 21
3444 5808 4 4 9 11 19
1113 3933 4 4 9 11 21
5520 6357 4 4 9 11 21
5634 3201 4 4 9 11 21
1656 6504 3 4 9 11
4467 4944 6 4 9 13 16 18 19
4620 2349 5 4 9 13 16 18
5316 5049 5 4 9 13 16 19
5178 6318 10 4 11 12 14 15 17 18 20 21 22
4803 5859 9 4 11 12 14 15 17 20 21 22
5277 6165 9 4 11 12 14 15 17 20 21 22
5832 5673 8 4 11 12 14 15 17 20 22
6318 6144 8 4 11 12 14 15 17 21 22
5790 6345 7 4 11 12 14 18 21 22
6375 3327 8 4 11 12 14 19 20 21 22
4374 5286 7 4 11 12 14 20 21 22
5676 6510 6 4 11 12 14 20 22
5415 5886 6 4 11 12 14 21 22
6375 2295 9 4 11 14 15 17 18 20 21 22
5154 3360 9 4 11 14 15 17 19 20 21 22
5805 5985 8 4 11 14 15 17 19 20 22
6042 4953 8 4 11 14 15 17 19 21 22
3486 3900 8 4 11 14 15 17 20 21 22
4026 2706 7 4 11 14 15 17 20 22
4215 6519 7 4 11 14 15 17 21 22
4758 5298 6 4 11 14 15 17 22
4059 5676 5 4 11 14 18 22
5034 3537 7 4 11 14 19 20 21 22
5577 1794 6 4 11 14 19 20 22
5403 6159 6 4 11 14 19 21 22
5946 3945 5 4 11 14 19 22
3312 6225 5 4 11 14 21 22
3855 3423 4 4 11 14 22
6024 4947 4 4 13 14 18
4341 801 7 5 6 10 16 17 18 20
4977 1824 7 5 6 10 16 17 18 21
6225 5016 6 5 6 10 16 17 18
5187 6375 6 5 6 10 16 17 20
5826 4848 6 5 6 10 16 17 21
6216 4011 8 5 7 10 11 14 18 21 22
6372 5394 7 5 7 10 11 14 21 22
4158 3504 10 5 7 10 13 14 16 18 19 20 22
4812 6225 10 5 7 10 13 14 16 18 19 21 22
6180 2532 9 5 7 10 13 14 16 18 19 22
5640 5787 9 5 7 10 13 14 16 18 20 22
6273 5634 9 5 7 10 13 14 16 18 21 22
3201 4755 8 5 7 10 13 14 16 18 22
5004 4431 9 5 7 10 13 14 16 19 20 22
5658 5349 9 5 7 10 13 14 16 19 21 22
6486 4260 8 5 7 10 13 14 16 20 22
4047 3189 7 5 7 10 13 14 16 22
5301 4527 8 5 7 10 16 18 19 20 22
5955 4539 8 5 7 10 16 18 19 21 22
4344 5019 6 5 7 10 16 18 22
6147 6411 7 5 7 10 16 19 20 22
5190 6555 5 5 7 10 16 22
4971 5352 9 5 9 10 11 13 14 16 18 22
5817 5196 8 5 9 10 11 13 14 16 22
5592 3105 8 5 9 10 11 13 14 18 21
6051 5421 7 5 9 10 11 13 14 21
6372 3486 7 5 9 10 11 16 18 22
4878 5712 8 5 9 10 12 13 16 18 20
5514 1563 8 5 9 10 12 13 16 18 21
5724 5469 7 5 9 10 12 13 16 20
6363 4692 7 5 9 10 12 13 16 21
3228 4566 9 5 9 10 13 15 16 17 18 20
3864 2034 9 5 9 10 13 15 16 17 18 21
5112 2532 8 5 9 10 13 15 16 17 18
4074 5883 8 5 9 10 13 15 16 17 20
4713 4749 8 5 9 10 13 15 16 17 21
5961 5148 7 5 9 10 13 15 16 17
4677 2496 8 5 9 10 13 16 18 19 20
5331 3105 8 5 9 10 13 16 18 19 21
6453 6723 7 5 9 10 13 16 18 19
6159 4656 7 5 9 10 13 16 18 20
3720 3855 6 5 9 10 13 16 18
5523 2187 7 5 9 10 13 16 19 20
6177 4641 7 5 9 10 13 16 19 21
4566 3183 5 5 9 10 13 16
5898 5556 9 5 10 11 12 14 18 20 21 22
6537 4305 9 5 10 11 12 14 19 20 21 22
4308 5652 10 5 10 11 14 15 17 18 20 21 22
5880 5187 9 5 10 11 14 15 17 18 20 22
6327 6270 9 5 10 11 14 15 17 18 21 22
4926 4404 10 5 10 11 14 15 17 19 20 21 22
5469 5379 9 5 10 11 14 15 17 19 20 22
5919 4869 9 5 10 11 14 15 17 19 21 22
4779 2076 9 5 10 11 14 15 17 20 21 22
6351 2673 8 5 10 11 14 15 17 20 22
5859 4941 9 5 10 11 14 18 19 20 21 22
4866 4770 7 5 10 11 14 18 21 22
6306 5181 6 5 10 11 14 18 22
6333 2736 8 5 10 11 14 19 20 21 22
5475 5754 7 5 10 11 14 19 21 22
6018 2505 6 5 10 11 14 19 22
5328 1647 6 5 10 11 14 21 22
4215 5511 11 5 10 12 13 14 16 18 19 20 21 22
5652 3768 10 5 10 12 13 14 16 18 19 20 22
6297 6360 10 5 10 12 13 14 16 18 19 21 22
5688 3021 10 5 10 12 13 14 16 18 20 21 22
5064 2952 10 5 10 12 13 14 16 19 20 21 22
6498 2703 9 5 10 12 13 14 16 19 20 22
4248 6177 10 5 10 12 15 16 17 18 20 21 22
5499 5991 9 5 10 12 15 16 17 18 20 22
6204 3852 9 5 10 12 15 16 17 18 21 22
5094 4494 9 5 10 12 15 16 17 20 21 22
5154 4842 9 5 10 12 15 16 17 20 21 22
6345 4998 8 5 10 12 15 16 17 20 22
5691 6345 8 5 10 12 15 17 19 20 21
5754 3795 8 5 10 12 15 17 19 20 21
5637 6654 9 5 10 12 16 18 19 20 21 22
5706 5499 9 5 10 12 16 18 19 20 21 22
4221 4806 7 5 10 12 16 18 20 22
4857 5559 7 5 10 12 16 18 21 22
6111 4326 6 5 10 12 16 18 22
6555 5382 8 5 10 12 16 19 20 21 22
6486 5520 8 5 10 12 16 19 20 21 22
5067 4026 6 5 10 12 16 20 22
5706 4965 6 5 10 12 16 21 22
5262 5208 6 5 10 12 19 20 21
5658 1764 5 5 10 12 19 20
6303 1437 5 5 10 12 19 21
4002 6291 11 5 10 13 14 15 16 17 18 19 20 22
4647 3156 11 5 10 13 14 15 16 17 18 19 21 22
4098 783 11 5 10 13 14 15 16 17 18 20 21 22
4098 5562 11 5 10 13 14 15 16 17 18 20 21 22
5346 4230 10 5 10 13 14 15 16 17 18 20 22
5346 4290 10 5 10 13 14 15 16 17 18 20 22
5991 3888 10 5 10 13 14 15 16 17 18 21 22
6000 5841 10 5 10 13 14 15 16 17 18 21 22
3474 4140 11 5 10 13 14 15 16 17 19 20 21 22
4848 894 10 5 10 13 14 15 16 17 19 20 22
5496 3378 10 5 10 13 14 15 16 17 19 21 22
4944 6264 10 5 10 13 14 15 16 17 20 21 22
4944 5397 10 5 10 13 14 15 16 17 20 21 22
6192 6447 9 5 10 13 14 15 16 17 20 22
6192 2442 9 5 10 13 14 15 16 17 20 22
5649 2571 10 5 10 13 14 16 18 19 20 21 22
5604 2457 10 5 10 13 14 16 18 19 20 21 22
5613 5682 10 5 10 13 14 16 18 19 20 21 22
2532 5934 9 5 10 13 14 16 18 19 20 22
3186 4224 9 5 10 13 14 16 18 19 21 22
4554 4446 8 5 10 13 14 16 18 19 22
4014 4212 8 5 10 13 14 16 18 20 22
4647 3519 8 5 10 13 14 16 18 21 22
6096 5004 7 5 10 13 14 16 18 22
1563 4008 7 5 10 13 14 16 18 22
5982 1443 7 5 10 13 14 16 18 22
6453 2271 9 5 10 13 14 16 19 20 21 22
6462 4383 9 5 10 13 14 16 19 20 21 22
3378 4635 8 5 10 13 14 16 19 20 22
4032 5973 8 5 10 13 14 16 19 21 22
5400 4500 7 5 10 13 14 16 19 22
4860 4167 7 5 10 13 14 16 20 22
5496 2790 7 5 10 13 14 16 21 22
2412 4794 6 5 10 13 14 16 22
4047 5508 10 5 10 15 16 17 18 19 20 21 22
5424 3051 9 5 10 15 16 17 18 19 20 22
5403 5208 9 5 10 15 16 17 18 19 20 22
6069 4878 9 5 10 15 16 17 18 19 21 22
6051 2163 9 5 10 15 16 17 18 19 21 22
5520 5817 9 5 10 15 16 17 18 20 21 22
5520 5604 9 5 10 15 16 17 18 20 21 22
5646 5634 9 5 10 15 16 17 18 20 21 22
2571 6177 8 5 10 15 16 17 18 20 22
3207 4971 8 5 10 15 16 17 18 21 22
4455 5250 7 5 10 15 16 17 18 22
4905 5496 9 5 10 15 16 17 19 20 21 22
4896 3798 9 5 10 15 16 17 19 20 21 22
6249 5745 8 5 10 15 16 17 19 20 22
6270 2715 8 5 10 15 16 17 19 20 22
6366 5064 8 5 10 15 16 17 20 21 22
6378 3681 8 5 10 15 16 17 20 21 22
6366 4932 8 5 10 15 16 17 20 21 22
3417 3069 7 5 10 15 16 17 20 22
4056 5724 7 5 10 15 16 17 21 22
5304 5946 6 5 10 15 16 17 22
3660 6645 7 5 10 15 17 19 20 21
4008 4845 6 5 10 15 17 19 20
4653 4932 6 5 10 15 17 19 21
3954 2832 7 5 10 16 18 19 20 22
4608 5679 7 5 10 16 18 19 21 22
5976 5445 6 5 10 16 18 19 22
5952 4761 6 5 10 16 18 19 22
5436 4890 6 5 10 16 18 20 22
6069 3213 6 5 10 16 18 21 22
2985 1935 5 5 10 16 18 22
4800 5658 6 5 10 16 19 20 22
5454 2901 6 5 10 16 19 21 22
3882 3198 4 5 10 16 22
3576 5823 4 5 10 19 20
4200 5034 4 5 10 19 21
4569 720 3 5 10 19
297 2976 2 5 10
4506 3408 7 6 7 11 14 17 18 21
4401 4809 6 6 7 11 14 17 21
3483 3378 7 6 8 10 17 18 19 20
4128 5955 7 6 8 10 17 18 19 21
4965 3702 6 6 8 10 17 18 20
4299 2478 6 6 8 10 17 18 20
4866 4869 6 6 8 10 17 18 21
5601 3480 6 6 8 10 17 18 21
5031 6387 5 6 8 10 17 18
3846 5688 6 6 8 10 17 19 20
4494 2937 6 6 8 10 17 19 21
5328 5163 5 6 8 10 17 20
5463 2415 5 6 8 10 17 20
5964 6159 5 6 8 10 17 21
3942 5220 8 6 11 12 14 17 18 20 21
4404 5664 7 6 11 12 14 17 20 21
3909 5214 9 6 11 14 16 17 18 19 21 22
4005 5892 8 6 11 14 16 17 18 21 22
5265 2187 8 6 11 14 16 17 18 21 22
4755 3864 8 6 11 14 16 17 19 21 22
5652 4209 7 6 11 14 16 17 21 22
5787 1425 7 6 11 14 16 17 21 22
3903 4263 8 6 11 14 17 18 19 20 21
4533 3600 7 6 11 14 17 18 20 21
4398 5403 7 6 11 14 17 18 20 21
4941 5085 6 6 11 14 17 18 20
2895 5859 6 6 11 14 17 18 21
5139 3780 6 6 11 14 17 18 21
5682 1275 5 6 11 14 17 18
4365 6414 7 6 11 14 17 19 20 21
5802 5178 6 6 11 14 17 20 21
3366 3963 5 6 11 14 17 21
3681 5397 8 6 12 16 17 18 19 20 21
4416 5829 7 6 12 16 17 18 20 21
4551 5295 7 6 12 16 17 18 20 21
4560 3720 7 6 12 16 17 18 20 21
4608 3360 6 6 12 16 17 18 20
5316 2208 6 6 12 16 17 18 21
4527 4731 7 6 12 16 17 19 20 21
4590 5931 7 6 12 16 17 19 20 21
6000 2475 6 6 12 16 17 20 21
6135 5319 6 6 12 16 17 20 21
6066 4557 6 6 12 16 17 20 21
4857 3546 7 6 13 14 16 17 18 20
5421 5838 7 6 13 14 16 17 18 21
5556 3135 7 6 13 14 16 17 18 21
5589 3831 6 6 13 14 16 17 18
5073 6273 7 6 16 17 18 19 20 21
4461 4533 7 6 16 17 18 19 20 21
4077 6159 7 6 16 17 18 19 20 21
4212 5400 7 6 16 17 18 19 20 21
4137 1623 7 6 16 17 18 19 20 21
6318 4035 6 6 16 17 18 19 20
6417 2415 6 6 16 17 18 19 20
2121 6165 6 6 16 17 18 19 20
1986 6207 6 6 16 17 18 19 20
6456 6198 6 6 16 17 18 19 20
2634 5262 6 6 16 17 18 19 21
2769 4506 6 6 16 17 18 19 21
5070 4968 6 6 16 17 18 19 21
5238 4113 5 6 16 17 18 19
2805 4884 5 6 16 17 18 20
3504 5478 5 6 16 17 18 21
3369 5799 5 6 16 17 18 21
3546 6537 4 6 16 17 18
5352 5895 4 6 16 17 18
5727 3417 6 6 16 17 19 20 21
6054 5622 6 6 16 17 19 20 21
5787 4620 6 6 16 17 19 20 21
2967 4965 5 6 16 17 19 20
2832 6333 5 6 16 17 19 20
5895 5004 5 6 16 17 19 20
3480 6795 5 6 16 17 19 21
4449 6273 4 6 16 17 20
4314 5481 4 6 16 17 20
5019 1392 4 6 16 17 21
4953 4809 4 6 16 17 21
5193 5112 3 6 16 17
4521 2196 7 7 8 9 10 13 18 19
4683 4875 6 7 8 9 10 13 18
4425 5208 6 7 8 9 10 13 19
5850 2331 5 7 8 9 10 13
4965 3159 8 7 8 10 12 18 19 20 22
5613 6255 8 7 8 10 12 18 19 21 22
6447 2967 7 7 8 10 12 18 20 22
4230 3780 8 7 8 10 12 19 20 21 22
4614 4743 7 7 8 10 12 19 20 22
5262 5850 7 7 8 10 12 19 21 22
6351 4959 6 7 8 10 12 20 22
3036 5211 9 7 8 10 13 14 18 19 20 22
3012 4773 9 7 8 10 13 14 18 19 20 22
3636 3459 9 7 8 10 13 14 18 19 21 22
5400 4866 9 7 8 10 13 14 18 19 21 22
4005 5070 8 7 8 10 13 14 18 19 22
6795 5790 8 7 8 10 13 14 18 19 22
6240 5646 8 7 8 10 13 14 18 20 22
2325 1455 7 7 8 10 13 14 18 22
3801 3753 7 7 8 10 13 14 18 22
4557 4455 8 7 8 10 13 14 19 20 22
5181 4026 8 7 8 10 13 14 19 21 22
5550 2766 7 7 8 10 13 14 19 22
6144 3945 7 7 8 10 13 14 20 22
3693 2964 6 7 8 10 13 14 22
3315 3366 9 7 8 10 15 17 18 19 20 22
3963 5427 9 7 8 10 15 17 18 19 21 22
4797 3981 8 7 8 10 15 17 18 20 22
5433 1626 8 7 8 10 15 17 18 21 22
5604 6024 7 7 8 10 15 17 18 22
2619 6027 9 7 8 10 15 17 19 20 21 22
2964 2895 8 7 8 10 15 17 19 20 22
3612 2622 8 7 8 10 15 17 19 21 22
4701 2283 7 7 8 10 15 17 20 22
5337 6066 7 7 8 10 15 17 21 22
6423 6327 7 7 8 10 18 19 20 22
5352 5694 7 7 8 10 18 19 20 22
5976 4602 7 7 8 10 18 19 21 22
3864 6363 6 7 8 10 18 19 22
4641 5406 5 7 8 10 18 22
6288 5466 6 7 8 10 19 20 22
2532 5160 6 7 8 10 19 20 22
3168 5697 6 7 8 10 19 21 22
3525 1467 5 7 8 10 19 22
1824 4641 4 7 8 10 22
5043 4833 8 7 9 11 12 13 14 18 21
4947 2172 7 7 9 11 12 13 14 21
3393 5466 9 7 9 11 13 14 15 17 18 21
3297 3528 8 7 9 11 13 14 15 17 21
4236 4653 8 7 9 11 13 14 16 18 22
5886 4419 7 7 9 11 13 14 16 22
4944 5889 8 7 9 11 13 14 18 19 21
4791 4641 7 7 9 11 13 14 18 21
3348 1659 6 7 9 11 13 14 18
4848 3774 7 7 9 11 13 14 19 21
6225 5715 6 7 9 11 13 14 21
3243 3129 5 7 9 11 13 14
3774 2367 10 7 11 12 14 15 17 18 20 21 22
3678 4419 9 7 11 12 14 15 17 20 21 22
3423 5715 9 7 11 12 14 15 17 20 21 22
5325 3942 9 7 11 12 14 18 19 20 21 22
5811 3036 8 7 11 12 14 18 20 21 22
4386 4812 7 7 11 12 14 18 21 22
4995 5919 8 7 11 12 14 19 20 21 22
2994 4437 7 7 11 12 14 20 21 22
4035 5307 6 7 11 12 14 21 22
3735 6267 10 7 11 14 15 17 18 19 20 21 22
4221 4059 9 7 11 14 15 17 18 20 21 22
4794 4083 9 7 11 14 15 17 18 20 21 22
4281 4194 9 7 11 14 15 17 18 20 21 22
5514 5073 8 7 11 14 15 17 18 20 22
5712 5853 8 7 11 14 15 17 18 21 22
2736 4578 8 7 11 14 15 17 18 21 22
6255 5196 7 7 11 14 15 17 18 22
3384 4263 9 7 11 14 15 17 19 20 21 22
1404 3882 8 7 11 14 15 17 20 21 22
5754 1764 8 7 11 14 15 17 20 21 22
4953 4974 8 7 11 14 15 17 20 21 22
5265 3219 8 7 11 14 15 17 20 21 22
6516 5520 7 7 11 14 15 17 20 22
2385 5754 7 7 11 14 15 17 21 22
5772 2385 8 7 11 14 18 19 20 21 22
6723 6372 8 7 11 14 18 19 20 21 22
6345 6069 8 7 11 14 18 19 20 21 22
4287 4197 7 7 11 14 18 19 21 22
4749 1398 6 7 11 14 18 21 22
5343 3207 6 7 11 14 18 21 22
5340 4551 5 7 11 14 18 22
2655 1935 5 7 11 14 18 22
2955 1350 7 7 11 14 19 20 21 22
3948 2337 6 7 11 14 19 21 22
1932 3234 5 7 11 14 21 22
2475 4941 4 7 11 14 22
3234 5265 10 7 12 13 14 16 18 19 20 21 22
5040 4950 10 7 12 13 14 16 18 19 20 21 22
3618 3438 9 7 12 13 14 16 18 19 20 22
4266 5589 9 7 12 13 14 16 18 19 21 22
6453 1584 9 7 12 13 14 16 18 20 21 22
4884 4365 9 7 12 13 14 16 19 20 21 22
5268 3471 8 7 12 13 14 16 19 20 22
5916 6009 8 7 12 13 14 16 19 21 22
5550 2820 8 7 12 16 18 19 20 21 22
5937 4647 7 7 12 16 18 19 20 22
1824 3771 11 7 13 14 15 16 17 18 19 20 21 22
2670 3219 10 7 13 14 15 16 17 18 19 20 22
2697 5676 10 7 13 14 15 16 17 18 19 21 22
4863 5886 10 7 13 14 15 16 17 18 20 21 22
5406 6339 9 7 13 14 15 16 17 18 20 22
5970 2346 9 7 13 14 15 16 17 18 21 22
6135 6453 8 7 13 14 15 16 17 18 22
3294 2955 10 7 13 14 15 16 17 19 20 21 22
3273 3756 10 7 13 14 15 16 17 19 20 21 22
3618 4677 9 7 13 14 15 16 17 19 20 22
4266 5916 9 7 13 14 15 16 17 19 21 22
5709 3789 9 7 13 14 15 16 17 20 21 22
6369 2859 9 7 13 14 16 18 19 20 21 22
5934 6006 8 7 13 14 16 18 19 20 22
5955 5154 8 7 13 14 16 18 19 20 22
1539 1098 8 7 13 14 16 18 19 20 22
5973 4713 8 7 13 14 16 18 19 20 22
6567 6111 8 7 13 14 16 18 19 21 22
6579 4848 8 7 13 14 16 18 19 21 22
2172 2379 8 7 13 14 16 18 19 21 22
6558 5391 8 7 13 14 16 18 19 21 22
6504 3801 8 7 13 14 16 18 19 21 22
2922 4590 7 7 13 14 16 18 19 22
4776 1494 7 7 13 14 16 18 20 22
5412 4257 7 7 13 14 16 18 21 22
5232 4896 6 7 13 14 16 18 22
948 5421 6 7 13 14 16 18 22
2328 4047 6 7 13 14 16 18 22
3189 4749 7 7 13 14 16 19 20 22
3822 5454 7 7 13 14 16 19 21 22
4182 3570 6 7 13 14 16 19 22
5625 3609 6 7 13 14 16 20 22
2478 3585 5 7 13 14 16 22
1242 3186 4 7 13 14 18
4464 2775 4 7 13 14 18
1467 5538 3 7 13 14
4533 2772 9 7 15 16 17 18 19 20 21 22
3939 2121 9 7 15 16 17 18 19 20 21 22
4287 4944 8 7 15 16 17 18 19 20 22
4932 3603 8 7 15 16 17 18 19 21 22
6006 5160 8 7 15 16 17 18 20 21 22
5379 4938 8 7 15 16 17 19 20 21 22
5916 3297 7 7 15 16 17 19 20 22
6564 5154 7 7 15 16 17 19 21 22
3855 2697 6 7 16 18 19 20 22
4491 2919 6 7 16 18 19 21 22
4848 4701 5 7 16 18 19 22
5919 6060 5 7 16 18 20 22
3147 2919 4 7 16 18 22
5286 5232 5 7 16 19 20 22
5931 4698 5 7 16 19 21 22
4329 4878 3 7 16 22
5481 4032 2 7 18
2226 4431 2 7 18
2451 6375 1 7
4239 2340 9 8 9 10 11 13 14 18 19 22
4095 6369 8 8 9 10 11 13 14 18 22
4602 5400 8 8 9 10 11 13 14 19 22
5634 1599 7 8 9 10 11 13 14 22
5571 2994 7 8 9 10 11 18 19 22
4875 5409 7 8 9 10 11 19 21 22
5418 4335 6 8 9 10 11 19 22
4020 2769 8 8 9 10 12 13 18 19 20
4668 3987 8 8 9 10 12 13 18 19 21
4602 3690 7 8 9 10 12 13 18 20
5166 6261 7 8 9 10 12 13 18 21
5355 2202 6 8 9 10 12 13 18
4383 2217 7 8 9 10 12 13 19 20
5031 4998 7 8 9 10 12 13 19 21
5865 5043 6 8 9 10 12 13 20
2952 3072 8 8 9 10 13 15 17 18 20
3516 3342 8 8 9 10 13 15 17 18 21
3681 5589 7 8 9 10 13 15 17 18
4215 4857 7 8 9 10 13 15 17 20
4854 5055 7 8 9 10 13 15 17 21
5220 4926 6 8 9 10 13 15 17
3834 2508 8 8 9 10 13 16 18 19 22
5481 4467 7 8 9 10 13 16 19 22
4500 6204 7 8 9 10 13 18 19 20
3783 4455 7 8 9 10 13 18 19 20
5064 5235 7 8 9 10 13 18 19 21
4416 3012 7 8 9 10 13 18 19 21
2919 3636 6 8 9 10 13 18 19
4773 5562 6 8 9 10 13 18 19
3072 4986 5 8 9 10 13 18
5319 4206 6 8 9 10 13 19 20
5664 5526 6 8 9 10 13 19 20
5952 1908 6 8 9 10 13 19 21
3285 6183 5 8 9 10 13 19
4608 3039 4 8 9 10 13
3093 2532 10 8 10 12 13 14 18 19 20 21 22
3480 4029 9 8 10 12 13 14 18 19 20 22
6264 5706 9 8 10 12 13 14 18 19 20 22
4125 2535 9 8 10 12 13 14 18 19 21 22
6312 5889 9 8 10 12 13 14 18 20 21 22
4632 6036 9 8 10 12 13 14 19 20 21 22
5016 3909 8 8 10 12 13 14 19 20 22
5664 5895 8 8 10 12 13 14 19 21 22
3399 3930 10 8 10 12 15 17 18 19 20 21 22
3459 5970 10 8 10 12 15 17 18 19 20 21 22
4929 6378 9 8 10 12 15 17 18 20 21 22
4869 633 9 8 10 12 15 17 18 20 21 22
4875 5658 9 8 10 12 15 17 18 20 21 22
5064 4755 8 8 10 12 15 17 18 20 22
6177 1341 8 8 10 12 15 17 18 20 22
5748 5286 8 8 10 12 15 17 18 21 22
3135 3684 9 8 10 12 15 17 19 20 21 22
3072 2433 9 8 10 12 15 17 19 20 21 22
5295 5037 8 8 10 12 15 17 20 21 22
5307 4383 8 8 10 12 15 17 20 21 22
5235 5424 8 8 10 12 15 17 20 21 22
6393 3348 8 8 10 12 15 17 20 21 22
6438 6294 8 8 10 12 18 19 20 21 22
5493 5454 8 8 10 12 18 19 20 21 22
6486 6516 8 8 10 12 18 19 20 21 22
5532 5760 8 8 10 12 18 19 20 21 22
6186 5265 8 8 10 12 18 19 20 21 22
3363 3084 7 8 10 12 18 19 20 22
6387 3897 7 8 10 12 18 19 20 22
4011 1866 7 8 10 12 18 19 21 22
4845 3174 6 8 10 12 18 20 22
5475 4215 6 8 10 12 18 21 22
5676 6231 5 8 10 12 18 22
2643 4137 7 8 10 12 19 20 21 22
3036 4380 6 8 10 12 19 20 22
3684 2619 6 8 10 12 19 21 22
5208 4314 5 8 10 12 20 22
5847 3273 5 8 10 12 21 22
1623 4944 11 8 10 13 14 15 17 18 19 20 21 22
4812 4299 10 8 10 13 14 15 17 18 19 20 22
2469 3285 10 8 10 13 14 15 17 18 19 20 22
5262 6015 10 8 10 13 14 15 17 18 19 21 22
2496 5637 10 8 10 13 14 15 17 18 19 21 22
4722 3903 10 8 10 13 14 15 17 18 20 21 22
5295 4374 9 8 10 13 14 15 17 18 20 22
5394 5418 9 8 10 13 14 15 17 18 20 22
5859 4557 9 8 10 13 14 15 17 18 21 22
5865 5574 9 8 10 13 14 15 17 18 21 22
6027 3942 8 8 10 13 14 15 17 18 22
3021 4644 10 8 10 13 14 15 17 19 20 21 22
3366 5781 9 8 10 13 14 15 17 19 20 22
4014 1932 9 8 10 13 14 15 17 19 21 22
5085 5961 9 8 10 13 14 15 17 20 21 22
6333 1065 8 8 10 13 14 15 17 20 22
6228 4917 9 8 10 13 14 18 19 20 21 22
5817 6000 8 8 10 13 14 18 19 20 22
3156 5064 8 8 10 13 14 18 19 20 22
5931 4203 8 8 10 13 14 18 19 20 22
1398 5463 8 8 10 13 14 18 19 20 22
6555 5130 8 8 10 13 14 18 19 21 22
6345 3171 8 8 10 13 14 18 19 21 22
3798 5415 8 8 10 13 14 18 19 21 22
6447 5526 8 8 10 13 14 18 19 21 22
2034 5139 8 8 10 13 14 18 19 21 22
2721 5898 7 8 10 13 14 18 19 22
4635 2100 7 8 10 13 14 18 20 22
5271 4596 7 8 10 13 14 18 21 22
2187 4197 6 8 10 13 14 18 22
1500 3669 6 8 10 13 14 18 22
5010 5277 6 8 10 13 14 18 22
2937 2121 7 8 10 13 14 19 20 22
3570 4554 7 8 10 13 14 19 21 22
5532 4860 6 8 10 13 14 19 22
3930 3948 6 8 10 13 14 19 22
5001 6312 6 8 10 13 14 20 22
5634 3249 6 8 10 13 14 21 22
2226 5631 5 8 10 13 14 22
4833 1857 9 8 10 15 17 18 19 20 21 22
3882 4512 9 8 10 15 17 18 19 20 21 22
4596 4839 9 8 10 15 17 18 19 20 21 22
1932 3954 8 8 10 15 17 18 19 20 22
6165 6120 8 8 10 15 17 18 19 20 22
6036 5772 8 8 10 15 17 18 19 20 22
4641 5214 8 8 10 15 17 18 19 20 22
2361 4995 8 8 10 15 17 18 19 21 22
4875 4902 8 8 10 15 17 18 19 21 22
6765 3885 8 8 10 15 17 18 19 21 22
5694 2778 7 8 10 15 17 18 19 22
6153 2751 8 8 10 15 17 18 20 21 22
6144 4884 8 8 10 15 17 18 20 21 22
3195 4491 7 8 10 15 17 18 20 22
3825 4410 7 8 10 15 17 18 21 22
4002 4209 6 8 10 15 17 18 22
1341 4182 8 8 10 15 17 19 20 21 22
5037 3216 8 8 10 15 17 19 20 21 22
5205 3114 8 8 10 15 17 19 20 21 22
5154 3612 8 8 10 15 17 19 20 21 22
1341 5742 8 8 10 15 17 19 20 21 22
5034 5154 8 8 10 15 17 19 20 21 22
6054 5481 8 8 10 15 17 19 20 21 22
6159 4755 7 8 10 15 17 19 20 22
2076 5259 7 8 10 15 17 19 20 22
2187 6417 7 8 10 15 17 19 20 22
5745 5340 7 8 10 15 17 19 20 22
5808 6057 7 8 10 15 17 19 20 22
6420 4221 7 8 10 15 17 19 21 22
2214 6447 7 8 10 15 17 19 21 22
3558 5664 6 8 10 15 17 20 22
4197 3528 6 8 10 15 17 21 22
5442 6375 5 8 10 15 17 22
3798 4041 6 8 10 18 19 20 22
4578 3846 6 8 10 18 19 20 22
4431 3903 6 8 10 18 19 21 22
2253 2721 5 8 10 18 19 22
6057 6366 5 8 10 18 20 22
3159 4497 4 8 10 18 22
4941 5031 5 8 10 19 20 22
957 5634 5 8 10 19 20 22
1581 5811 5 8 10 19 21 22
5997 1893 5 8 10 19 21 22
2439 5925 4 8 10 19 22
1218 4047 3 8 10 22
3291 5520 9 9 11 12 13 14 15 17 20 21
3852 5181 10 9 11 12 13 14 16 18 19 20 22
4446 4965 10 9 11 12 13 14 16 18 19 21 22
4431 3792 9 9 11 12 13 14 16 18 20 22
4305 5943 9 9 11 12 13 14 16 18 21 22
4998 4668 9 9 11 12 13 14 16 18 21 22
5187 5817 8 9 11 12 13 14 16 18 22
4698 4908 9 9 11 12 13 14 16 19 20 22
5292 3528 9 9 11 12 13 14 16 19 21 22
6081 3048 8 9 11 12 13 14 16 20 22
5955 1581 8 9 11 12 13 14 16 21 22
4380 4887 9 9 11 12 13 14 18 19 20 21
5760 3366 8 9 11 12 13 14 18 20 21
4242 4095 8 9 11 12 13 14 18 20 21
5241 5010 7 9 11 12 13 14 18 20
3441 5622 7 9 11 12 13 14 18 21
6006 6153 6 9 11 12 13 14 18
4839 4344 8 9 11 12 13 14 19 20 21
6339 2031 7 9 11 12 13 14 20 21
5793 6345 7 9 11 12 13 14 20 21
3903 3801 6 9 11 12 13 14 21
4335 6579 7 9 11 12 15 17 20 21
4179 1419 7 9 11 12 15 17 20 21
4119 6135 7 9 11 12 15 17 20 21
4701 5481 7 9 11 12 15 17 20 21
4878 2172 6 9 11 12 15 17 20
5331 4032 6 9 11 12 15 17 21
5526 4509 6 9 11 12 15 17 21
5184 3678 8 9 11 12 16 18 19 20 22
5808 3060 8 9 11 12 16 18 19 21 22
6033 6351 7 9 11 12 16 19 20 22
5526 2175 6 9 11 12 19 20 21
5478 4002 6 9 11 12 19 20 21
6336 5331 6 9 11 12 19 20 21
6162 5658 6 9 11 12 19 20 21
5730 5046 6 9 11 12 19 20 21
6057 4335 5 9 11 12 19 20
3690 4431 5 9 11 12 20 21
4689 4710 4 9 11 12 20
4722 6453 4 9 11 12 21
5454 2979 3 9 11 12
2781 5307 10 9 11 13 14 15 16 17 18 20 22
2655 6318 10 9 11 13 14 15 16 17 18 21 22
3513 5193 9 9 11 13 14 15 16 17 18 22
3048 2937 10 9 11 13 14 15 16 17 19 20 22
3642 3864 10 9 11 13 14 15 16 17 19 21 22
4431 6345 9 9 11 13 14 15 16 17 20 22
4305 4593 9 9 11 13 14 15 16 17 21 22
5163 2094 8 9 11 13 14 15 16 17 22
2652 5574 9 9 11 13 14 15 17 18 20 21
3591 5424 8 9 11 13 14 15 17 18 20
3789 3414 8 9 11 13 14 15 17 18 21
4155 1122 8 9 11 13 14 15 17 18 21
1791 4005 8 9 11 13 14 15 17 18 21
3633 4608 8 9 11 13 14 15 17 18 21
4332 6447 7 9 11 13 14 15 17 18
4602 5601 8 9 11 13 14 15 17 20 21
4203 3186 8 9 11 13 14 15 17 20 21
5142 4158 7 9 11 13 14 15 17 20
2472 3387 7 9 11 13 14 15 17 21
5883 6246 6 9 11 13 14 15 17
3318 5094 9 9 11 13 14 16 18 19 20 22
5064 4740 9 9 11 13 14 16 18 19 20 22
4194 3159 9 9 11 13 14 16 18 19 21 22
3942 4608 9 9 11 13 14 16 18 19 21 22
3831 6297 9 9 11 13 14 16 18 19 21 22
4896 6366 9 9 11 13 14 16 18 19 21 22
2751 6102 8 9 11 13 14 16 18 19 22
2610 5826 7 9 11 13 14 16 18 22
4968 5499 8 9 11 13 14 16 19 20 22
5481 5328 8 9 11 13 14 16 19 21 22
5592 3723 8 9 11 13 14 16 19 21 22
5961 4434 7 9 11 13 14 16 19 22
3597 5748 7 9 11 13 14 16 19 22
4260 1986 6 9 11 13 14 16 22
4203 2469 8 9 11 13 14 18 19 20 21
5139 4305 7 9 11 13 14 18 19 20
3342 2655 7 9 11 13 14 18 19 21
5511 6186 6 9 11 13 14 18 19
3180 6738 6 9 11 13 14 18 21
1737 4449 5 9 11 13 14 18
6153 4947 5 9 11 13 14 18
6159 4074 5 9 11 13 14 18
6183 3690 7 9 11 13 14 19 20 21
5754 5958 7 9 11 13 14 19 20 21
3801 2271 6 9 11 13 14 19 21
4731 5262 5 9 11 13 14 21
2208 372 4 9 11 13 14
4158 4602 9 9 11 15 16 17 18 19 21 22
5016 1125 8 9 11 15 16 17 18 20 22
5298 6423 8 9 11 15 16 17 18 21 22
5655 3987 8 9 11 15 16 17 18 21 22
5823 4200 7 9 11 15 16 17 18 22
5004 5505 8 9 11 15 16 17 19 21 22
5865 3036 7 9 11 15 16 17 20 22
6429 5613 7 9 11 15 16 17 21 22
3888 4029 7 9 11 15 17 19 20 21
4512 5967 7 9 11 15 17 19 20 21
4251 6228 7 9 11 15 17 19 20 21
4869 4617 6 9 11 15 17 19 21
2100 5319 6 9 11 15 17 20 21
3039 5406 5 9 11 15 17 20
3072 4716 5 9 11 15 17 21
3603 5040 5 9 11 15 17 21
3771 6033 4 9 11 15 17
5925 5460 7 9 11 16 18 19 20 22
6231 5919 7 9 11 16 18 19 21 22
4086 4179 6 9 11 16 18 19 22
5214 3075 5 9 11 16 18 22
4932 1440 5 9 11 16 19 22
3651 5073 5 9 11 19 20 21
4590 3591 4 9 11 19 20
4416 2214 4 9 11 19 21
4644 5433 4 9 11 19 21
4959 4386 3 9 11 19
2628 3525 3 9 11 21
3171 6498 2 9 11
3213 5325 9 9 12 13 15 16 17 18 20 21
3069 1113 9 9 12 13 15 16 17 18 20 21
3129 4191 9 9 12 13 15 16 17 18 20 21
3258 5205 8 9 12 13 15 16 17 18 20
3294 2226 8 9 12 13 15 16 17 18 20
3942 6567 8 9 12 13 15 16 17 18 21
3417 5295 9 9 12 13 15 16 17 19 20 21
4716 2289 8 9 12 13 15 16 17 20 21
4860 4464 8 9 12 13 15 16 17 20 21
4887 5133 8 9 12 13 15 16 17 20 21
4944 4077 7 9 12 13 15 16 17 20
4908 1656 7 9 12 13 15 16 17 20
5592 5757 7 9 12 13 15 16 17 21
5499 4875 8 9 12 13 16 18 19 20 21
3981 5793 8 9 12 13 16 18 19 20 21
4374 1242 7 9 12 13 16 18 19 20
2535 2571 7 9 12 13 16 18 19 20
4809 4518 7 9 12 13 16 18 19 20
3180 4266 7 9 12 13 16 18 19 21
5130 5331 7 9 12 13 16 18 19 21
5205 6231 7 9 12 13 16 18 19 21
5574 4953 6 9 12 13 16 18 19
3105 5613 6 9 12 13 16 18 20
3669 3513 6 9 12 13 16 18 21
3870 5943 5 9 12 13 16 18
6438 5559 7 9 12 13 16 19 20 21
6267 1698 7 9 12 13 16 19 20 21
5631 4230 7 9 12 13 16 19 20 21
5679 3180 7 9 12 13 16 19 20 21
6411 5481 7 9 12 13 16 19 20 21
3381 6942 6 9 12 13 16 19 20
6132 5976 6 9 12 13 16 19 20
4029 3669 6 9 12 13 16 19 21
4755 2907 5 9 12 13 16 20
5319 5328 5 9 12 13 16 21
5520 2163 4 9 12 13 16
2379 2376 9 9 13 15 16 17 18 19 20 21
2895 3072 8 9 13 15 16 17 18 19 20
2727 6228 8 9 13 15 16 17 18 19 20
5208 3861 8 9 13 15 16 17 18 19 20
3528 5472 8 9 13 15 16 17 18 19 21
3372 4935 8 9 13 15 16 17 18 19 21
3909 3114 7 9 13 15 16 17 18 19
5382 1029 8 9 13 15 16 17 18 20 21
5391 5670 8 9 13 15 16 17 18 20 21
1455 4398 7 9 13 15 16 17 18 20
2367 6462 7 9 13 15 16 17 18 20
5889 3510 7 9 13 15 16 17 18 20
2019 4662 7 9 13 15 16 17 18 21
6438 6057 7 9 13 15 16 17 18 21
2196 3672 6 9 13 15 16 17 18
4041 3183 8 9 13 15 16 17 19 20 21
4029 5865 8 9 13 15 16 17 19 20 21
4374 4266 7 9 13 15 16 17 19 20
4545 3369 7 9 13 15 16 17 19 20
4806 5592 7 9 13 15 16 17 19 20
5022 5976 7 9 13 15 16 17 19 21
5538 5040 6 9 13 15 16 17 19
6237 2226 7 9 13 15 16 17 20 21
6228 2139 7 9 13 15 16 17 20 21
3105 4374 6 9 13 15 16 17 20
3669 3111 6 9 13 15 16 17 21
3846 5532 5 9 13 15 16 17
2295 6486 6 9 13 16 18 19 20
3003 4236 6 9 13 16 18 19 20
2919 5295 6 9 13 16 18 19 21
5895 5547 5 9 13 16 18 19
5841 5316 5 9 13 16 18 19
1425 4056 5 9 13 16 18 19
5295 3504 5 9 13 16 18 20
5931 1587 5 9 13 16 18 21
1587 4635 4 9 13 16 18
4662 5592 5 9 13 16 19 20
3945 5538 5 9 13 16 19 20
4569 4800 5 9 13 16 19 21
5220 5937 5 9 13 16 19 21
2271 4095 4 9 13 16 19
4938 6042 4 9 13 16 19
3234 3798 3 9 13 16
5160 5196 9 11 12 14 15 17 18 20 21 22
5658 4329 9 11 12 14 15 17 18 20 21 22
5574 3663 9 11 12 14 15 17 18 20 21 22
2172 4722 9 11 12 14 15 17 18 20 21 22
5658 6162 9 11 12 14 15 17 18 20 21 22
2241 6366 9 11 12 14 15 17 18 20 21 22
4809 6435 9 11 12 14 15 17 18 20 21 22
5208 6351 9 11 12 14 15 17 18 20 21 22
6495 2643 9 11 12 14 15 17 18 20 21 22
5715 3834 8 11 12 14 15 17 18 20 22
6228 5535 8 11 12 14 15 17 18 21 22
6204 6564 8 11 12 14 15 17 18 21 22
4617 2439 9 11 12 14 15 17 19 20 21 22
4593 4632 9 11 12 14 15 17 19 20 21 22
4893 3825 9 11 12 14 15 17 19 20 21 22
5115 6558 9 11 12 14 15 17 19 20 21 22
5466 3870 9 11 12 14 15 17 19 20 21 22
5073 6495 9 11 12 14 15 17 19 20 21 22
3084 5616 8 11 12 14 15 17 20 21 22
2766 5727 8 11 12 14 15 17 20 21 22
3183 2472 8 11 12 14 15 17 20 21 22
2271 4281 8 11 12 14 15 17 20 21 22
6219 2634 8 11 12 14 15 17 20 21 22
3114 5820 8 11 12 14 15 17 20 21 22
2508 2985 8 11 12 14 15 17 20 21 22
6294 2682 8 11 12 14 15 17 20 21 22
3900 2865 7 11 12 14 15 17 20 22
4029 5016 7 11 12 14 15 17 21 22
3933 4701 7 11 12 14 15 17 21 22
6261 5661 8 11 12 14 18 19 20 21 22
3723 4758 8 11 12 14 18 19 20 21 22
5019 2127 7 11 12 14 18 20 21 22
4257 4779 7 11 12 14 18 20 21 22
5562 4797 6 11 12 14 18 20 22
2775 3348 6 11 12 14 18 21 22
5301 3903 6 11 12 14 18 21 22
3600 5592 7 11 12 14 19 20 21 22
3498 5976 7 11 12 14 19 20 21 22
3459 2727 7 11 12 14 19 20 21 22
3831 4416 7 11 12 14 19 20 21 22
4698 5523 6 11 12 14 19 20 22
5049 4416 6 11 12 14 19 21 22
2127 5166 6 11 12 14 20 21 22
1368 5181 6 11 12 14 20 21 22
5496 6144 6 11 12 14 20 21 22
2661 5865 5 11 12 14 20 22
2940 5295 5 11 12 14 21 22
4437 5019 4 11 12 14 22
6645 4047 9 11 14 15 17 18 19 20 21 22
5559 4860 9 11 14 15 17 18 19 20 21 22
4761 2253 9 11 14 15 17 18 19 20 21 22
4749 3693 9 11 14 15 17 18 19 20 21 22
2574 6054 9 11 14 15 17 18 19 20 21 22
6519 4989 9 11 14 15 17 18 19 20 21 22
4770 2787 9 11 14 15 17 18 19 20 21 22
5280 3141 8 11 14 15 17 18 19 20 22
5742 4863 8 11 14 15 17 18 19 21 22
2817 5316 8 11 14 15 17 18 20 21 22
3912 984 7 11 14 15 17 18 20 22
1494 5985 7 11 14 15 17 18 21 22
5454 5469 7 11 14 15 17 18 21 22
3690 5706 7 11 14 15 17 18 21 22
4641 3318 6 11 14 15 17 18 22
2901 6228 8 11 14 15 17 19 20 21 22
3633 5844 8 11 14 15 17 19 20 21 22
3219 5271 8 11 14 15 17 19 20 21 22
3111 2913 8 11 14 15 17 19 20 21 22
6165 5571 8 11 14 15 17 19 20 21 22
6654 6516 8 11 14 15 17 19 20 21 22
3795 4365 8 11 14 15 17 19 20 21 22
6291 3651 8 11 14 15 17 19 20 21 22
4419 4374 7 11 14 15 17 19 20 22
4251 5349 7 11 14 15 17 19 21 22
4464 5304 7 11 14 15 17 19 21 22
4182 2895 7 11 14 15 17 20 21 22
4032 1218 7 11 14 15 17 20 21 22
1029 3618 7 11 14 15 17 20 21 22
5427 5049 6 11 14 15 17 20 22
2349 3498 6 11 14 15 17 20 22
2139 5235 6 11 14 15 17 21 22
5631 4977 6 11 14 15 17 21 22
1860 6378 6 11 14 15 17 21 22
5181 5139 6 11 14 15 17 21 22
5613 2961 6 11 14 15 17 21 22
3180 6303 5 11 14 15 17 22
4218 4251 7 11 14 18 19 20 21 22
5460 5556 6 11 14 18 19 20 22
2673 4722 6 11 14 18 19 21 22
5829 5343 5 11 14 18 19 22
3198 5001 5 11 14 18 21 22
1122 6294 4 11 14 18 22
5424 5004 4 11 14 18 22
5715 4293 6 11 14 19 20 21 22
1908 4683 6 11 14 19 20 21 22
5583 867 6 11 14 19 20 21 22
3159 4929 5 11 14 19 20 22
2976 5514 5 11 14 19 21 22
3471 2310 5 11 14 19 21 22
4299 4569 4 11 14 19 22
867 4125 4 11 14 21 22
4710 5412 4 11 14 21 22
2187 5142 3 11 14 22
4815 5658 11 12 13 14 15 16 17 18 19 20 21 22
2490 4014 11 12 13 14 15 16 17 18 19 20 21 22
2787 6180 11 12 13 14 15 16 17 18 19 20 21 22
5472 3939 10 12 13 14 15 16 17 18 20 21 22
5589 6042 10 12 13 14 15 16 17 18 20 21 22
5412 5520 10 12 13 14 15 16 17 18 20 21 22
5556 4029 10 12 13 14 15 16 17 18 20 21 22
5604 4425 9 12 13 14 15 16 17 18 20 22
6312 6486 9 12 13 14 15 16 17 18 21 22
6288 2904 9 12 13 14 15 16 17 18 21 22
6408 3129 9 12 13 14 15 16 17 18 21 22
4008 3444 10 12 13 14 15 16 17 19 20 21 22
5661 5985 10 12 13 14 15 16 17 19 20 21 22
3678 6273 10 12 13 14 15 16 17 19 20 21 22
1647 1248 9 12 13 14 16 18 19 20 21 22
3414 4008 9 12 13 14 16 18 19 20 21 22
5994 5787 9 12 13 14 16 18 19 20 21 22
6030 4215 9 12 13 14 16 18 19 20 21 22
1599 3966 9 12 13 14 16 18 19 20 21 22
6030 3501 9 12 13 14 16 18 19 20 21 22
2772 3558 8 12 13 14 16 18 19 20 22
3219 6240 8 12 13 14 16 18 19 21 22
5622 5604 8 12 13 14 16 18 19 21 22
4824 3912 8 12 13 14 16 18 20 21 22
5448 6591 7 12 13 14 16 18 20 22
6015 5961 7 12 13 14 16 18 21 22
3246 2328 8 12 13 14 16 19 20 21 22
3642 4326 7 12 13 14 16 19 20 22
6273 2574 7 12 13 14 16 19 21 22
4290 4857 7 12 13 14 16 19 21 22
5673 5892 7 12 13 14 16 20 21 22
2331 6438 9 12 15 16 17 18 19 20 21 22
2253 4203 9 12 15 16 17 18 19 20 21 22
6378 2922 9 12 15 16 17 18 19 20 21 22
5211 4248 9 12 15 16 17 18 19 20 21 22
4995 5613 9 12 15 16 17 18 19 20 21 22
4947 4566 9 12 15 16 17 18 19 20 21 22
5262 4875 9 12 15 16 17 18 19 20 21 22
4839 3459 9 12 15 16 17 18 19 20 21 22
6375 6018 9 12 15 16 17 18 19 20 21 22
4998 3294 9 12 15 16 17 18 19 20 21 22
6237 1563 9 12 15 16 17 18 19 20 21 22
2433 6456 9 12 15 16 17 18 19 20 21 22
4446 4866 9 12 15 16 17 18 19 20 21 22
1974 5631 9 12 15 16 17 18 19 20 21 22
4974 3246 9 12 15 16 17 18 19 20 21 22
4962 5187 9 12 15 16 17 18 19 20 21 22
5307 2019 8 12 15 16 17 18 19 20 22
5295 5475 8 12 15 16 17 18 19 20 22
5967 5079 8 12 15 16 17 18 19 21 22
5943 3831 8 12 15 16 17 18 19 21 22
3378 2139 8 12 15 16 17 18 20 21 22
3438 4119 8 12 15 16 17 18 20 21 22
4635 6096 7 12 15 16 17 18 20 22
3579 4308 7 12 15 16 17 18 20 22
4263 4776 7 12 15 16 17 18 21 22
2979 4332 8 12 15 16 17 19 20 21 22
6057 6189 8 12 15 16 17 19 20 21 22
6120 5691 8 12 15 16 17 19 20 21 22
3060 6054 8 12 15 16 17 19 20 21 22
2820 3618 8 12 15 16 17 19 20 21 22
3162 5394 8 12 15 16 17 19 20 21 22
4230 6132 7 12 15 16 17 20 21 22
5208 5421 6 12 15 16 17 20 22
5538 2901 6 12 15 16 17 20 22
5892 2670 6 12 15 16 17 21 22
3924 4905 6 12 15 17 19 20 21
4224 6000 6 12 15 17 19 20 21
1794 6387 5 12 15 17 20 21
1857 2241 5 12 15 17 20 21
5712 5292 5 12 15 17 20 21
2706 702 5 12 15 17 20 21
2790 4893 5 12 15 17 20 21
5478 4995 5 12 15 17 20 21
2622 6000 5 12 15 17 20 21
5421 6015 5 12 15 17 20 21
2163 5541 5 12 15 17 20 21
3513 5997 4 12 15 17 20
3408 4905 4 12 15 17 20
3537 4293 4 12 15 17 21
3996 4311 7 12 16 18 19 20 21 22
4701 5151 7 12 16 18 19 20 21 22
4047 6132 7 12 16 18 19 20 21 22
4935 3882 7 12 16 18 19 20 21 22
1866 6237 6 12 16 18 19 20 22
4890 1824 6 12 16 18 19 20 22
1866 4431 6 12 16 18 19 20 22
4431 957 6 12 16 18 19 20 22
4794 5184 6 12 16 18 19 20 22
5040 4839 6 12 16 18 19 21 22
2514 4602 6 12 16 18 19 21 22
5883 3597 5 12 16 18 19 22
3348 5295 5 12 16 18 20 22
3987 5067 5 12 16 18 21 22
4191 5352 4 12 16 18 22
5676 5940 6 12 16 19 20 21 22
5622 3162 6 12 16 19 20 21 22
5781 1368 6 12 16 19 20 21 22
2715 5301 5 12 16 19 20 22
3360 5676 5 12 16 19 21 22
4197 6420 4 12 16 20 22
4833 5640 4 12 16 21 22
5820 4590 3 12 16 22
2913 3417 4 12 19 20 21
2961 1557 4 12 19 20 21
4209 6372 3 12 19 20
4656 6192 3 12 19 21
894 4287 3 12 20 21
5148 2817 3 12 20 21
2202 4005 2 12 20
2139 4794 2 12 20
2697 6051 2 12 21
3945 2316 1 12
5073 5154 10 13 14 15 16 17 18 19 20 21 22
4383 3927 10 13 14 15 16 17 18 19 20 21 22
1764 4287 10 13 14 15 16 17 18 19 20 21 22
4419 297 10 13 14 15 16 17 18 19 20 21 22
4434 4404 10 13 14 15 16 17 18 19 20 21 22
1248 4020 10 13 14 15 16 17 18 19 20 21 22
4557 4341 10 13 14 15 16 17 18 19 20 21 22
1764 4218 10 13 14 15 16 17 18 19 20 21 22
4455 5883 10 13 14 15 16 17 18 19 20 21 22
4419 1866 10 13 14 15 16 17 18 19 20 21 22
5133 4002 10 13 14 15 16 17 18 19 20 21 22
1248 3093 10 13 14 15 16 17 18 19 20 21 22
4404 3579 10 13 14 15 16 17 18 19 20 21 22
3129 5496 9 13 14 15 16 17 18 19 20 22
3327 2655 9 13 14 15 16 17 18 19 20 22
4755 4962 9 13 14 15 16 17 18 19 20 22
2094 6192 9 13 14 15 16 17 18 19 20 22
5397 4431 9 13 14 15 16 17 18 19 21 22
2121 4221 9 13 14 15 16 17 18 19 21 22
5394 4071 9 13 14 15 16 17 18 19 21 22
5943 5943 9 13 14 15 16 17 18 19 21 22
3777 2016 9 13 14 15 16 17 18 19 21 22
6231 2781 8 13 14 15 16 17 18 19 22
3234 5709 9 13 14 15 16 17 18 20 21 22
4809 4461 8 13 14 15 16 17 18 20 22
3897 4425 8 13 14 15 16 17 18 20 22
3798 6270 8 13 14 15 16 17 18 20 22
4365 5976 8 13 14 15 16 17 18 21 22
4539 951 7 13 14 15 16 17 18 22
6033 4059 9 13 14 15 16 17 19 20 21 22
2016 3312 9 13 14 15 16 17 19 20 21 22
2016 3939 9 13 14 15 16 17 19 20 21 22
6414 3633 8 13 14 15 16 17 19 20 22
3975 5412 8 13 14 15 16 17 19 20 22
2862 5433 8 13 14 15 16 17 19 20 22
2889 4416 8 13 14 15 16 17 19 21 22
4083 4815 8 13 14 15 16 17 20 21 22
5448 6249 7 13 14 15 16 17 20 22
5331 5004 7 13 14 15 16 17 20 22
5976 6486 7 13 14 15 16 17 21 22
6015 5268 7 13 14 15 16 17 21 22
6189 6333 6 13 14 15 16 17 22
4743 4098 8 13 14 16 18 19 20 21 22
1659 3576 7 13 14 16 18 19 20 22
5466 5292 7 13 14 16 18 19 20 22
783 3234 7 13 14 16 18 19 20 22
4326 3909 7 13 14 16 18 19 20 22
4335 5712 7 13 14 16 18 19 20 22
4950 4032 7 13 14 16 18 19 21 22
1098 5262 7 13 14 16 18 19 21 22
4971 6162 7 13 14 16 18 19 21 22
3672 5424 6 13 14 16 18 19 22
2346 4428 6 13 14 16 18 19 22
5313 3291 6 13 14 16 18 19 22
5445 5337 6 13 14 16 18 19 22
3141 3678 6 13 14 16 18 20 22
3774 4614 6 13 14 16 18 21 22
372 5931 5 13 14 16 18 22
702 2697 5 13 14 16 18 22
3609 5448 5 13 14 16 18 22
5589 5163 7 13 14 16 19 20 21 22
5598 5031 7 13 14 16 19 20 21 22
1563 6165 6 13 14 16 19 20 22
5985 5832 6 13 14 16 19 20 22
2187 5493 6 13 14 16 19 21 22
3114 4239 5 13 14 16 19 22
3987 3207 5 13 14 16 20 22
4623 3294 5 13 14 16 21 22
1893 1503 4 13 14 16 22
5277 4158 4 13 14 16 22
279 4446 3 13 14 18
321 6069 2 13 14
3051 4689 8 15 16 17 18 19 20 21 22
3186 3783 8 15 16 17 18 19 20 21 22
2907 3003 8 15 16 17 18 19 20 21 22
3186 2652 8 15 16 17 18 19 20 21 22
3216 2640 7 15 16 17 18 19 20 22
1557 2775 7 15 16 17 18 19 20 22
3792 3483 7 15 16 17 18 19 21 22
5259 1275 7 15 16 17 18 19 21 22
1584 5625 7 15 16 17 18 19 21 22
3780 3855 7 15 16 17 18 19 21 22
4209 4623 6 15 16 17 18 19 22
4656 6312 7 15 16 17 18 20 21 22
1698 2253 6 15 16 17 18 20 22
6132 321 6 15 16 17 18 20 22
2337 3258 6 15 16 17 18 21 22
2505 5955 5 15 16 17 18 22
4026 3315 7 15 16 17 19 20 21 22
4032 4521 7 15 16 17 19 20 21 22
2283 3513 6 15 16 17 19 20 22
4503 4608 6 15 16 17 19 20 22
5397 4128 6 15 16 17 19 20 22
5397 1248 6 15 16 17 19 20 22
6162 5550 6 15 16 17 19 21 22
2310 4803 6 15 16 17 19 21 22
5421 5310 6 15 16 17 19 21 22
5469 5220 6 15 16 17 19 21 22
5838 5313 5 15 16 17 19 22
5514 5205 6 15 16 17 20 21 22
5505 4812 6 15 16 17 20 21 22
2865 3942 5 15 16 17 20 22
3183 4896 5 15 16 17 21 22
4137 4098 4 15 16 17 22
2682 4647 5 15 17 19 20 21
2415 2661 5 15 17 19 20 21
4968 612 5 15 17 19 20 21
5004 4716 5 15 17 19 20 21
2904 4833 5 15 17 19 20 21
3528 3381 4 15 17 19 20
5349 3681 4 15 17 19 20
3555 5883 4 15 17 19 21
3636 4533 4 15 17 20 21
612 5016 4 15 17 20 21
633 5301 4 15 17 20 21
3756 6081 3 15 17 20
1419 5796 3 15 17 20
1503 3426 3 15 17 21
1443 3150 3 15 17 21
2289 5550 2 15 17
6333 2187 6 16 18 19 20 21 22
6165 2361 6 16 18 19 20 21 22
3249 5280 5 16 18 19 20 22
2442 3180 5 16 18 19 20 22
2937 4182 5 16 18 19 21 22
3885 6147 5 16 18 19 21 22
1437 3642 4 16 18 19 22
3693 6555 4 16 18 19 22
4563 5589 4 16 18 20 22
5196 2490 4 16 18 21 22
2031 3393 3 16 18 22
4095 3399 4 16 19 20 22
3927 3516 4 16 19 20 22
4566 6438 4 16 19 21 22
2163 6030 3 16 19 22
5409 2016 3 16 20 22
3519 3798 2 16 22
1065 4545 1 18
5079 4656 3 19 20 21
1392 5448 3 19 20 21
2217 5073 2 19 20
4935 3186 2 19 20
2640 5931 2 19 20
2532 4047 2 19 21
3780 1932 1 19
720 6153 1 20
1350 2805 1 21
