20 1217 
3850 1134 7 1 3 8 11 14 19 20
4488 2488 6 1 3 8 11 14 20
4014 3616 7 1 3 8 11 15 19 20
4652 5290 6 1 3 8 11 15 20
3784 4548 7 1 3 8 14 16 19 20
4408 5318 6 1 3 8 14 16 20
3946 4056 7 1 3 8 15 16 19 20
4572 3682 6 1 3 8 15 16 20
5202 1758 4 1 3 8 19
4080 2468 4 1 3 12 19
4916 4318 5 1 4 6 10 19
5206 4022 4 1 4 6 10
3928 3280 7 1 4 8 10 11 13 15
4012 2868 7 1 4 8 10 13 14 16
4042 2408 7 1 4 8 10 13 15 16
4284 2520 8 1 4 8 11 13 14 15 19
4896 2816 7 1 4 8 11 13 14 15
4322 3318 8 1 4 8 13 14 15 16 19
2370 2982 7 1 4 8 13 14 15 16
4970 3886 7 1 4 8 13 14 15 16
3808 2414 7 1 4 10 11 14 16 20
3810 2960 7 1 4 10 11 15 16 20
3632 3148 4 1 4 10 11
4870 4624 4 1 4 10 11
3318 5288 4 1 4 10 16
4040 4412 8 1 4 11 14 15 16 19 20
2136 5454 7 1 4 11 14 15 16 20
4734 2714 7 1 4 11 14 15 16 20
5232 3084 5 1 4 11 14 19
3230 3618 4 1 4 11 14
5396 4140 5 1 4 11 15 19
3400 4330 4 1 4 11 15
5124 3866 5 1 4 15 16 19
1828 3488 6 1 6 7 10 18 20
1982 3312 6 1 6 9 10 19 20
2714 3688 5 1 6 9 10 20
3996 900 6 1 6 9 14 19 20
4726 1516 5 1 6 9 14 20
4160 3644 6 1 6 9 15 19 20
4890 4070 5 1 6 9 15 20
2124 2742 5 1 6 10 19 20
2414 3086 4 1 6 10 20
1854 4150 6 1 7 10 12 13 18
4252 234 6 1 8 9 13 14 19
4930 3794 5 1 8 9 13 14
4416 916 6 1 8 9 13 15 19
5094 3402 5 1 8 9 13 15
4866 3308 7 1 8 10 11 13 14 20
5028 3618 7 1 8 10 11 13 15 20
4278 2858 8 1 8 10 13 14 16 19 20
3782 3868 7 1 8 10 13 14 16 20
4786 4224 7 1 8 10 13 14 16 20
4440 3424 8 1 8 10 13 15 16 19 20
4154 5278 7 1 8 10 13 15 16 20
5248 3610 7 1 8 10 13 15 16 20
5088 3698 7 1 8 10 13 15 16 20
5470 3248 5 1 8 10 13 19
3494 3764 4 1 8 10 13
3608 4018 4 1 8 10 13
3938 3256 7 1 8 13 14 17 18 19
4564 662 6 1 8 13 14 17 18
3800 4042 5 1 8 13 14 19
1854 3748 4 1 8 13 14
4448 3816 4 1 8 13 14
4102 4640 7 1 8 13 15 17 18 19
4728 4476 6 1 8 13 15 17 18
3970 4136 5 1 8 13 15 19
4486 5452 4 1 8 13 15
2058 4488 4 1 8 13 15
2680 3822 6 1 9 10 12 13 19
2780 4600 5 1 9 10 12 13
4026 3946 6 1 9 11 14 19 20
4704 2198 5 1 9 11 14 20
4188 2030 6 1 9 11 15 19 20
4866 1368 5 1 9 11 15 20
4788 2404 5 1 9 12 13 14
4950 4206 5 1 9 12 13 15
3958 2780 6 1 9 14 16 19 20
4624 1586 5 1 9 14 16 20
4122 3664 6 1 9 15 16 19 20
4786 3790 5 1 9 15 16 20
4076 4182 3 1 9 19
5238 3950 5 1 10 11 19 20
3260 2842 4 1 10 11 20
3014 3910 6 1 10 12 13 17 18
2488 4372 4 1 10 12 13
3088 3862 4 1 10 16 20
3754 924 7 1 11 14 17 18 19 20
4380 3810 6 1 11 14 17 18 20
3616 4912 5 1 11 14 19 20
4402 1622 4 1 11 14 20
1622 4904 4 1 11 14 20
3918 2824 7 1 11 15 17 18 19 20
4544 5192 6 1 11 15 17 18 20
3786 1918 5 1 11 15 19 20
4372 936 4 1 11 15 20
1802 4508 4 1 11 15 20
4634 754 5 1 14 16 19 20
4968 3278 5 1 15 16 19 20
4350 3854 4 1 17 18 19
194 4596 1 1
4902 4428 4 2 3 12 19
4198 1358 6 2 4 7 10 16 18
2970 1282 7 2 4 7 15 16 18 19
2832 2196 6 2 4 7 15 16 18
4392 4144 6 2 4 9 10 16 19
5084 2866 5 2 4 9 10 16
3026 4110 6 2 4 9 15 16 19
3716 1996 5 2 4 9 15 16
4666 5344 7 2 4 10 16 17 18 19
5318 4098 6 2 4 10 16 17 18
4534 4134 5 2 4 10 16 19
4780 2908 4 2 4 10 16
3518 2756 7 2 4 14 16 17 18 19
4170 2416 6 2 4 14 16 17 18
5512 4256 5 2 4 14 16 19
3300 2606 7 2 4 15 16 17 18 19
3950 5014 6 2 4 15 16 17 18
3168 2912 5 2 4 15 16 19
3412 2518 4 2 4 15 16
2904 1630 5 2 5 6 17 19
3556 3042 4 2 5 6 17
3592 4352 5 2 5 7 11 19
3316 1890 4 2 5 7 11
3824 4028 5 2 5 11 17 19
3944 928 5 2 5 11 17 19
4474 3970 4 2 5 11 17
3592 5246 5 2 5 16 17 19
3774 3152 5 2 5 16 17 19
3892 2136 4 2 5 16 17
1890 3970 5 2 7 9 18 19
2582 2560 4 2 7 9 18
2910 3500 6 2 7 10 16 18 20
2480 2610 7 2 7 14 16 18 19 20
2366 598 6 2 7 14 16 18 20
2812 3214 7 2 7 15 16 18 19 20
4078 4338 6 2 7 15 16 18 20
2674 3472 6 2 7 15 16 18 20
2408 4892 4 2 7 18 19
4730 5188 3 2 7 18
2132 3806 3 2 7 18
3686 3508 7 2 8 13 14 17 18 19
4336 4884 6 2 8 13 14 17 18
4018 4806 7 2 8 13 15 17 18 19
4668 3058 6 2 8 13 15 17 18
4164 2482 6 2 9 10 16 19 20
4208 3044 6 2 9 10 16 19 20
3694 4126 6 2 9 10 16 19 20
4386 3142 5 2 9 10 16 20
3152 4132 6 2 9 14 16 19 20
2560 3092 6 2 9 14 16 19 20
3252 650 5 2 9 14 16 20
3460 2860 6 2 9 15 16 19 20
2868 2564 6 2 9 15 16 19 20
3560 2906 5 2 9 15 16 20
2498 3018 5 2 9 17 18 19
2498 3152 5 2 9 17 18 19
3150 2400 4 2 9 17 18
2326 2042 3 2 9 19
2918 3170 3 2 9 19
3018 3860 2 2 9
3378 4122 7 2 10 16 17 18 19 20
4030 3026 6 2 10 16 17 18 20
5132 4698 6 2 10 16 17 18 20
3246 2346 5 2 10 16 19 20
3936 4448 4 2 10 16 20
3482 4600 7 2 11 14 17 18 19 20
4134 1450 6 2 11 14 17 18 20
3816 1422 7 2 11 15 17 18 19 20
4466 3676 6 2 11 15 17 18 20
2834 5258 7 2 14 16 17 18 19 20
1758 2482 7 2 14 16 17 18 19 20
4366 4876 7 2 14 16 17 18 19 20
3016 3412 7 2 14 16 17 18 19 20
5014 3870 6 2 14 16 17 18 20
2410 5000 6 2 14 16 17 18 20
2696 1558 5 2 14 16 19 20
4292 3430 5 2 14 16 19 20
2946 4656 4 2 14 16 20
4530 4246 7 2 15 16 17 18 19 20
1928 4246 7 2 15 16 17 18 19 20
4504 2150 7 2 15 16 17 18 19 20
4504 4504 7 2 15 16 17 18 19 20
3142 1218 7 2 15 16 17 18 19 20
3648 2086 6 2 15 16 17 18 20
2578 4802 6 2 15 16 17 18 20
3794 2162 6 2 15 16 17 18 20
3392 5320 5 2 15 16 19 20
3010 4472 5 2 15 16 19 20
4462 4968 5 2 15 16 19 20
3256 2058 4 2 15 16 20
2600 3804 4 2 17 18 19
3252 3420 3 2 17 18
2468 5192 2 2 19
2714 2770 1 2
2408 1154 8 3 4 5 11 12 15 16 17
4724 2350 6 3 4 6 12 15 19
4218 5036 9 3 4 8 11 14 15 16 19 20
4856 4426 8 3 4 8 11 14 15 16 20
5314 4170 6 3 4 8 11 14 19
4472 4990 9 3 4 8 12 13 14 15 16 19
5120 4360 8 3 4 8 12 13 14 15 16
5392 3254 6 3 4 8 14 16 19
4010 4544 7 3 4 9 11 12 15 19
3688 3824 7 3 4 9 12 15 16 19
5026 5004 5 3 4 10 11 12
5092 3608 5 3 4 10 12 16
4294 4534 9 3 4 11 12 14 15 16 19 20
4892 1150 8 3 4 11 12 14 15 16 20
3504 3124 7 3 4 11 12 14 17 18
5388 1928 6 3 4 11 12 14 19
3668 3678 7 3 4 11 12 15 17 18
3570 3268 7 3 4 12 14 16 17 18
5454 1492 6 3 4 12 14 16 19
3734 3310 7 3 4 12 15 16 17 18
1936 3496 6 3 5 6 7 12 19
2222 2410 5 3 5 6 7 12
3748 1030 6 3 5 6 8 17 19
1356 4056 7 3 5 6 9 12 17 19
1650 4740 6 3 5 6 9 12 17
2626 4484 6 3 5 6 12 17 19
3158 2072 6 3 5 6 12 17 19
1060 4348 6 3 5 6 12 17 19
1620 4350 5 3 5 6 12 17
3360 2688 5 3 5 6 12 17
2842 3216 6 3 5 7 11 12 19
662 3764 5 3 5 7 11 12
662 3318 5 3 5 7 11 12
2908 5438 5 3 5 7 12 16
2224 2062 8 3 5 8 12 13 14 16 17
2598 4914 8 3 5 8 12 13 15 16 17
2022 3518 8 3 5 11 12 14 16 17 20
2394 4304 8 3 5 11 12 15 16 17 20
4040 3548 6 3 5 11 12 17 19
1882 4564 5 3 5 11 12 17
1762 4022 5 3 5 11 12 17
4278 4970 5 3 5 11 12 17
3808 1342 6 3 5 12 16 17 19
1630 4812 5 3 5 12 16 17
2666 3518 8 3 6 7 10 12 18 19 20
4910 4666 7 3 6 8 9 10 19 20
4420 3608 6 3 6 8 10 19 20
3592 3938 7 3 6 9 10 12 19 20
3824 2902 8 3 6 10 12 17 18 19 20
3300 4432 6 3 6 10 12 19 20
2650 3570 8 3 6 12 14 17 18 19 20
2934 2240 7 3 6 12 14 17 18 20
4348 4606 6 3 6 12 14 19 20
2982 3400 8 3 6 12 15 17 18 19 20
3268 4516 7 3 6 12 15 17 18 20
4656 2394 6 3 6 12 15 19 20
2578 2186 7 3 7 8 10 12 13 18
2892 3942 8 3 7 8 12 13 14 18 19
3084 3960 7 3 7 8 12 13 14 18
3054 2570 8 3 7 8 12 13 15 18 19
3696 1390 7 3 7 8 12 13 15 18
3416 5034 7 3 7 8 12 13 15 18
1748 1998 6 3 7 9 12 18 19
1902 4078 5 3 7 9 12 18
2352 3764 7 3 7 10 11 12 18 20
2272 4664 7 3 7 10 12 16 18 20
2714 4026 8 3 7 11 12 14 18 19 20
2882 1480 7 3 7 11 12 14 18 20
3312 2140 7 3 7 11 12 14 18 20
2876 860 8 3 7 11 12 15 18 19 20
3214 3358 7 3 7 11 12 15 18 20
3518 3234 7 3 7 11 12 15 18 20
2634 4192 8 3 7 12 14 16 18 19 20
2416 3096 7 3 7 12 14 16 18 20
2796 3782 8 3 7 12 15 16 18 19 20
2748 4408 7 3 7 12 15 16 18 20
3396 1032 7 3 7 12 15 16 18 20
1658 1644 5 3 7 12 18 19
4282 2904 5 3 7 12 18 19
1978 4270 4 3 7 12 18
1998 3754 4 3 7 12 18
536 3848 4 3 7 12 18
3354 5202 7 3 8 9 10 12 13 19
4044 1982 6 3 8 9 10 12 13
3866 4956 7 3 8 9 12 13 14 19
4316 5076 7 3 8 9 12 13 14 19
5006 4504 6 3 8 9 12 13 14
4200 2970 7 3 8 9 12 13 15 19
5168 1416 6 3 8 9 12 13 15
3532 3394 6 3 8 9 17 18 19
3502 2918 4 3 8 9 19
5324 3736 6 3 8 10 11 19 20
4428 4184 9 3 8 10 12 13 14 16 19 20
5026 3500 8 3 8 10 12 13 14 16 20
4592 2872 9 3 8 10 12 13 15 16 19 20
5240 1810 8 3 8 10 12 13 15 16 20
3688 4110 7 3 8 10 12 13 17 18
3644 3852 5 3 8 10 12 13
5258 2514 6 3 8 10 16 19 20
3862 3886 8 3 8 11 14 17 18 19 20
4500 4630 7 3 8 11 14 17 18 20
3698 4118 6 3 8 11 14 19 20
4336 4780 5 3 8 11 14 20
4026 4288 8 3 8 11 15 17 18 19 20
4664 2868 7 3 8 11 15 17 18 20
3868 1178 6 3 8 11 15 19 20
4506 4534 5 3 8 11 15 20
1982 4634 10 3 8 12 13 14 15 16 17 18 20
3902 1956 8 3 8 12 13 14 17 18 19
1624 2642 7 3 8 12 13 14 17 18
4200 2570 7 3 8 12 13 14 17 18
3952 2880 6 3 8 12 13 14 19
4600 2326 5 3 8 12 13 14
4116 3782 8 3 8 12 13 15 17 18 19
4214 1006 8 3 8 12 13 15 17 18 19
4474 4668 7 3 8 12 13 15 17 18
1956 2978 7 3 8 12 13 15 17 18
4120 4486 6 3 8 12 13 15 19
4768 5442 5 3 8 12 13 15
3782 4332 8 3 8 14 16 17 18 19 20
4420 3426 7 3 8 14 16 17 18 20
3632 3176 6 3 8 14 16 19 20
4256 1134 5 3 8 14 16 20
3946 5124 8 3 8 15 16 17 18 19 20
4584 5076 7 3 8 15 16 17 18 20
3800 4966 6 3 8 15 16 19 20
4426 4010 5 3 8 15 16 20
1088 2714 3 3 8 19
1134 4264 2 3 8
3176 2524 7 3 9 10 11 12 19 20
3866 3010 6 3 9 10 11 12 20
3096 4232 7 3 9 10 12 16 19 20
3786 3974 6 3 9 10 12 16 20
4228 5248 7 3 9 11 12 14 19 20
3664 2650 7 3 9 11 12 14 19 20
4828 4158 6 3 9 11 12 14 20
3998 1350 7 3 9 11 12 15 19 20
4990 4540 6 3 9 11 12 15 20
4058 4386 7 3 9 12 14 16 19 20
3198 3792 7 3 9 12 14 16 19 20
4748 4664 6 3 9 12 14 16 20
3530 4336 7 3 9 12 15 16 19 20
4910 4134 6 3 9 12 15 16 20
2410 4402 6 3 9 12 17 18 19
990 3632 6 3 9 12 17 18 19
2860 842 6 3 9 12 17 18 19
1282 2786 5 3 9 12 17 18
2960 3532 5 3 9 12 17 18
2376 2876 4 3 9 12 19
642 2696 4 3 9 12 19
936 1510 3 3 9 12
3510 4012 7 3 10 11 12 17 18 20
5296 4782 6 3 10 11 12 19 20
5380 3808 6 3 10 11 12 19 20
3416 3336 5 3 10 11 12 20
3430 2416 7 3 10 12 16 17 18 20
5228 2358 6 3 10 12 16 19 20
3336 3762 5 3 10 12 16 20
3872 2936 8 3 11 12 14 17 18 19 20
3700 4102 8 3 11 12 14 17 18 19 20
1422 5074 7 3 11 12 14 17 18 20
1890 4910 7 3 11 12 14 17 18 20
3774 3980 6 3 11 12 14 19 20
4372 3944 5 3 11 12 14 20
4022 3174 8 3 11 12 15 17 18 19 20
3938 5186 8 3 11 12 15 17 18 19 20
2058 5298 7 3 11 12 15 17 18 20
1754 4116 7 3 11 12 15 17 18 20
4352 4152 7 3 11 12 15 17 18 20
4270 3892 7 3 11 12 15 17 18 20
3942 4916 6 3 11 12 15 19 20
4542 5354 5 3 11 12 15 20
3234 3872 8 3 12 14 16 17 18 19 20
3792 4712 8 3 12 14 16 17 18 19 20
3532 3126 7 3 12 14 16 17 18 20
1810 3686 7 3 12 14 16 17 18 20
1044 3772 7 3 12 14 16 17 18 20
3694 4026 6 3 12 14 16 19 20
4292 4268 5 3 12 14 16 20
3566 1558 8 3 12 15 16 17 18 19 20
3870 4154 8 3 12 15 16 17 18 19 20
3886 1994 7 3 12 15 16 17 18 20
1288 3866 7 3 12 15 16 17 18 20
1978 4468 7 3 12 15 16 17 18 20
3862 4670 6 3 12 15 16 19 20
4462 4590 5 3 12 15 16 20
2816 3310 5 3 12 17 18 19
924 2746 4 3 12 17 18
2290 3316 3 3 12 19
970 716 2 3 12
4540 4888 6 4 5 6 7 10 11
3310 3040 7 4 5 6 7 11 15 19
3172 2510 6 4 5 6 7 11 15
3992 2690 7 4 5 6 11 15 17 19
3324 5288 7 4 5 6 15 16 17 19
3610 3208 6 4 5 6 15 16 17
3980 1382 6 4 5 7 11 15 16
3618 2556 9 4 5 10 11 12 13 15 16 17
3216 3440 7 4 5 11 14 16 17 19
3854 5154 6 4 5 11 14 16 17
3420 2680 7 4 5 11 15 16 17 19
1918 3354 7 4 5 11 15 16 17 19
4618 2444 6 4 5 11 15 16 17
2042 1380 6 4 5 11 15 16 17
3080 4206 7 4 6 7 9 10 18 19
3810 2612 6 4 6 7 9 10 18
1714 4086 7 4 6 7 9 15 18 19
2444 3872 6 4 6 7 9 15 18
3732 2232 8 4 6 7 10 15 16 18 20
3362 5206 5 4 6 7 10 18
2340 4070 9 4 6 7 14 15 16 18 19 20
2128 3298 8 4 6 7 14 15 16 18 20
4190 1762 6 4 6 7 14 18 19
4338 4750 5 4 6 7 14 18
2126 2496 6 4 6 7 15 18 19
4354 2910 6 4 6 7 15 18 19
4614 1208 5 4 6 7 15 18
1994 5314 5 4 6 7 15 18
5036 4282 10 4 6 8 10 13 14 15 16 19 20
5154 1700 8 4 6 9 10 11 15 19 20
3886 2266 8 4 6 9 10 15 16 19 20
4616 4684 7 4 6 9 10 15 16 20
3516 4138 5 4 6 9 10 19
4246 4204 4 4 6 9 10
2334 4490 8 4 6 9 14 15 16 19 20
2894 2910 8 4 6 9 14 15 16 19 20
4424 4370 8 4 6 9 14 15 16 19 20
2994 3992 7 4 6 9 14 15 16 20
4492 3438 5 4 6 9 14 19
5224 4572 4 4 6 9 14
2148 3708 5 4 6 9 15 19
5314 5368 5 4 6 9 15 19
2780 4130 5 4 6 9 15 19
4726 2126 5 4 6 9 15 19
2880 5318 4 4 6 9 15
4664 4734 7 4 6 10 11 15 19 20
3772 4188 7 4 6 10 14 16 19 20
4140 2334 6 4 6 10 14 16 20
4028 2620 7 4 6 10 15 16 19 20
4312 4270 6 4 6 10 15 16 20
3652 3780 4 4 6 10 19
3942 3842 3 4 6 10
2828 4266 7 4 6 14 15 16 19 20
4060 5168 7 4 6 14 15 16 19 20
2406 3510 7 4 6 14 15 16 19 20
5480 2136 7 4 6 14 15 16 19 20
2690 4866 6 4 6 14 15 16 20
5260 3252 6 4 6 14 15 16 20
5170 1770 6 4 6 14 17 18 19
5004 1164 6 4 6 14 17 18 19
5288 2906 5 4 6 14 17 18
4628 2714 4 4 6 14 19
4920 3114 3 4 6 14
5000 3530 6 4 6 15 17 18 19
5406 1518 6 4 6 15 17 18 19
2284 3494 4 4 6 15 19
2576 2812 3 4 6 15
3208 4278 9 4 7 8 13 14 15 16 18 19
3856 5028 8 4 7 8 13 14 15 16 18
3762 1980 5 4 7 10 11 18
3840 3148 5 4 7 10 16 18
3030 3300 9 4 7 11 14 15 16 18 19 20
3630 3574 8 4 7 11 14 15 16 18 20
4124 2406 6 4 7 11 14 18 19
4724 3896 5 4 7 11 14 18
4288 3890 6 4 7 11 15 18 19
4888 2038 5 4 7 11 15 18
2274 3068 9 4 7 12 13 14 15 16 18 19
2136 2710 8 4 7 12 13 14 15 16 18
4202 4076 6 4 7 14 16 18 19
4802 2738 5 4 7 14 16 18
4366 2796 6 4 7 15 16 18 19
4966 850 5 4 7 15 16 18
4640 4840 8 4 8 9 13 14 15 16 19
4118 3936 8 4 8 9 13 14 15 16 19
5318 3076 7 4 8 9 13 14 15 16
4614 3752 10 4 8 10 11 13 14 15 16 19 20
4602 1166 10 4 8 10 11 13 14 15 16 19 20
5214 2780 9 4 8 10 11 13 14 15 16 20
3170 1182 7 4 8 10 11 13 15 19
3782 3706 6 4 8 10 11 13 15
3068 3646 6 4 8 10 13 14 16
5258 3604 6 4 8 10 13 14 16
3236 3400 7 4 8 10 13 15 16 19
3120 4546 6 4 8 10 13 15 16
4276 3830 9 4 8 11 13 14 15 17 18 19
4914 1198 8 4 8 11 13 14 15 17 18
4138 4708 7 4 8 11 13 14 15 19
4750 3642 6 4 8 11 13 14 15
4302 5378 9 4 8 13 14 15 16 17 18 19
4466 2366 8 4 8 13 14 15 16 17 18
4426 3086 8 4 8 13 14 15 16 17 18
4204 3108 7 4 8 13 14 15 16 19
4186 3942 7 4 8 13 14 15 16 19
1558 3012 7 4 8 13 14 15 16 19
1562 3966 7 4 8 13 14 15 16 19
1396 3892 6 4 8 13 14 15 16
4032 882 6 4 8 13 14 15 16
1380 4294 6 4 8 13 14 15 16
5220 990 8 4 9 10 11 12 13 15 19
4534 5258 5 4 9 10 11 19
5224 3560 4 4 9 10 11
4904 4440 8 4 9 10 12 13 15 16 19
4600 4176 5 4 9 10 16 19
5290 4372 4 4 9 10 16
3916 2858 8 4 9 11 14 15 16 19 20
4414 3874 8 4 9 11 14 15 16 19 20
5092 1044 7 4 9 11 14 15 16 20
3776 2058 7 4 9 11 15 17 18 19
3746 4828 5 4 9 11 15 19
2962 3014 8 4 9 12 13 14 15 16 19
3062 1828 7 4 9 12 13 14 15 16
3454 4890 7 4 9 15 16 17 18 19
3426 3378 5 4 9 15 16 19
4670 4140 10 4 10 11 12 13 14 15 16 19 20
5270 4786 9 4 10 11 12 13 14 15 16 20
3882 3518 8 4 10 11 12 13 14 17 18
4046 3514 8 4 10 11 12 13 15 17 18
3086 4786 9 4 10 11 14 16 17 18 19 20
3712 3054 8 4 10 11 14 16 17 18 20
2948 4182 7 4 10 11 14 16 19 20
4980 4316 6 4 10 11 14 16 20
5024 1068 6 4 10 11 14 16 20
3548 5026 6 4 10 11 14 16 20
2866 3568 6 4 10 11 14 16 20
3250 3946 9 4 10 11 15 16 17 18 19 20
3874 4032 8 4 10 11 15 16 17 18 20
2924 2374 7 4 10 11 15 16 19 20
3618 2578 6 4 10 11 15 16 20
2744 3840 6 4 10 11 15 16 20
5396 4462 6 4 10 11 15 16 20
2918 194 6 4 10 11 15 16 20
4230 4124 6 4 10 11 17 18 19
4868 3164 5 4 10 11 17 18
4098 3690 4 4 10 11 19
2822 2842 3 4 10 11
4716 4200 3 4 10 11
3946 4080 8 4 10 12 13 14 16 17 18
4206 3244 6 4 10 12 13 14 16
4110 4128 8 4 10 12 13 15 16 17 18
4508 4152 6 4 10 12 13 15 16
4308 4356 6 4 10 16 17 18 19
4934 4366 5 4 10 16 17 18
4176 3996 4 4 10 16 19
4782 3532 3 4 10 16
2886 3962 3 4 10 16
3954 3734 9 4 11 14 15 16 17 18 19 20
4140 2224 9 4 11 14 15 16 17 18 19 20
3994 3792 9 4 11 14 15 16 17 18 19 20
4078 5224 8 4 11 14 15 16 17 18 20
4264 4160 8 4 11 14 15 16 17 18 20
4118 536 8 4 11 14 15 16 17 18 20
3896 3918 7 4 11 14 15 16 19 20
3822 1004 7 4 11 14 15 16 19 20
1356 3700 7 4 11 14 15 16 19 20
3960 3192 7 4 11 14 15 16 19 20
1384 5232 7 4 11 14 15 16 19 20
3830 3148 6 4 11 14 15 16 20
1178 2554 6 4 11 14 15 16 20
1996 4856 6 4 11 14 15 16 20
3596 2926 6 4 11 14 17 18 19
2610 3148 6 4 11 14 17 18 19
3248 3904 5 4 11 14 17 18
5072 798 4 4 11 14 19
2478 3952 4 4 11 14 19
3090 3258 3 4 11 14
2780 3036 6 4 11 15 17 18 19
5380 2968 6 4 11 15 17 18 19
5378 5240 6 4 11 15 17 18 19
3418 1598 5 4 11 15 17 18
1378 3922 4 4 11 15 19
3792 2642 4 4 11 15 19
1166 3548 3 4 11 15
3432 4616 9 4 12 13 14 15 16 17 18 19
3296 3774 8 4 12 13 14 15 16 17 18
2906 4100 7 4 12 13 14 15 16 19
2770 4798 6 4 12 13 14 15 16
2688 4870 6 4 14 16 17 18 19
5270 3104 6 4 14 16 17 18 19
3312 4280 5 4 14 16 17 18
2556 2346 4 4 14 16 19
3144 2886 4 4 14 16 19
1260 2498 3 4 14 16
2858 2356 6 4 15 16 17 18 19
3608 4854 6 4 15 16 17 18 19
3482 3542 5 4 15 16 17 18
1430 1408 4 4 15 16 19
1218 2858 3 4 15 16
1294 4506 3 4 15 16
2196 4154 7 5 6 7 9 10 11 20
2162 2506 5 5 6 7 9 19
2094 3144 5 5 6 7 9 19
2072 5100 5 5 6 7 9 19
2530 2780 4 5 6 7 9
2448 2448 4 5 6 7 9
1748 1900 6 5 6 7 10 11 20
4400 3396 6 5 6 7 10 11 20
3148 2848 7 5 6 7 10 12 13 19
3438 2278 6 5 6 7 10 12 13
4098 2892 6 5 6 7 10 16 20
2910 3600 7 5 6 7 11 14 19 20
2796 4148 6 5 6 7 11 14 20
3148 1196 7 5 6 7 11 15 19 20
3106 4176 6 5 6 7 11 15 20
3686 4420 6 5 6 7 14 16 20
3890 2496 6 5 6 7 15 16 20
1004 2846 6 5 6 7 17 18 19
2346 4554 6 5 6 7 17 18 19
2350 2560 6 5 6 7 17 18 19
1198 4166 5 5 6 7 17 18
2496 3076 5 5 6 7 17 18
4812 4060 4 5 6 7 19
2126 1608 4 5 6 7 19
5076 3940 3 5 6 7
2416 3230 3 5 6 7
2498 1620 3 5 6 7
3500 240 7 5 6 8 10 13 17 19
4230 4420 6 5 6 8 10 13 17
3850 3198 7 5 6 8 13 14 17 19
4554 4514 7 5 6 8 13 14 17 19
5192 3006 6 5 6 8 13 14 17
4182 3850 7 5 6 8 13 15 17 19
4624 4190 7 5 6 8 13 15 17 19
5354 2974 6 5 6 8 13 15 17
1860 2264 8 5 6 9 10 12 13 17 19
2358 3324 7 5 6 9 10 12 13 17
1224 4292 5 5 6 9 17 19
2628 4198 5 5 6 9 17 19
2650 4868 5 5 6 9 17 19
1518 1736 4 5 6 9 17
3272 4520 7 5 6 10 11 17 19 20
4002 2666 6 5 6 10 11 17 20
1770 3312 7 5 6 10 12 13 17 19
3356 1378 7 5 6 10 12 13 17 19
4086 3140 6 5 6 10 12 13 17
2054 3536 6 5 6 10 12 13 17
3192 2510 7 5 6 10 16 17 19 20
3922 5072 6 5 6 10 16 17 20
3646 2890 7 5 6 11 14 17 19 20
4234 716 7 5 6 11 14 17 19 20
4964 4104 6 5 6 11 14 17 20
3980 4730 7 5 6 11 15 17 19 20
4528 1356 7 5 6 11 15 17 19 20
5128 1748 6 5 6 11 15 17 20
3222 1232 7 5 6 12 13 14 17 19
2818 4772 7 5 6 12 13 14 17 19
3156 2918 6 5 6 12 13 14 17
3554 1754 7 5 6 12 13 15 17 19
3126 4874 7 5 6 12 13 15 17 19
3488 4522 6 5 6 12 13 15 17
4154 2626 7 5 6 14 16 17 19 20
2884 2224 7 5 6 14 16 17 19 20
3052 2576 7 5 6 14 16 17 19 20
3170 2120 6 5 6 14 16 17 20
4884 860 6 5 6 14 16 17 20
4318 662 7 5 6 15 16 17 19 20
3514 1356 7 5 6 15 16 17 19 20
3424 2838 7 5 6 15 16 17 19 20
3258 4606 7 5 6 15 16 17 19 20
3542 3370 6 5 6 15 16 17 20
2764 3630 4 5 6 17 19
2786 1978 4 5 6 17 19
928 4014 4 5 6 17 19
3054 3938 3 5 6 17
1488 3010 3 5 6 17
2790 4292 6 5 7 8 10 11 13
3152 3668 7 5 7 8 11 13 14 19
3764 3946 6 5 7 8 11 13 14
3316 4030 7 5 7 8 11 13 15 19
3928 866 6 5 7 8 11 13 15
3798 2816 6 5 7 8 13 14 16
3986 4214 6 5 7 8 13 14 16
4106 4230 6 5 7 8 13 15 16
4170 1982 6 5 7 8 13 15 16
2264 2376 7 5 7 9 10 11 12 13
716 4528 5 5 7 9 11 19
3040 3652 5 5 7 9 11 19
1134 4040 4 5 7 9 11
3568 3882 4 5 7 9 11
3388 2274 4 5 7 9 11
2868 588 5 5 7 9 16 19
3136 3966 4 5 7 9 16
2642 4234 6 5 7 10 11 12 13
1774 3616 6 5 7 10 11 12 13
2544 3168 6 5 7 10 11 16 20
4126 1498 6 5 7 10 12 13 16
2936 4100 7 5 7 11 12 13 14 19
2824 2964 6 5 7 11 12 13 14
3168 642 7 5 7 11 12 13 15 19
3132 5228 6 5 7 11 12 13 15
2906 4570 7 5 7 11 14 16 19 20
3518 1874 6 5 7 11 14 16 20
3676 5324 6 5 7 11 14 16 20
3070 2906 7 5 7 11 15 16 19 20
3880 2674 6 5 7 11 15 16 20
3682 2128 6 5 7 11 15 16 20
3550 1638 5 5 7 11 17 18
3358 3418 3 5 7 11
882 4160 3 5 7 11
3706 3634 6 5 7 12 13 14 16
3910 3014 6 5 7 12 13 15 16
3318 4696 5 5 7 16 17 18
3104 4950 3 5 7 16
3298 4190 7 5 8 10 11 13 17 19
3936 1144 6 5 8 10 11 13 17
3502 3090 7 5 8 10 13 16 17 19
4140 4108 6 5 8 10 13 16 17
4272 2780 7 5 8 11 13 14 17 19
4910 4628 6 5 8 11 13 14 17
4436 1728 7 5 8 11 13 15 17 19
4556 3054 7 5 8 11 13 15 17 19
5074 4118 6 5 8 11 13 15 17
1736 3662 7 5 8 13 14 16 17 19
4246 2634 7 5 8 13 14 16 17 19
4370 3206 6 5 8 13 14 16 17
1860 2884 6 5 8 13 14 16 17
4618 5380 7 5 8 13 15 16 17 19
4684 4272 7 5 8 13 15 16 17 19
2038 1226 7 5 8 13 15 16 17 19
2108 2436 7 5 8 13 15 16 17 19
4640 3236 7 5 8 13 15 16 17 19
4630 2642 7 5 8 13 15 16 17 19
5274 1650 6 5 8 13 15 16 17
4808 4910 6 5 8 13 15 16 17
4830 1562 6 5 8 13 15 16 17
2232 4678 6 5 8 13 15 16 17
3874 3990 5 5 9 11 17 19
3642 4772 5 5 9 16 17 19
2872 2912 9 5 10 11 12 13 14 16 17 20
3076 4204 9 5 10 11 12 13 15 16 17 20
3092 2416 6 5 10 11 12 13 17
2972 3430 6 5 10 11 12 13 17
3052 3954 7 5 10 11 16 17 19 20
3678 4704 6 5 10 11 16 17 20
2742 4402 6 5 10 12 13 16 17
4136 2678 7 5 11 12 13 14 17 19
4022 4782 6 5 11 12 13 14 17
4368 3268 7 5 11 12 13 15 17 19
4468 4058 7 5 11 12 13 15 17 19
4330 4276 6 5 11 12 13 15 17
5100 3388 6 5 11 12 13 15 17
1532 3300 7 5 11 14 16 17 19 20
4040 5388 7 5 11 14 16 17 19 20
1602 2886 7 5 11 14 16 17 19 20
4184 4614 7 5 11 14 16 17 19 20
4110 4380 7 5 11 14 16 17 19 20
4132 3052 7 5 11 14 16 17 19 20
4772 3592 6 5 11 14 16 17 20
4234 2822 6 5 11 14 16 17 20
1656 3690 6 5 11 14 16 17 20
2240 2370 6 5 11 14 16 17 20
1810 4368 7 5 11 15 16 17 19 20
4204 2478 7 5 11 15 16 17 19 20
2030 3646 6 5 11 15 16 17 20
4606 4624 6 5 11 15 16 17 20
1266 4748 4 5 11 17 19
3872 4238 4 5 11 17 19
1510 2944 3 5 11 17
1390 4278 3 5 11 17
3124 3416 7 5 12 13 14 16 17 19
3790 5380 6 5 12 13 14 16 17
2324 4400 6 5 12 13 14 16 17
4970 2894 6 5 12 13 14 16 17
3496 4336 7 5 12 13 15 16 17 19
3620 4652 6 5 12 13 15 16 17
2532 5476 6 5 12 13 15 16 17
1304 4234 4 5 16 17 19
3618 3928 4 5 16 17 19
1498 3696 3 5 16 17
4268 4710 8 6 7 8 10 13 14 18 20
4600 5270 8 6 7 8 10 13 15 18 20
2704 2790 7 6 7 9 10 18 19 20
1082 3482 7 6 7 9 10 18 19 20
2906 3986 7 6 7 9 10 18 19 20
2886 3112 7 6 7 9 10 18 19 20
3086 4354 6 6 7 9 10 18 20
1194 3620 6 6 7 9 10 18 20
2294 970 7 6 7 9 14 18 19 20
2886 4572 7 6 7 9 14 18 19 20
2842 4986 7 6 7 9 14 18 19 20
2406 2770 6 6 7 9 14 18 20
2514 2868 7 6 7 9 15 18 19 20
2738 4618 6 6 7 9 15 18 20
3780 2214 6 6 7 9 15 18 20
4100 5170 6 6 7 10 18 19 20
938 996 5 6 7 10 18 20
3168 3810 5 6 7 10 18 20
2560 1234 5 6 7 10 18 20
4782 4980 5 6 7 10 18 20
4304 4960 6 6 7 14 18 19 20
2140 4788 6 6 7 14 18 19 20
2520 200 6 6 7 14 18 19 20
3118 5088 5 6 7 14 18 20
2150 4026 5 6 7 14 18 20
2198 4640 6 6 7 15 18 19 20
4638 4164 6 6 7 15 18 19 20
4664 2498 6 6 7 15 18 19 20
5308 3808 6 6 7 15 18 19 20
2690 1294 6 6 7 15 18 19 20
4546 3648 5 6 7 15 18 20
2482 4970 5 6 7 15 18 20
5012 5214 8 6 8 9 10 13 14 19 20
5344 1902 8 6 8 9 10 13 15 19 20
4654 4230 9 6 8 10 13 14 17 18 19 20
4522 2944 7 6 8 10 13 14 19 20
4986 3502 9 6 8 10 13 15 17 18 19 20
4854 1082 7 6 8 10 13 15 19 20
3472 3052 7 6 9 10 17 18 19 20
1350 1396 5 6 9 10 19 20
1144 4728 5 6 9 10 19 20
1450 4340 4 6 9 10 20
2416 4308 7 6 9 14 17 18 19 20
4026 2600 7 6 9 14 17 18 19 20
2750 1978 7 6 9 14 17 18 19 20
2874 3862 6 6 9 14 17 18 20
2356 4592 5 6 9 14 19 20
3904 1532 5 6 9 14 19 20
3862 3950 5 6 9 14 19 20
3994 5296 5 6 9 14 19 20
2498 5204 4 6 9 14 20
4594 4044 4 6 9 14 20
4232 3132 7 6 9 15 17 18 19 20
2474 4500 7 6 9 15 17 18 19 20
3206 2882 6 6 9 15 17 18 20
2688 4106 5 6 9 15 19 20
2944 4098 5 6 9 15 19 20
5246 4202 5 6 9 15 19 20
2812 3362 4 6 9 15 20
3860 4424 9 6 10 12 13 14 17 18 19 20
4152 3168 8 6 10 12 13 14 17 18 20
4192 4768 9 6 10 12 13 15 17 18 19 20
4484 4320 8 6 10 12 13 15 17 18 20
5192 3678 6 6 10 17 18 19 20
3574 4168 6 6 10 17 18 19 20
860 1540 4 6 10 19 20
1226 4218 3 6 10 20
2444 4466 6 6 14 17 18 19 20
2278 4312 6 6 14 17 18 19 20
3548 1214 6 6 14 17 18 19 20
3678 2708 6 6 14 17 18 19 20
2570 4896 5 6 14 17 18 20
1910 4282 4 6 14 19 20
3416 3832 4 6 14 19 20
2440 1624 3 6 14 20
3848 2124 6 6 15 17 18 19 20
3718 4628 6 6 15 17 18 19 20
2610 1428 6 6 15 17 18 19 20
2902 4910 5 6 15 17 18 20
2218 4424 4 6 15 19 20
2770 1748 3 6 15 20
2412 4170 7 7 8 9 10 13 18 19
2858 1498 6 7 8 9 10 13 18
3044 3470 7 7 8 9 13 14 18 19
3310 4866 6 7 8 9 13 14 18
3258 4186 7 7 8 9 13 15 18 19
3642 4214 6 7 8 9 13 15 18
3936 4920 6 7 8 9 13 15 18
3164 4872 9 7 8 10 13 14 16 18 19 20
3764 3716 8 7 8 10 13 14 16 18 20
3328 3152 9 7 8 10 13 15 16 18 19 20
3926 1060 8 7 8 10 13 15 16 18 20
4356 5270 6 7 8 10 13 18 19
2578 2764 5 7 8 10 13 18
3636 2994 8 7 8 13 14 15 16 18 20
2688 2688 6 7 8 13 14 18 19
5288 3592 6 7 8 13 14 18 19
3280 3482 5 7 8 13 14 18
5476 934 6 7 8 13 15 18 19
2858 2126 6 7 8 13 15 18 19
5452 3062 6 7 8 13 15 18 19
3500 2610 5 7 8 13 15 18
3506 3318 5 7 8 13 15 18
2162 2946 7 7 9 10 11 18 19 20
2606 2834 6 7 9 10 11 18 20
3014 3016 7 7 9 10 12 13 18 19
2820 2688 6 7 9 10 12 13 18
3114 3090 6 7 9 10 12 13 18
1196 3636 6 7 9 10 12 13 18
1874 3432 7 7 9 10 16 18 19 20
2510 5238 6 7 9 10 16 18 20
2842 4594 7 7 9 11 14 18 19 20
3108 3548 6 7 9 11 14 18 20
3036 1656 7 7 9 11 15 18 19 20
3116 5392 7 7 9 11 15 18 19 20
3440 1616 6 7 9 11 15 18 20
2400 2856 7 7 9 12 13 14 18 19
2410 3258 6 7 9 12 13 14 18
2580 3824 7 7 9 12 13 15 18 19
2740 2820 6 7 9 12 13 15 18
2374 4968 7 7 9 14 16 18 19 20
3470 2948 6 7 9 14 16 18 20
2642 2582 6 7 9 14 16 18 20
3012 2440 7 7 9 15 16 18 19 20
2708 938 7 7 9 15 16 18 19 20
2974 1750 6 7 9 15 16 18 20
588 1602 4 7 9 18 19
4596 2822 4 7 9 18 19
1006 3800 3 7 9 18
2224 1554 3 7 9 18
3090 3550 9 7 10 11 12 13 14 18 19 20
3690 2530 8 7 10 11 12 13 14 18 20
3254 2412 9 7 10 11 12 13 15 18 19 20
3852 2578 8 7 10 11 12 13 15 18 20
4424 4140 8 7 10 11 12 13 15 18 20
4130 2302 6 7 10 11 18 19 20
2328 2480 5 7 10 11 18 20
4772 3178 5 7 10 11 18 20
3010 1194 9 7 10 12 13 14 16 18 19 20
3318 3694 8 7 10 12 13 14 16 18 20
3274 4302 8 7 10 12 13 14 16 18 20
3610 3610 8 7 10 12 13 14 16 18 20
3174 4078 9 7 10 12 13 15 16 18 19 20
3780 1224 8 7 10 12 13 15 16 18 20
3646 1654 8 7 10 12 13 15 16 18 20
4160 1802 6 7 10 12 13 18 19
860 4616 5 7 10 12 13 18
2482 3980 5 7 10 12 13 18
4062 4152 6 7 10 16 18 19 20
2086 3328 5 7 10 16 18 20
4704 1910 5 7 10 16 18 20
5090 4912 6 7 11 14 18 19 20
2510 4530 6 7 11 14 18 19 20
3076 4120 5 7 11 14 18 20
5278 4022 6 7 11 15 18 19 20
2678 4542 6 7 11 15 18 19 20
5298 2934 6 7 11 15 18 19 20
3278 4200 5 7 11 15 18 20
2302 3170 9 7 12 13 14 15 16 18 19 20
2312 4102 8 7 12 13 14 15 16 18 20
2062 4882 6 7 12 13 14 18 19
3140 3416 5 7 12 13 14 18
2072 2804 5 7 12 13 14 18
2120 3360 6 7 12 13 15 18 19
2710 2796 6 7 12 13 15 18 19
2404 4536 5 7 12 13 15 18
3308 5120 5 7 12 13 15 18
2442 3460 6 7 14 16 18 19 20
5024 3786 6 7 14 16 18 19 20
3084 3168 5 7 14 16 18 20
2610 4102 5 7 14 16 18 20
3042 3252 5 7 14 16 18 20
2612 2832 6 7 15 16 18 19 20
5188 3958 6 7 15 16 18 19 20
2944 2108 5 7 15 16 18 20
3254 5214 5 7 15 16 18 20
754 3688 2 7 18
4548 5220 8 8 9 10 13 14 16 19 20
4590 4968 8 8 9 10 13 14 16 19 20
4536 2748 8 8 9 10 13 14 16 19 20
5226 1260 7 8 9 10 13 14 16 20
4698 1488 8 8 9 10 13 15 16 19 20
4710 3946 8 8 9 10 13 15 16 19 20
5438 792 7 8 9 10 13 15 16 20
3284 2328 7 8 9 10 13 17 18 19
3974 5512 6 8 9 10 13 17 18
3152 3618 5 8 9 10 13 19
3842 3142 4 8 9 10 13
3962 3454 8 8 9 13 14 15 16 19 20
3736 4934 7 8 9 13 14 17 18 19
3634 4324 7 8 9 13 14 17 18 19
4912 4902 6 8 9 13 14 17 18
4060 5092 5 8 9 13 14 19
3604 4716 5 8 9 13 14 19
4798 4714 4 8 9 13 14
3966 3668 7 8 9 13 15 17 18 19
4360 3718 7 8 9 13 15 17 18 19
4068 2962 7 8 9 13 15 17 18 19
5076 2820 6 8 9 13 15 17 18
3936 2324 5 8 9 13 15 19
4278 4660 5 8 9 13 15 19
4968 3566 4 8 9 13 15
4238 3784 9 8 10 11 13 14 17 18 19 20
4876 2356 8 8 10 11 13 14 17 18 20
4102 4584 7 8 10 11 13 14 19 20
4714 3942 6 8 10 11 13 14 20
4402 3800 9 8 10 11 13 15 17 18 19 20
5040 3582 8 8 10 11 13 15 17 18 20
4270 858 7 8 10 11 13 15 19 20
4882 1266 6 8 10 11 13 15 20
4158 2704 9 8 10 13 14 16 17 18 19 20
4250 4474 9 8 10 13 14 16 17 18 19 20
4796 4556 8 8 10 13 14 16 17 18 20
4874 4442 8 8 10 13 14 16 17 18 20
4022 2222 7 8 10 13 14 16 19 20
4148 2750 7 8 10 13 14 16 19 20
4712 3936 6 8 10 13 14 16 20
2518 3486 6 8 10 13 14 16 20
4420 5090 9 8 10 13 15 16 17 18 19 20
4322 3856 9 8 10 13 15 16 17 18 19 20
4960 3070 8 8 10 13 15 16 17 18 20
4190 1774 7 8 10 13 15 16 19 20
4282 2972 7 8 10 13 15 16 19 20
2890 2580 6 8 10 13 15 16 20
2848 4792 6 8 10 13 17 18 19
5442 3936 6 8 10 13 17 18 19
3486 3994 5 8 10 13 17 18
2822 3120 4 8 10 13 19
2346 4614 3 8 10 13
1492 3748 9 8 13 14 15 16 17 18 19 20
1532 956 9 8 13 14 15 16 17 18 19 20
4108 3712 9 8 13 14 15 16 17 18 19 20
4166 2882 8 8 13 14 15 16 17 18 20
1628 4208 8 8 13 14 15 16 17 18 20
1616 4462 7 8 13 14 15 16 19 20
1598 4618 7 8 13 14 15 16 19 20
1608 4724 6 8 13 14 15 16 20
1900 4472 6 8 13 14 15 16 20
1232 2406 6 8 13 14 17 18 19
3690 3782 6 8 13 14 17 18 19
1234 2886 6 8 13 14 17 18 19
3804 2880 6 8 13 14 17 18 19
1428 3364 5 8 13 14 17 18
4442 5480 5 8 13 14 17 18
1356 4278 4 8 13 14 19
1358 2340 4 8 13 14 19
1368 2474 3 8 13 14
3394 3116 3 8 13 14
3942 3316 6 8 13 15 17 18 19
1342 1288 6 8 13 15 17 18 19
3946 3994 6 8 13 15 17 18 19
3950 3416 6 8 13 15 17 18 19
4102 3694 5 8 13 15 17 18
1586 1226 5 8 13 15 17 18
1980 3902 5 8 13 15 17 18
1408 3678 4 8 13 15 19
3806 3732 4 8 13 15 19
1700 2598 3 8 13 15
3708 4918 3 8 13 15
4514 3998 8 9 10 11 12 13 14 19 20
4606 2272 8 9 10 11 12 13 14 19 20
5204 2874 7 9 10 11 12 13 14 20
4678 4750 8 9 10 11 12 13 15 19 20
5368 4414 7 9 10 11 12 13 15 20
3058 3850 7 9 10 11 17 18 19 20
3748 5132 6 9 10 11 17 18 20
2926 4200 5 9 10 11 19 20
3616 1166 4 9 10 11 20
4100 3250 8 9 10 12 13 14 16 19 20
4144 4140 8 9 10 12 13 14 16 19 20
5186 5024 7 9 10 12 13 14 16 20
4200 1810 7 9 10 12 13 14 16 20
4516 910 8 9 10 12 13 15 16 19 20
4472 4248 8 9 10 12 13 15 16 19 20
4696 2718 8 9 10 12 13 15 16 19 20
4616 4492 7 9 10 12 13 15 16 20
4572 3392 7 9 10 12 13 15 16 20
4152 3272 7 9 10 12 13 17 18 19
3142 4062 7 9 10 12 13 17 18 19
1554 1384 7 9 10 12 13 17 18 19
3832 3150 6 9 10 12 13 17 18
1654 5006 6 9 10 12 13 17 18
1416 4436 5 9 10 12 13 19
3700 3592 4 9 10 12 13
1516 4240 4 9 10 12 13
2978 3798 7 9 10 16 17 18 19 20
3668 3152 6 9 10 16 17 18 20
2846 3936 5 9 10 16 19 20
3536 1860 4 9 10 16 20
4056 4796 7 9 11 14 17 18 19 20
3430 2162 7 9 11 14 17 18 19 20
4070 5260 7 9 11 14 17 18 19 20
4708 3084 6 9 11 14 17 18 20
3402 2812 5 9 11 14 19 20
3892 2410 5 9 11 14 19 20
4570 2974 4 9 11 14 20
4182 5220 7 9 11 15 17 18 19 20
3764 2284 7 9 11 15 17 18 19 20
4872 4724 6 9 11 15 17 18 20
3734 4704 5 9 11 15 19 20
4140 5308 5 9 11 15 19 20
4740 4930 4 9 11 15 20
2868 5470 8 9 12 13 14 15 16 19 20
2804 2544 8 9 12 13 14 15 16 19 20
2968 3776 7 9 12 13 14 15 16 20
4104 2416 7 9 12 13 14 17 18 19
2816 2842 7 9 12 13 14 17 18 19
2602 4060 7 9 12 13 14 17 18 19
2820 3642 6 9 12 13 14 17 18
4988 3632 5 9 12 13 14 19
4056 5224 5 9 12 13 14 19
2464 4046 5 9 12 13 14 19
2564 4068 4 9 12 13 14
3148 3906 7 9 12 13 15 17 18 19
2912 4638 7 9 12 13 15 17 18 19
3148 4988 7 9 12 13 15 17 18 19
4266 2828 7 9 12 13 15 17 18 19
3152 2312 6 9 12 13 15 17 18
4956 3356 6 9 12 13 15 17 18
2780 3172 5 9 12 13 15 19
4134 4416 5 9 12 13 15 19
4224 3156 5 9 12 13 15 19
2880 4322 4 9 12 13 15
3940 5226 7 9 14 16 17 18 19 20
2964 3506 7 9 14 16 17 18 19 20
4628 4228 6 9 14 16 17 18 20
2936 4726 5 9 14 16 19 20
3826 3780 5 9 14 16 19 20
4490 2444 4 9 14 16 20
3298 2442 7 9 15 16 17 18 19 20
4152 4726 7 9 15 16 17 18 19 20
3400 2148 7 9 15 16 17 18 19 20
4102 2744 7 9 15 16 17 18 19 20
4792 1304 6 9 15 16 17 18 20
3970 2464 5 9 15 16 19 20
3268 3556 5 9 15 16 19 20
4660 3734 4 9 15 16 20
858 1802 4 9 17 18 19
956 3298 4 9 17 18 19
1150 5396 3 9 17 18
650 4654 2 9 19
2292 3786 2 9 19
1068 2498 1 9
4248 4284 9 10 11 12 13 14 17 18 19 20
4912 1658 8 10 11 12 13 14 17 18 20
2632 1714 8 10 11 12 13 14 17 18 20
5214 4322 8 10 11 12 13 14 17 18 20
2266 3258 8 10 11 12 13 14 17 18 20
4150 4420 7 10 11 12 13 14 19 20
4750 3554 6 10 11 12 13 14 20
4412 3504 9 10 11 12 13 15 17 18 19 20
2436 4426 8 10 11 12 13 15 17 18 20
5034 3254 8 10 11 12 13 15 17 18 20
4320 1532 7 10 11 12 13 15 19 20
4918 3284 6 10 11 12 13 15 20
2620 1088 6 10 11 17 18 19 20
5220 3118 6 10 11 17 18 19 20
3258 3686 5 10 11 17 18 20
2570 3746 4 10 11 19 20
2214 2294 3 10 11 20
1540 4392 3 10 11 20
4168 4366 9 10 12 13 14 16 17 18 19 20
4176 2936 9 10 12 13 14 16 17 18 19 20
4476 2628 8 10 12 13 14 16 17 18 20
4432 1294 8 10 12 13 14 16 17 18 20
4840 4808 8 10 12 13 14 16 17 18 20
2186 1854 8 10 12 13 14 16 17 18 20
2166 3030 8 10 12 13 14 16 17 18 20
4070 5396 7 10 12 13 14 16 19 20
3950 3700 6 10 12 13 14 16 20
3906 5152 6 10 12 13 14 16 20
4340 3296 9 10 12 13 15 16 17 18 19 20
4332 2650 9 10 12 13 15 16 17 18 19 20
2498 3774 8 10 12 13 15 16 17 18 20
2356 3106 8 10 12 13 15 16 17 18 20
5104 5406 8 10 12 13 15 16 17 18 20
4806 2610 8 10 12 13 15 16 17 18 20
4240 2292 7 10 12 13 15 16 19 20
4280 2632 6 10 12 13 15 16 20
4324 3826 6 10 12 13 15 16 20
5320 5024 6 10 12 13 17 18 19
1750 2410 5 10 12 13 17 18
1294 2818 3 10 12 13
2554 5128 6 10 16 17 18 19 20
5152 2408 6 10 16 17 18 19 20
3178 3136 5 10 16 17 18 20
2416 2094 4 10 16 19 20
4520 4002 3 10 16 20
240 4252 3 10 16 20
4128 3874 9 11 12 13 14 15 17 18 19 20
3990 5012 8 11 12 13 14 15 17 18 20
1032 3950 6 11 14 17 18 19 20
3508 3260 6 11 14 17 18 19 20
1030 1882 6 11 14 17 18 19 20
3582 4102 6 11 14 17 18 19 20
3600 1890 6 11 14 17 18 19 20
4214 3880 5 11 14 17 18 20
1638 5274 5 11 14 17 18 20
1226 4040 5 11 14 17 18 20
3370 1356 4 11 14 19 20
1154 4830 4 11 14 19 20
1166 1854 3 11 14 20
1480 4250 3 11 14 20
3752 2072 6 11 15 17 18 19 20
1164 3222 6 11 15 17 18 19 20
1802 3704 5 11 15 17 18 20
3966 3246 5 11 15 17 18 20
1382 4602 5 11 15 17 18 20
1214 3926 4 11 15 19 20
1208 2532 4 11 15 19 20
1498 3620 3 11 15 20
1644 5094 3 11 15 20
3662 2498 9 12 13 14 15 16 17 18 19 20
2882 1936 9 12 13 14 15 16 17 18 19 20
3006 4600 8 12 13 14 15 16 17 18 20
3548 3088 8 12 13 14 15 16 17 18 20
2756 4964 7 12 13 14 15 16 19 20
2746 2290 6 12 13 14 15 16 20
2524 2690 6 12 13 14 17 18 19
2912 3158 6 12 13 14 17 18 19
2642 1886 5 12 13 14 17 18
1728 2352 5 12 13 14 17 18
2496 5026 4 12 13 14 19
4968 2022 4 12 13 14 19
2506 1860 3 12 13 14
4206 2578 3 12 13 14
2856 3502 6 12 13 15 17 18 19
3244 5314 6 12 13 15 17 18 19
1886 3274 5 12 13 15 17 18
3112 1628 5 12 13 15 17 18
2974 3916 5 12 13 15 17 18
2718 5084 4 12 13 15 19
2838 4466 3 12 13 15
716 5104 6 14 16 17 18 19 20
934 3080 6 14 16 17 18 19 20
910 4474 5 14 16 17 18 20
1558 5092 5 14 16 17 18 20
866 3596 4 14 16 19 20
842 4664 4 14 16 19 20
850 3516 3 14 16 20
200 2218 3 14 16 20
798 3928 6 15 16 17 18 19 20
3704 3862 6 15 16 17 18 19 20
3678 2740 6 15 16 17 18 19 20
3620 2498 5 15 16 17 18 20
916 2166 5 15 16 17 18 20
900 2924 4 15 16 19 20
3364 5040 4 15 16 19 20
234 2132 3 15 16 20
1182 4040 3 15 16 20
598 2602 3 17 18 19
792 1430 2 17 18
996 2054 1 19
