20 899 
4758 3339 8 1 2 3 12 15 16 18 19
5562 5388 5 1 2 3 12 15
4806 2943 6 1 2 4 13 14 15
4854 2625 6 1 2 5 13 14 15
4863 6297 6 1 2 5 14 15 18
6192 2268 6 1 2 7 13 14 15
5721 3903 7 1 2 10 12 13 15 19
4725 1707 6 1 2 10 13 14 15
5991 6066 6 1 2 11 13 14 15
6204 4578 6 1 2 11 14 15 18
5931 6036 7 1 2 12 13 14 15 17
5664 5475 7 1 2 12 13 15 16 19
3273 4068 4 1 2 12 15
5007 3777 6 1 2 13 14 15 16
4518 4908 5 1 2 13 14 15
6147 2559 6 1 2 14 15 16 18
4836 4725 5 1 2 14 15 18
6132 5472 5 1 4 7 9 13
6039 4347 5 1 4 7 13 15
6078 4617 5 1 4 9 11 18
4749 4809 5 1 4 10 13 15
5970 6009 5 1 4 11 13 15
5985 3630 5 1 4 11 15 18
4644 4989 4 1 4 13 15
6177 2418 5 1 5 7 9 13
6087 6075 5 1 5 7 13 15
4476 3054 7 1 5 9 10 15 18 20
4758 5151 4 1 5 9 18
4806 5988 5 1 5 10 13 15
6015 4914 5 1 5 10 15 18
4704 1239 4 1 5 13 15
4848 4659 4 1 5 15 18
5844 5565 7 1 7 9 10 13 15 20
6351 5619 7 1 7 10 12 13 15 17
2943 4647 5 1 7 10 13 15
5262 1260 6 1 8 13 15 16 18
5841 4473 7 1 9 10 11 15 18 20
4476 6294 6 1 9 10 15 18 20
4761 5748 3 1 9 18
5943 5541 5 1 10 11 13 15
4959 6012 5 1 10 13 15 16
4074 5262 4 1 10 13 15
5988 5178 4 1 10 15 18
6228 4005 5 1 11 13 15 16
5838 4590 4 1 11 13 15
6009 4002 4 1 11 15 18
4854 5586 4 1 13 15 16
4365 4068 3 1 13 15
5952 3576 4 1 15 16 18
4914 4503 3 1 15 18
3294 3219 8 2 3 5 12 14 17 18 19
3093 6231 10 2 3 6 12 14 15 16 17 19 20
3633 6129 8 2 3 6 12 14 16 17 19
3633 3294 8 2 3 6 12 14 16 17 19
4947 4599 8 2 3 7 12 13 14 17 19
4686 5409 9 2 3 7 12 14 16 17 18 19
5874 5097 8 2 3 8 12 15 18 19 20
3594 2235 10 2 3 9 12 14 16 17 18 19 20
5550 4938 9 2 3 9 12 14 17 18 19 20
5850 3426 7 2 3 9 12 16 19 20
4479 5367 8 2 3 11 12 14 17 18 19
3771 5136 8 2 3 11 12 15 16 19 20
4308 4686 6 2 3 11 12 16 19
3165 2142 8 2 3 12 13 14 16 17 19
4839 4470 7 2 3 12 13 14 17 19
3078 3249 10 2 3 12 14 15 16 17 18 19 20
3339 5922 10 2 3 12 14 15 16 17 18 19 20
6330 6009 9 2 3 12 14 15 17 18 19 20
6270 5292 9 2 3 12 14 15 17 18 19 20
3993 6288 7 2 3 12 14 15 17 20
1503 3291 8 2 3 12 14 16 17 18 19
3495 4125 8 2 3 12 14 16 17 18 19
4959 2787 8 2 3 12 14 16 17 18 19
3618 4074 8 2 3 12 14 16 17 18 19
3153 4365 7 2 3 12 14 17 18 19
3147 5094 5 2 3 12 14 17
5076 5769 5 2 3 12 14 17
2448 3108 7 2 3 12 15 16 19 20
6045 4713 6 2 3 12 15 19 20
2049 5214 6 2 3 12 15 19 20
3618 4692 5 2 3 12 16 19
3219 4725 4 2 3 12 19
6843 3333 8 2 3 14 15 16 18 19 20
5919 5487 6 2 4 11 14 15 20
5979 2886 7 2 4 12 14 15 17 20
4566 5802 5 2 4 14 15 20
6027 2958 7 2 5 12 14 15 17 20
6327 3948 7 2 5 12 14 15 17 20
4128 6036 7 2 5 12 14 17 18 19
5520 5694 7 2 5 14 15 18 19 20
4617 5007 5 2 5 14 15 20
3927 6330 9 2 6 12 14 15 16 17 19 20
6243 5670 7 2 6 12 14 16 17 19
4467 4518 7 2 6 12 14 16 17 19
6303 5226 6 2 7 8 12 15 20
5754 2493 7 2 7 10 12 15 19 20
6294 3162 5 2 7 10 12 19
6168 4689 7 2 7 12 14 17 18 19
5472 4518 7 2 7 12 15 16 19 20
4743 4644 6 2 7 12 15 19 20
6012 4491 5 2 7 12 16 19
5283 4131 4 2 7 12 19
5256 3780 5 2 8 9 12 20
5670 6453 8 2 8 12 14 15 17 18 20
4950 6192 8 2 8 12 14 15 17 18 20
5706 4554 6 2 8 12 14 17 18
6117 5613 6 2 8 12 15 16 20
5265 4251 6 2 8 12 15 16 20
4065 3318 5 2 8 12 15 20
4278 3855 5 2 8 12 15 20
5802 6405 4 2 8 12 16
4818 5466 3 2 8 12
5211 4773 7 2 8 14 15 16 18 20
3624 5820 6 2 8 14 15 18 20
6288 5277 6 2 8 14 15 18 20
5556 3636 6 2 9 10 12 19 20
6387 5340 8 2 9 12 14 17 18 19 20
5529 6207 6 2 9 12 16 19 20
4542 4953 9 2 10 12 14 15 17 18 19 20
5382 3003 7 2 10 12 14 15 17 20
5487 3813 7 2 10 12 14 15 17 20
4950 4128 7 2 10 12 14 17 18 19
5922 3312 5 2 10 12 14 17
5487 4950 6 2 10 12 15 19 20
3534 6087 6 2 10 12 15 19 20
4074 5460 4 2 10 12 19
4137 5169 5 2 10 14 15 20
3978 4524 5 2 10 14 15 20
4020 5052 5 2 10 14 15 20
4560 4047 3 2 10 14
5316 4071 7 2 11 12 14 17 18 19
4605 6288 7 2 11 12 15 16 19 20
6747 3186 7 2 11 12 15 16 19 20
5145 3312 5 2 11 12 16 19
6168 4857 6 2 11 14 15 16 20
5787 6204 5 2 11 14 15 20
5673 4404 6 2 12 13 14 17 19
3912 3948 9 2 12 14 15 16 17 18 19 20
6207 6120 7 2 12 14 15 16 17 20
5268 3876 6 2 12 14 15 17 20
1854 5316 6 2 12 14 15 17 20
981 4638 6 2 12 14 15 17 20
5280 5157 6 2 12 14 15 17 20
4332 4260 7 2 12 14 16 17 18 19
3939 2676 6 2 12 14 17 18 19
5820 5118 4 2 12 14 17
777 6123 4 2 12 14 17
2151 3441 4 2 12 14 17
3630 5916 6 2 12 15 16 19 20
5364 4797 6 2 12 15 16 19 20
3252 6543 6 2 12 15 16 19 20
2514 5079 5 2 12 15 19 20
3792 3606 4 2 12 16 19
3603 4761 3 2 12 19
4803 6090 5 2 14 15 16 20
5496 5403 6 2 14 15 18 19 20
498 2817 4 2 14 15 20
3858 3381 4 2 14 15 20
4395 3774 2 2 14
1668 4395 2 2 14
4728 6210 7 3 4 7 12 13 17 19
5802 4836 5 3 4 7 13 19
5991 3201 8 3 4 9 12 17 18 19 20
5598 2448 7 3 4 9 16 18 19 20
4341 4923 7 3 4 11 12 17 18 19
6042 6066 5 3 4 11 18 19
4857 603 6 3 4 12 13 17 19
6177 6006 8 3 4 12 15 17 18 19 20
6405 5523 7 3 4 14 15 17 18 20
4776 5724 7 3 5 7 12 13 17 19
5859 2436 5 3 5 7 13 19
3333 6012 9 3 5 9 12 16 17 18 19 20
5289 1926 8 3 5 9 12 17 18 19 20
6048 5841 8 3 5 9 12 17 18 19 20
4701 5787 7 3 5 9 16 18 19 20
4914 3189 6 3 5 12 13 17 19
3213 6204 9 3 5 12 15 16 17 18 19 20
6099 5289 8 3 5 12 15 17 18 19 20
3762 3093 7 3 5 12 16 17 18 19
3021 5862 6 3 5 12 17 18 19
6453 2112 7 3 5 14 15 17 18 20
4578 2724 7 3 5 15 16 18 19 20
6180 5202 5 3 5 16 18 19
4725 5619 4 3 5 18 19
6162 3846 9 3 6 9 14 16 17 18 19 20
5232 5925 7 3 6 11 12 16 17 19
4533 1242 8 3 6 11 14 16 17 18 19
6705 5826 8 3 6 12 15 16 17 19 20
3807 4173 6 3 6 12 16 17 19
3099 5259 7 3 6 14 16 17 18 19
6390 6090 7 3 6 14 16 17 18 19
5187 5280 4 3 6 16 19
4701 2397 9 3 7 9 12 13 16 17 19 20
6069 4695 7 3 7 9 13 16 19 20
4314 5931 9 3 7 10 12 13 15 17 19 20
6093 2004 7 3 7 10 12 13 17 19
5994 3804 7 3 7 10 12 13 17 19
4791 2397 7 3 7 10 13 15 19 20
5730 4185 5 3 7 10 13 19
6066 4554 7 3 7 11 12 13 17 19
5790 4566 8 3 7 11 12 16 17 18 19
4443 6150 6 3 7 11 13 16 19
4542 6243 9 3 7 12 13 15 16 17 19 20
1710 4959 7 3 7 12 13 16 17 19
6009 4476 7 3 7 12 13 16 17 19
4686 3639 6 3 7 12 13 17 19
4425 3417 7 3 7 12 16 17 18 19
4272 4950 8 3 7 13 14 16 17 18 19
5910 4269 7 3 7 13 15 16 19 20
3228 3213 5 3 7 13 16 19
5523 6264 4 3 7 13 19
5781 2514 5 3 7 16 18 19
6243 6009 6 3 8 15 16 18 20
5049 3921 5 3 8 15 18 20
5916 4701 8 3 9 10 12 17 18 19 20
4698 6474 9 3 9 11 12 16 17 18 19 20
6066 5988 7 3 9 11 16 18 19 20
6066 3936 7 3 9 11 16 18 19 20
5895 4128 8 3 9 12 13 16 17 19 20
6225 927 8 3 9 12 16 17 18 19 20
3333 4659 8 3 9 12 16 17 18 19 20
5289 5739 7 3 9 12 17 18 19 20
4701 5931 6 3 9 16 18 19 20
3843 5196 8 3 10 12 13 15 17 19 20
4782 5928 6 3 10 12 13 17 19
5508 3693 6 3 10 15 18 19 20
4269 6255 7 3 11 12 13 16 17 19
6048 6747 6 3 11 12 13 17 19
4551 2388 9 3 11 12 15 16 17 18 19 20
1707 6042 7 3 11 12 16 17 18 19
4923 2727 7 3 11 12 16 17 18 19
6006 4674 7 3 11 12 16 17 18 19
4599 5928 7 3 11 12 16 17 18 19
4218 5721 6 3 11 12 17 18 19
5634 3912 5 3 11 13 16 19
3636 2466 7 3 11 15 16 18 19 20
5919 4686 7 3 11 15 16 18 19 20
3294 6630 5 3 11 16 18 19
6063 3054 4 3 11 18 19
5154 3333 8 3 12 13 15 16 17 19 20
5067 5496 6 3 12 13 16 17 19
2904 4782 6 3 12 13 16 17 19
4578 5874 5 3 12 13 17 19
3186 5922 8 3 12 15 16 17 18 19 20
6075 4254 7 3 12 15 17 18 19 20
1023 4761 6 3 12 16 17 18 19
3573 5991 6 3 12 16 17 18 19
3234 4302 6 3 12 16 17 18 19
2844 5205 5 3 12 17 18 19
2667 5268 3 3 12 17
4926 3102 7 3 13 14 16 17 18 19
4260 3999 4 3 13 16 19
3927 5565 4 3 14 17 18
4554 3978 6 3 15 16 18 19 20
2361 2577 6 3 15 16 18 19 20
2949 3807 4 3 16 18 19
6114 5067 4 3 16 18 19
6009 5961 4 3 16 18 19
2595 5529 3 3 18 19
4593 6156 1 3
3948 3837 7 4 5 6 9 14 17 20
5694 3147 6 4 5 6 9 19 20
4503 5634 5 4 5 9 11 20
3474 5361 7 4 5 9 14 17 18 20
5472 4578 6 4 5 9 18 19 20
3381 4806 4 4 5 9 20
3354 6147 7 4 5 14 15 17 18 20
5004 5007 5 4 5 14 17 18
5430 5268 6 4 5 15 18 19 20
6156 3354 6 4 6 7 12 17 19
3900 3408 7 4 6 8 9 12 17 20
2955 4578 8 4 6 8 9 14 17 18 20
4713 3108 7 4 6 8 9 18 19 20
5277 5289 5 4 6 8 9 20
3780 3330 7 4 6 8 12 15 17 20
5538 5781 5 4 6 8 12 17
5157 4542 5 4 6 8 15 20
4749 3831 8 4 6 9 10 12 17 19 20
3813 3756 7 4 6 9 10 14 17 20
5571 6009 6 4 6 9 10 19 20
4503 3897 7 4 6 9 11 14 17 20
6258 4566 6 4 6 9 11 19 20
4722 4980 8 4 6 9 12 16 17 19 20
6204 3441 7 4 6 9 12 17 19 20
4125 2943 7 4 6 9 14 16 17 20
3189 5187 6 4 6 9 14 17 20
5676 4251 6 4 6 9 16 19 20
5883 4818 6 4 6 9 16 19 20
4947 2436 5 4 6 9 19 20
4542 4947 8 4 6 10 12 15 17 19 20
4950 5223 6 4 6 10 12 17 19
5151 3618 7 4 6 10 14 15 17 20
5559 4677 5 4 6 10 14 17
6006 3930 6 4 6 10 15 19 20
5250 5100 6 4 6 11 12 17 19
2235 3696 5 4 6 11 14 17
4569 4179 7 4 6 11 15 16 19 20
4722 5691 5 4 6 11 16 19
3993 3294 4 4 6 11 19
4515 5832 8 4 6 12 15 16 17 19 20
4668 5151 6 4 6 12 16 17 19
3936 2430 5 4 6 12 17 19
3732 3525 7 4 6 14 16 17 18 19
6372 3924 6 4 6 14 17 18 19
1332 4596 4 4 6 14 17
4047 3633 4 4 6 14 17
3246 5673 6 4 6 15 16 19 20
3408 3036 4 4 6 16 19
2679 2595 3 4 6 19
3108 6015 6 4 7 8 9 13 20
2988 6351 6 4 7 8 13 15 20
3975 3345 4 4 7 8 13
3957 5469 7 4 7 9 10 13 19 20
4743 6303 7 4 7 9 13 14 17 20
3930 4569 7 4 7 9 13 16 19 20
4476 4047 6 4 7 9 13 19 20
3837 3237 7 4 7 10 13 15 19 20
3441 1509 5 4 7 10 13 19
3525 3090 5 4 7 11 13 19
5907 4074 6 4 7 11 14 17 18
6042 3741 5 4 7 11 18 19
4620 5898 7 4 7 13 14 15 17 20
1878 1668 5 4 7 13 14 17
4953 4869 5 4 7 13 14 17
2787 5199 7 4 7 13 15 16 19 20
2958 5697 5 4 7 13 16 19
2970 3732 4 4 7 13 19
3054 6252 6 4 8 9 11 18 20
4302 4086 5 4 8 9 13 20
3966 4770 6 4 8 9 16 18 20
2388 6177 5 4 8 9 18 20
6210 5094 5 4 8 9 18 20
4968 5790 6 4 8 11 15 18 20
2934 3975 6 4 8 11 15 18 20
5580 4503 4 4 8 11 18
4692 5082 4 4 8 11 18
4179 5706 5 4 8 13 15 20
5940 3456 3 4 8 13
6090 1464 5 4 8 15 18 20
3903 1182 7 4 9 10 11 18 19 20
4377 498 5 4 9 10 11 20
5151 5967 6 4 9 10 13 19 20
6255 4836 6 4 9 10 18 19 20
3246 2010 4 4 9 10 20
4425 6075 7 4 9 11 14 17 18 20
3876 4272 7 4 9 11 16 18 19 20
4689 4317 5 4 9 11 16 20
6090 1728 6 4 9 11 18 19 20
3774 3624 4 4 9 11 20
4941 5820 6 4 9 13 14 17 20
5121 5256 6 4 9 13 16 19 20
3474 4524 6 4 9 14 17 18 20
6204 6513 6 4 9 16 18 19 20
3558 6030 4 4 9 16 20
5475 4836 5 4 9 18 19 20
2622 6327 3 4 9 20
3783 5001 7 4 10 11 15 18 19 20
5859 5484 5 4 10 11 15 20
4836 2403 5 4 10 11 18 19
4953 4851 6 4 10 13 15 19 20
5361 4725 4 4 10 13 19
4518 5667 4 4 10 15 20
5175 5571 6 4 11 12 17 18 19
3999 5523 5 4 11 13 14 17
5664 2955 4 4 11 13 19
4566 3246 7 4 11 14 15 17 18 20
6231 3495 5 4 11 14 17 18
2160 5751 5 4 11 14 17 18
1824 5556 5 4 11 14 17 18
3756 6039 7 4 11 15 16 18 19 20
1707 2256 4 4 11 15 20
4554 1824 5 4 11 16 18 19
3822 3951 4 4 11 18 19
2316 4527 2 4 11
5691 6111 5 4 12 13 17 19
5814 4749 6 4 13 14 15 17 20
2676 4998 4 4 13 14 17
4926 3516 6 4 13 15 16 19 20
5079 4914 4 4 13 16 19
4347 2934 3 4 13 19
4638 2964 7 4 14 15 16 17 18 20
3327 4716 6 4 14 15 17 18 20
6288 4020 5 4 14 16 17 18
4980 6168 4 4 14 17 18
5403 2508 5 4 15 18 19 20
1065 4863 3 4 15 20
1035 3927 1 4
6216 5157 6 5 6 7 12 17 19
3948 5154 7 5 6 8 9 12 17 20
3003 6162 8 5 6 8 9 14 17 18 20
4761 6162 7 5 6 8 9 18 19 20
5325 5430 5 5 6 8 9 20
3828 4605 7 5 6 8 12 15 17 20
5586 3978 5 5 6 8 12 17
5205 5550 5 5 6 8 15 20
4797 4563 8 5 6 9 10 12 17 19 20
3861 6225 7 5 6 9 10 14 17 20
5619 6306 6 5 6 9 10 19 20
5157 4554 7 5 6 9 11 14 17 20
4770 2196 8 5 6 9 12 16 17 19 20
6252 4698 7 5 6 9 12 17 19 20
4173 2118 7 5 6 9 14 16 17 20
3237 4515 6 5 6 9 14 17 20
5931 6306 6 5 6 9 16 19 20
6351 5901 6 5 6 9 16 19 20
5724 6093 6 5 6 9 16 19 20
4995 4722 5 5 6 9 19 20
4590 6501 8 5 6 10 12 15 17 19 20
5007 5622 6 5 6 10 12 17 19
5199 5364 7 5 6 10 14 15 17 20
5616 4620 5 5 6 10 14 17
6054 1725 6 5 6 10 15 19 20
4668 6201 7 5 6 11 15 16 19 20
4809 5970 5 5 6 11 16 19
4563 5919 8 5 6 12 15 16 17 19 20
4725 1545 6 5 6 12 16 17 19
3984 6150 5 5 6 12 17 19
3318 5646 7 5 6 14 16 17 18 19
3780 3900 7 5 6 14 16 17 18 19
4095 5556 4 5 6 14 17
1260 5991 4 5 6 14 17
3303 4746 6 5 6 15 16 19 20
3456 3483 4 5 6 16 19
2727 4533 3 5 6 19
3156 3735 6 5 7 8 9 13 20
5820 3747 6 5 7 8 9 18 20
3036 4758 6 5 7 8 13 15 20
4032 5910 4 5 7 8 13
5697 3078 6 5 7 8 15 18 20
5940 2316 6 5 7 8 15 18 20
4005 5517 7 5 7 9 10 13 19 20
6669 4518 7 5 7 9 10 18 19 20
4791 6147 7 5 7 9 13 14 17 20
3978 3534 7 5 7 9 13 16 19 20
4524 5895 6 5 7 9 13 19 20
6639 3927 7 5 7 9 16 18 19 20
3885 4959 7 5 7 10 13 15 19 20
3369 1710 5 5 7 10 13 19
6546 4548 7 5 7 10 15 18 19 20
5748 3771 5 5 7 10 18 19
6087 5175 6 5 7 12 17 18 19
4668 6267 7 5 7 13 14 15 17 20
1926 4056 5 5 7 13 14 17
6444 4461 5 5 7 13 14 17
2835 4689 7 5 7 13 15 16 19 20
2997 3096 5 5 7 13 16 19
2898 5985 4 5 7 13 19
4590 5004 5 5 7 14 17 18
5301 1506 7 5 7 15 16 18 19 20
5466 2901 5 5 7 16 18 19
4725 5988 4 5 7 18 19
4347 2388 5 5 8 9 13 20
3312 5004 6 5 8 9 16 18 20
1905 6228 5 5 8 9 18 20
6192 4245 5 5 8 9 18 20
2436 6216 5 5 8 9 18 20
4869 5901 7 5 8 12 15 17 18 20
5622 4644 5 5 8 12 17 18
4227 981 5 5 8 13 15 20
5988 4674 3 5 8 13
3201 5919 6 5 8 15 16 18 20
3516 5874 5 5 8 15 18 20
6036 3594 5 5 8 15 18 20
2295 5250 5 5 8 15 18 20
4791 2049 4 5 8 16 18
5388 6012 4 5 8 16 18
3375 2667 3 5 8 18
5196 4347 6 5 9 10 13 19 20
3732 4275 7 5 9 10 14 17 18 20
4698 5115 7 5 9 10 14 17 18 20
2586 6069 6 5 9 10 18 19 20
6543 6027 6 5 9 10 18 19 20
3294 5664 4 5 9 10 20
4836 2130 7 5 9 11 14 17 18 20
5232 5826 7 5 9 11 14 17 18 20
3921 5412 7 5 9 11 16 18 19 20
4980 5970 5 5 9 11 16 20
4551 4122 4 5 9 11 20
6123 6099 7 5 9 12 17 18 19 20
4989 4479 6 5 9 13 14 17 20
5169 4425 6 5 9 13 16 19 20
4044 6117 7 5 9 14 16 17 18 20
3108 6546 6 5 9 14 17 18 20
5502 4974 6 5 9 16 18 19 20
2559 4473 6 5 9 16 18 19 20
3606 3729 4 5 9 16 20
4773 4254 5 5 9 18 19 20
5445 4476 5 5 9 18 19 20
2670 2997 3 5 9 20
4461 3837 8 5 10 12 15 17 18 19 20
4878 2847 6 5 10 12 17 18 19
5001 4272 6 5 10 13 15 19 20
5418 3276 4 5 10 13 19
4578 1791 7 5 10 14 15 17 18 20
4683 4533 7 5 10 14 15 17 18 20
5382 5586 5 5 10 14 17 18
2466 6381 6 5 10 15 18 19 20
4566 5169 4 5 10 15 20
3516 4701 4 5 10 18 19
4716 6138 7 5 11 14 15 17 18 20
6315 5580 5 5 11 14 17 18
3801 4806 7 5 11 15 16 18 19 20
4587 5559 5 5 11 16 18 19
5748 4083 5 5 12 13 17 19
4434 5175 8 5 12 15 16 17 18 19 20
4596 5325 6 5 12 16 17 18 19
3858 4716 5 5 12 17 18 19
5862 5487 6 5 13 14 15 17 20
2724 4689 4 5 13 14 17
4974 5082 6 5 13 15 16 19 20
5136 5970 4 5 13 16 19
4395 4326 3 5 13 19
4659 4590 7 5 14 15 16 17 18 20
3249 4854 6 5 14 15 17 18 20
6261 3234 5 5 14 16 17 18
5250 4764 4 5 14 17 18
1182 1995 4 5 14 17 18
1176 3861 4 5 14 17 18
2436 6387 6 5 15 16 18 19 20
5325 3225 5 5 15 18 19 20
993 3216 3 5 15 20
3234 5559 4 5 16 18 19
2625 3858 3 5 18 19
1083 3291 1 5
6501 3234 8 6 7 12 15 16 17 19 20
6306 4248 6 6 7 12 16 17 19
5925 4791 5 6 7 12 17 19
3345 5439 7 6 7 13 14 16 17 19
5961 5871 7 6 7 14 16 17 18 19
5259 4215 7 6 8 9 11 12 17 20
4317 4686 8 6 8 9 11 14 17 18 20
6075 1854 7 6 8 9 11 18 19 20
5472 5319 7 6 8 9 12 16 17 20
5967 3783 8 6 8 9 12 17 18 19 20
3897 6258 6 6 8 9 12 17 20
4527 6087 8 6 8 9 14 16 17 18 20
2943 4722 7 6 8 9 14 17 18 20
5439 4416 7 6 8 9 16 18 19 20
4959 3369 7 6 8 9 16 18 19 20
4701 3474 6 6 8 9 18 19 20
5274 3762 4 6 8 9 20
5115 3999 7 6 8 11 12 15 17 20
3846 4728 6 6 8 11 12 16 17
2901 2685 7 6 8 11 14 16 17 18
4659 4755 6 6 8 11 16 18 19
5223 5880 4 6 8 11 16
4998 4950 7 6 8 12 15 16 17 20
5097 5508 7 6 8 12 15 16 17 20
3741 3939 6 6 8 12 15 17 20
4491 4545 7 6 8 12 16 17 18 19
2421 4743 5 6 8 12 16 17
5460 4701 4 6 8 12 17
5367 3732 7 6 8 14 15 17 18 20
1506 5676 6 6 8 14 16 17 18
5751 5502 6 6 8 14 16 17 18
4047 5898 6 6 8 14 16 17 18
4806 4668 7 6 8 15 16 18 19 20
5199 3783 4 6 8 15 20
3225 6141 5 6 8 16 18 19
3999 4533 3 6 8 16
6111 5418 8 6 9 10 11 12 17 19 20
5175 6342 7 6 9 10 11 14 17 20
4746 1851 7 6 9 10 12 17 19 20
6372 3792 8 6 9 10 14 17 18 19 20
3810 5838 6 6 9 10 14 17 20
6297 4839 6 6 9 10 16 19 20
5568 4668 5 6 9 10 19 20
6081 2361 8 6 9 11 12 16 17 19 20
5487 2622 7 6 9 11 14 16 17 20
4548 5538 6 6 9 11 14 17 20
4719 5940 7 6 9 12 16 17 19 20
6201 1503 6 6 9 12 17 19 20
6177 5472 8 6 9 14 16 17 18 19 20
4122 4287 6 6 9 14 16 17 20
3276 3828 5 6 9 14 17 20
5880 4791 5 6 9 16 19 20
5673 5274 5 6 9 16 19 20
4932 618 4 6 9 19 20
5733 5859 8 6 10 11 12 15 17 19 20
6141 5202 6 6 10 11 12 17 19
6342 306 7 6 10 11 14 15 17 20
4689 5049 8 6 10 12 15 16 17 19 20
4299 2949 7 6 10 12 15 17 19 20
5097 4242 6 6 10 12 16 17 19
4716 963 5 6 10 12 17 19
5298 6351 7 6 10 14 15 16 17 20
6216 3105 8 6 10 14 15 17 18 19 20
4908 6000 6 6 10 14 15 17 20
5706 2586 5 6 10 14 16 17
5325 4542 4 6 10 14 17
5970 5121 5 6 10 15 19 20
5646 6126 8 6 11 12 15 16 17 19 20
5928 6066 8 6 11 12 15 16 17 19 20
3090 4278 6 6 11 12 16 17 19
5130 2175 5 6 11 12 17 19
4659 4299 7 6 11 14 16 17 18 19
5061 5289 7 6 11 14 16 17 18 19
5202 6177 7 6 11 14 16 17 18 19
2493 3894 5 6 11 14 16 17
2112 5520 4 6 11 14 17
4377 3852 6 6 11 15 16 19 20
4251 4800 4 6 11 16 19
4518 5175 4 6 11 16 19
3861 5802 3 6 11 19
4272 4791 7 6 12 15 16 17 19 20
1656 2334 5 6 12 16 17 19
4086 4434 5 6 12 16 17 19
3834 4245 4 6 12 17 19
5484 3984 6 6 13 14 16 17 19
5667 1206 6 6 13 14 16 17 19
6036 2607 8 6 14 15 16 17 18 19 20
6189 5664 8 6 14 15 16 17 18 19 20
3291 3858 6 6 14 16 17 18 19
5268 6669 4 6 14 16 17
1620 5673 4 6 14 16 17
2010 1023 3 6 14 17
5202 1176 3 6 14 17
3162 2655 5 6 15 16 19 20
2817 1665 3 6 16 19
2847 3870 2 6 19
4470 5844 6 7 8 9 11 13 20
4056 4749 8 7 8 9 13 14 17 18 20
4680 5085 6 7 8 9 13 16 20
4242 5487 7 7 8 9 13 18 19 20
3105 4953 5 7 8 9 13 20
5820 6105 5 7 8 9 18 20
2964 3810 6 7 8 10 13 15 20
4254 3225 6 7 8 10 13 15 20
3900 5151 4 7 8 10 13
6012 2493 4 7 8 10 13
4326 4227 6 7 8 11 13 15 20
3054 5994 5 7 8 11 13 16
5169 5076 4 7 8 11 13
5769 5487 5 7 8 11 16 18
3894 5949 8 7 8 13 14 15 17 18 20
5652 6390 6 7 8 13 14 17 18
3441 6243 6 7 8 13 15 16 20
5970 4476 7 7 8 13 15 18 19 20
2946 4941 5 7 8 13 15 20
3096 3165 6 7 8 13 16 18 19
4185 5925 4 7 8 13 16
6228 6147 4 7 8 13 16
2130 4467 4 7 8 13 16
3696 4593 3 7 8 13
5958 3312 6 7 8 15 16 18 20
5565 3861 5 7 8 15 18 20
5871 6513 5 7 8 15 18 20
5760 6048 5 7 8 15 18 20
4404 5571 4 7 8 16 18
5319 2292 7 7 9 10 11 13 19 20
6069 5298 7 7 9 10 13 14 17 20
5487 1905 6 7 9 10 13 19 20
3945 1620 6 7 9 10 13 19 20
6105 777 7 7 9 11 13 14 17 20
5292 2955 7 7 9 11 13 16 19 20
5838 3885 6 7 9 11 13 19 20
6150 5562 7 7 9 13 14 16 17 20
4740 3720 6 7 9 13 14 17 20
3918 4668 6 7 9 13 16 19 20
4473 4719 5 7 9 13 19 20
6630 6261 6 7 9 16 18 19 20
5175 3822 7 7 10 11 13 15 19 20
4413 4968 5 7 10 11 13 19
5832 4377 7 7 10 13 14 15 17 20
1464 5598 7 7 10 13 14 15 17 20
6012 5325 7 7 10 13 14 15 17 20
5883 2670 7 7 10 13 14 15 17 20
3135 4740 5 7 10 13 14 17
3144 5433 5 7 10 13 14 17
2388 3375 7 7 10 13 15 16 19 20
5118 3246 7 7 10 13 15 16 19 20
3783 4965 6 7 10 13 15 19 20
5556 4743 6 7 10 13 15 19 20
5523 5958 6 7 10 13 15 19 20
2397 6177 6 7 10 13 15 19 20
5565 5472 6 7 10 13 15 19 20
3417 3252 5 7 10 13 16 19
3426 5943 4 7 10 13 19
1581 4281 4 7 10 13 19
6513 1083 6 7 10 15 18 19 20
5949 5232 5 7 10 16 18 19
5559 4680 4 7 10 18 19
5958 3870 7 7 11 13 14 15 17 20
4524 6228 6 7 11 13 14 16 17
3216 5877 5 7 11 13 14 17
3870 6486 7 7 11 13 15 16 19 20
2292 4854 5 7 11 13 16 19
4131 4926 5 7 11 13 16 19
3402 5874 4 7 11 13 19
5928 4707 5 7 11 14 17 18
6693 2904 7 7 11 15 16 18 19 20
6486 5286 7 7 11 15 16 18 19 20
5004 4713 5 7 11 16 18 19
6303 4932 5 7 11 16 18 19
5922 5325 4 7 11 18 19
6474 4704 8 7 12 15 16 17 18 19 20
6291 2898 6 7 12 16 17 18 19
5898 3558 5 7 12 17 18 19
5901 3792 7 7 13 14 15 16 17 20
4578 5445 6 7 13 14 15 17 20
3330 5382 7 7 13 14 16 17 18 19
3159 2550 5 7 13 14 16 17
1836 1065 4 7 13 14 17
2508 5373 6 7 13 15 16 19 20
927 5301 4 7 13 16 19
2859 6270 4 7 13 16 19
5226 3303 4 7 13 16 19
2871 3294 3 7 13 19
5874 5619 5 7 14 16 17 18
4563 5199 4 7 14 17 18
5121 4569 6 7 15 16 18 19 20
5316 6006 6 7 15 16 18 19 20
4938 3678 4 7 16 18 19
3639 6078 4 7 16 18 19
4545 5460 3 7 18 19
510 3099 1 7
5664 4590 5 8 9 11 13 20
4677 2679 6 8 9 11 16 18 20
5136 6843 6 8 9 11 16 18 20
3102 1332 5 8 9 11 18 20
4707 4413 7 8 9 13 14 17 18 20
5874 5130 5 8 9 13 16 20
6381 3159 6 8 9 13 18 19 20
4287 4314 4 8 9 13 20
3312 3021 5 8 9 16 18 20
1728 3336 4 8 9 18 20
5286 5970 5 8 10 13 15 20
5094 4803 5 8 10 13 15 20
6030 6045 3 8 10 13
5151 4044 6 8 10 15 16 18 20
3576 6048 5 8 10 15 18 20
4002 4560 5 8 10 15 18 20
5373 5283 3 8 10 18
6066 4473 7 8 11 12 15 17 18 20
5517 6693 5 8 11 13 15 20
4248 3843 4 8 11 13 16
2004 3807 6 8 11 15 16 18 20
4533 5919 6 8 11 15 16 18 20
2955 510 5 8 11 15 18 20
2493 1035 4 8 11 16 18
5970 5760 4 8 11 16 18
2196 6204 4 8 11 16 18
4716 4332 3 8 11 18
5082 4425 7 8 12 15 16 17 18 20
4689 4065 6 8 12 15 17 18 20
5826 3834 5 8 12 16 17 18
5433 3957 4 8 12 17 18
5085 6372 7 8 13 14 15 17 18 20
3291 2844 6 8 13 14 16 17 18
5571 2946 5 8 13 15 16 20
5460 4941 5 8 13 15 16 20
4128 1878 4 8 13 15 20
4965 4959 5 8 13 16 18 19
2874 6117 3 8 13 16
5826 5136 2 8 13
3720 4758 5 8 15 16 18 20
1509 4659 5 8 15 16 18 20
3852 6444 5 8 15 16 18 20
603 3099 4 8 15 18 20
6009 5652 4 8 15 18 20
6012 3573 4 8 15 18 20
5214 4680 3 8 16 18
4473 1848 3 8 16 18
2142 6180 3 8 16 18
1851 4032 3 8 16 18
4215 4701 2 8 18
1206 3153 2 8 18
6513 5139 6 9 10 11 13 19 20
5100 4848 7 9 10 11 14 17 18 20
3951 3339 6 9 10 11 18 19 20
4416 1620 4 9 10 11 20
5565 3228 6 9 10 13 14 17 20
5139 3273 5 9 10 13 19 20
3735 3993 6 9 10 14 17 18 20
4701 2601 6 9 10 14 17 18 20
6129 4431 6 9 10 16 18 19 20
2577 5109 5 9 10 18 19 20
3747 4095 3 9 10 20
6306 4806 6 9 11 13 14 17 20
6486 5730 6 9 11 13 16 19 20
6147 4578 7 9 11 14 16 17 18 20
5409 2970 7 9 11 14 16 17 18 20
4473 3900 6 9 11 14 17 18 20
3924 4980 6 9 11 16 18 19 20
4644 5748 4 9 11 16 20
6138 4776 5 9 11 18 19 20
3792 4218 3 9 11 20
6126 6372 6 9 12 17 18 19 20
5877 4716 6 9 13 14 16 17 20
4941 4701 5 9 13 14 17 20
5109 4542 5 9 13 16 19 20
4047 5883 6 9 14 16 17 18 20
3099 5061 5 9 14 17 18 20
2550 5097 5 9 16 18 19 20
3837 4377 3 9 16 20
4764 4587 4 9 18 19 20
3831 5664 2 9 20
5658 5616 8 10 11 12 15 17 18 19 20
6066 6486 6 10 11 12 17 18 19
6147 6042 6 10 11 13 15 19 20
6267 5004 7 10 11 14 15 17 18 20
6162 4926 7 10 11 14 15 17 18 20
5919 6066 7 10 11 14 15 17 18 20
4686 1707 7 10 11 15 16 18 19 20
6120 5265 5 10 11 15 16 20
3804 5820 6 10 11 15 18 19 20
5739 5121 4 10 11 15 20
5094 6009 5 10 11 16 18 19
4713 5979 4 10 11 18 19
4680 6315 7 10 12 13 15 17 19 20
5619 2871 5 10 12 13 17 19
4674 2859 8 10 12 15 16 17 18 19 20
4281 4551 7 10 12 15 17 18 19 20
5082 5772 6 10 12 16 17 18 19
4689 4566 5 10 12 17 18 19
1665 3780 6 10 13 14 15 17 20
5991 6054 6 10 13 14 15 17 20
2655 5250 6 10 13 14 15 17 20
5613 5145 6 10 13 14 17 18 19
2601 4725 4 10 13 14 17
4068 3327 6 10 13 15 16 19 20
6264 6192 6 10 13 15 16 19 20
4851 5883 6 10 13 15 16 19 20
4674 5211 5 10 13 15 19 20
3336 2874 5 10 13 15 19 20
5004 4947 4 10 13 16 19
2175 5940 3 10 13 19
4275 5193 3 10 13 19
5880 4137 7 10 14 15 16 17 18 20
5178 3966 7 10 14 15 16 17 18 20
4569 5814 6 10 14 15 17 18 20
4554 3801 6 10 14 15 17 18 20
5586 2295 5 10 14 16 17 18
5193 2835 4 10 14 17 18
3312 4995 6 10 15 16 18 19 20
4755 4395 4 10 15 16 20
2430 4047 5 10 15 18 19 20
4245 3633 3 10 15 20
1239 5658 3 10 15 20
3807 5952 3 10 15 20
4245 3135 3 10 15 20
3729 3144 4 10 16 18 19
5925 5232 2 10 16
3339 4698 3 10 18 19
2268 6168 1 10
4695 3618 1 10
5619 5565 8 11 12 15 16 17 18 19 20
5433 6066 6 11 12 16 17 18 19
5052 6216 5 11 12 17 18 19
4251 3474 5 11 13 14 16 17
3870 3993 4 11 13 14 17
6009 1581 6 11 13 15 16 19 20
6117 4443 6 11 13 15 16 19 20
6150 5706 4 11 13 16 19
3483 5850 4 11 13 16 19
5541 5838 3 11 13 19
5898 5991 7 11 14 15 16 17 18 20
6000 4563 7 11 14 15 16 17 18 20
4590 4341 6 11 14 15 17 18 20
2418 6303 5 11 14 16 17 18
1848 6069 4 11 14 17 18
3777 993 6 11 15 16 18 19 20
1995 6012 4 11 15 16 20
1725 1836 3 11 15 20
5340 4878 4 11 16 18 19
963 6291 4 11 16 18 19
4431 4689 4 11 16 18 19
4083 5433 4 11 16 18 19
2607 3402 2 11 16
3693 3918 3 11 18 19
2334 2421 1 11
5988 6132 7 12 13 15 16 17 19 20
5901 5382 5 12 13 16 17 19
5412 6705 4 12 13 17 19
4254 3945 7 12 15 16 17 18 19 20
4071 2151 5 12 16 17 18 19
3678 1656 4 12 17 18 19
306 6063 2 12 17
5772 6114 5 13 14 15 17 20
5469 2988 6 13 14 16 17 18 19
2886 5958 4 13 14 16 17
2397 6189 3 13 14 17
4647 6639 5 13 15 16 19 20
2118 2160 3 13 16 19
4800 5754 3 13 16 19
4068 4551 2 13 19
4533 4308 6 14 15 16 17 18 20
3225 3603 5 14 15 17 18 20
1791 5568 4 14 16 17 18
1545 3156 4 14 16 17 18
1242 3516 3 14 17 18
2403 6081 5 15 16 18 19 20
1620 5316 3 15 16 20
5289 1014 4 15 18 19 20
1014 5733 2 15 20
618 5880 3 16 18 19
3855 5859 3 16 18 19
2256 4683 1 16
2685 5907 2 18 19
