27 626 
122 2778 2 1 5
120 2256 2 1 6
156 2742 1 1
2104 2544 3 2 6 7
2504 1584 2 2 6
2250 118 2 2 7
2650 1542 1 2
2014 470 3 3 5 7
2414 3240 2 3 5
2338 3294 3 3 6 7
2740 2622 2 3 6
2396 2806 2 3 7
2802 2228 1 3
1998 1542 3 4 5 7
2394 882 2 4 5
2324 1226 3 4 6 7
2718 1936 2 4 6
2392 2834 2 4 7
2786 3410 1 4
118 2982 2 5 7
446 2724 1 5
198 1394 2 6 7
766 3364 1 6
380 2214 1 7
2928 1004 3 8 10 14
2472 3276 3 8 10 16
2724 1454 2 8 10
2218 1866 3 8 12 14
1766 2112 3 8 12 16
3104 2714 5 8 12 25 26 27
2908 1126 5 8 12 25 26 27
2014 2854 2 8 12
2498 2314 4 8 13 14 16
2746 1718 3 8 13 14
2466 2400 3 8 13 16
3484 472 6 8 13 24 25 26 27
2714 1364 2 8 13
2308 2878 4 8 14 15 16
3428 2014 6 8 14 15 25 26 27
2556 66 3 8 14 15
2862 968 2 8 14
2384 2316 3 8 15 16
3560 2754 6 8 15 22 25 26 27
3294 568 6 8 15 24 25 26 27
2632 2470 2 8 15
2412 2720 2 8 16
1218 2784 1 8
1218 2248 1 8
2920 214 3 9 10 14
2464 2404 3 9 10 16
2706 2764 2 9 10
2210 270 3 9 12 14
1758 2146 3 9 12 16
3096 2138 5 9 12 25 26 27
2900 1696 5 9 12 25 26 27
1996 1544 2 9 12
2490 1988 4 9 13 14 16
2732 2036 3 9 13 14
2458 2016 3 9 13 16
3490 2068 6 9 13 24 25 26 27
2694 906 2 9 13
2300 3418 4 9 14 15 16
3420 636 6 9 14 15 25 26 27
2542 3038 3 9 14 15
2854 1812 2 9 14
2376 2862 3 9 15 16
3566 2396 6 9 15 22 25 26 27
3300 2490 6 9 15 24 25 26 27
2614 9478 2 9 15
2404 3520 2 9 16
1208 816 1 9
1208 1478 1 9
2720 352 6 10 12 20 25 26 27
2434 2004 6 10 12 21 25 26 27
2290 2764 6 10 12 22 25 26 27
2024 1542 6 10 12 24 25 26 27
2778 3484 5 10 12 25 26 27
3430 882 7 10 13 14 20 25 26 27
3144 2348 7 10 13 14 21 25 26 27
3000 2686 7 10 13 14 22 25 26 27
2734 2552 7 10 13 14 24 25 26 27
2874 3312 7 10 13 16 20 25 26 27
2590 1384 7 10 13 16 21 25 26 27
2446 2186 7 10 13 16 22 25 26 27
2178 636 7 10 13 16 24 25 26 27
2934 1368 6 10 13 16 25 26 27
3264 3156 6 10 13 24 25 26 27
3240 2542 7 10 14 15 20 25 26 27
2954 2556 7 10 14 15 21 25 26 27
2810 2474 7 10 14 15 22 25 26 27
2544 2286 7 10 14 15 24 25 26 27
3298 2856 6 10 14 15 25 26 27
3468 2944 6 10 14 21 25 26 27
3324 2630 6 10 14 22 25 26 27
3056 3298 6 10 14 24 25 26 27
2684 946 7 10 15 16 20 25 26 27
2400 1874 7 10 15 16 21 25 26 27
2256 1296 7 10 15 16 22 25 26 27
1988 2602 7 10 15 16 24 25 26 27
2744 3098 6 10 15 16 25 26 27
3340 2884 6 10 15 22 25 26 27
3074 2800 6 10 15 24 25 26 27
3198 3490 6 10 16 20 25 26 27
2912 3020 6 10 16 21 25 26 27
2768 3074 6 10 16 22 25 26 27
2502 2650 6 10 16 24 25 26 27
3256 1970 5 10 16 25 26 27
2068 636 5 10 20 25 26 27
1778 1874 5 10 21 25 26 27
1634 2472 5 10 22 25 26 27
1368 2580 5 10 24 25 26 27
2128 2414 4 10 25 26 27
688 1126 1 10
2552 2206 4 11 17 18 23
2642 1776 3 11 17 18
3162 2838 6 11 17 20 25 26 27
3312 2810 6 11 17 20 25 26 27
2316 2368 3 11 17 20
3022 1816 6 11 17 21 25 26 27
2988 2288 6 11 17 21 25 26 27
2282 1218 3 11 17 21
2878 2412 6 11 17 22 25 26 27
2828 1736 6 11 17 22 25 26 27
2138 2988 3 11 17 22
2800 3256 3 11 17 23
2476 1292 6 11 17 24 25 26 27
2610 2112 6 11 17 24 25 26 27
1870 2824 3 11 17 24
3370 2290 5 11 17 25 26 27
2620 3160 2 11 17
2416 1294 4 11 18 20 23
3550 2734 6 11 18 20 25 26 27
3500 2380 6 11 18 20 25 26 27
2858 3238 3 11 18 20
2380 3566 4 11 18 21 23
3210 3000 6 11 18 21 25 26 27
3376 1218 6 11 18 21 25 26 27
2824 1300 3 11 18 21
2236 1812 4 11 18 22 23
3066 2778 6 11 18 22 25 26 27
3216 2502 6 11 18 22 25 26 27
2680 2446 3 11 18 22
1970 2194 4 11 18 23 24
2720 2266 3 11 18 23
2800 2764 6 11 18 24 25 26 27
2866 1216 6 11 18 24 25 26 27
2412 1950 3 11 18 24
2958 2936 2 11 18
3140 3334 6 11 20 21 25 26 27
3316 2746 6 11 20 21 25 26 27
2886 1146 6 11 20 21 25 26 27
2742 2724 6 11 20 22 25 26 27
3156 1776 6 11 20 22 25 26 27
3156 2138 6 11 20 22 25 26 27
2664 116 3 11 20 23
2806 1130 6 11 20 24 25 26 27
2474 1652 6 11 20 24 25 26 27
3234 2828 5 11 20 25 26 27
2632 3218 2 11 20
2980 2112 6 11 21 22 25 26 27
2706 3104 6 11 21 22 25 26 27
2630 1782 3 11 21 23
2440 2414 6 11 21 24 25 26 27
2630 198 6 11 21 24 25 26 27
2440 2290 6 11 21 24 25 26 27
3190 2964 5 11 21 25 26 27
2602 2702 2 11 21
2486 2588 3 11 22 23
2296 1716 6 11 22 24 25 26 27
2470 2068 6 11 22 24 25 26 27
3046 3004 5 11 22 25 26 27
2454 2632 2 11 22
2214 122 3 11 23 24
2964 3206 2 11 23
2778 2250 5 11 24 25 26 27
3520 1722 5 11 24 25 26 27
2788 2198 5 11 24 25 26 27
2186 1562 2 11 24
2936 656 1 11
2480 1602 7 12 13 14 20 25 26 27
2194 1128 7 12 13 14 21 25 26 27
2050 2908 7 12 13 14 22 25 26 27
1784 966 7 12 13 14 24 25 26 27
2538 2046 6 12 13 14 25 26 27
1912 2886 7 12 13 16 20 25 26 27
1626 2226 7 12 13 16 21 25 26 27
1482 2878 7 12 13 16 22 25 26 27
1216 2376 7 12 13 16 24 25 26 27
1970 2878 6 12 13 16 25 26 27
3010 3264 6 12 13 20 25 26 27
2724 2134 6 12 13 21 25 26 27
2580 3316 6 12 13 22 25 26 27
2314 1894 6 12 13 24 25 26 27
3068 1776 5 12 13 25 26 27
2290 1714 7 12 14 15 20 25 26 27
2004 2870 7 12 14 15 21 25 26 27
1860 2546 7 12 14 15 22 25 26 27
1594 2306 7 12 14 15 24 25 26 27
2348 2778 6 12 14 15 25 26 27
2790 2504 6 12 14 20 25 26 27
2504 2828 6 12 14 21 25 26 27
2360 2112 6 12 14 22 25 26 27
2094 2058 6 12 14 24 25 26 27
2848 2464 5 12 14 25 26 27
1722 3370 7 12 15 16 20 25 26 27
1436 120 7 12 15 16 21 25 26 27
1292 2124 7 12 15 16 22 25 26 27
1026 1034 7 12 15 16 24 25 26 27
1780 1652 6 12 15 16 25 26 27
2820 3550 6 12 15 20 25 26 27
2534 2134 6 12 15 21 25 26 27
2390 2194 6 12 15 22 25 26 27
2124 152 6 12 15 24 25 26 27
2878 2432 5 12 15 25 26 27
2234 472 6 12 16 20 25 26 27
1950 3190 6 12 16 21 25 26 27
1806 2538 6 12 16 22 25 26 27
1538 1642 6 12 16 24 25 26 27
2294 1704 5 12 16 25 26 27
1106 2784 5 12 20 25 26 27
816 2800 5 12 21 25 26 27
672 3284 5 12 22 25 26 27
444 688 5 12 24 25 26 27
1164 2536 4 12 25 26 27
70 2248 1 12
2432 2534 8 13 14 15 16 20 25 26 27
2146 1070 8 13 14 15 16 21 25 26 27
2146 966 8 13 14 15 16 21 25 26 27
2002 1594 8 13 14 15 16 22 25 26 27
2002 2766 8 13 14 15 16 22 25 26 27
1736 2194 8 13 14 15 16 24 25 26 27
2490 1912 7 13 14 15 16 25 26 27
3232 2592 7 13 14 15 21 25 26 27
3232 712 7 13 14 15 21 25 26 27
3088 2676 7 13 14 15 22 25 26 27
2820 2924 7 13 14 15 24 25 26 27
2834 3022 7 13 14 15 24 25 26 27
2944 2206 7 13 14 16 20 25 26 27
2944 288 7 13 14 16 20 25 26 27
2660 1192 7 13 14 16 21 25 26 27
2516 404 7 13 14 16 22 25 26 27
2248 1684 7 13 14 16 24 25 26 27
2248 1778 7 13 14 16 24 25 26 27
3004 1106 6 13 14 16 25 26 27
1816 2480 6 13 14 20 25 26 27
1526 1260 6 13 14 21 25 26 27
1382 2372 6 13 14 22 25 26 27
1114 2138 6 13 14 24 25 26 27
3334 578 6 13 14 24 25 26 27
1874 1542 5 13 14 25 26 27
568 2672 2 13 14
2962 2046 7 13 15 16 20 25 26 27
2962 2504 7 13 15 16 20 25 26 27
2676 826 7 13 15 16 21 25 26 27
2676 874 7 13 15 16 21 25 26 27
2532 1956 7 13 15 16 22 25 26 27
2546 1382 7 13 15 16 22 25 26 27
2266 2486 7 13 15 16 24 25 26 27
2266 2002 7 13 15 16 24 25 26 27
3020 240 6 13 15 16 25 26 27
3364 3340 6 13 15 24 25 26 27
1260 1632 6 13 16 20 25 26 27
3190 1208 6 13 16 21 25 26 27
970 684 6 13 16 21 25 26 27
3190 2942 6 13 16 21 25 26 27
826 1544 6 13 16 22 25 26 27
2778 2300 6 13 16 24 25 26 27
584 710 6 13 16 24 25 26 27
1320 284 5 13 16 25 26 27
216 2056 2 13 16
2346 2528 5 13 20 25 26 27
2056 924 5 13 21 25 26 27
1912 2432 5 13 22 25 26 27
1644 2466 5 13 24 25 26 27
2404 2466 4 13 25 26 27
976 2740 1 13
2754 3358 7 14 15 16 20 25 26 27
2470 3096 7 14 15 16 21 25 26 27
2326 1812 7 14 15 16 22 25 26 27
2058 2768 7 14 15 16 24 25 26 27
2058 120 7 14 15 16 24 25 26 27
2814 1622 6 14 15 16 25 26 27
1626 9494 6 14 15 20 25 26 27
1336 3190 6 14 15 21 25 26 27
1192 1362 6 14 15 22 25 26 27
3410 2228 6 14 15 22 25 26 27
924 970 6 14 15 24 25 26 27
3238 1998 6 14 15 24 25 26 27
1684 2858 5 14 15 25 26 27
352 2104 2 14 15
3268 1542 6 14 16 20 25 26 27
2982 3338 6 14 16 21 25 26 27
2838 2642 6 14 16 22 25 26 27
2572 1970 6 14 16 24 25 26 27
3326 2210 5 14 16 25 26 27
2138 3356 5 14 20 25 26 27
1848 2434 5 14 21 25 26 27
1704 2454 5 14 22 25 26 27
1438 670 5 14 24 25 26 27
2198 1784 4 14 25 26 27
758 2858 1 14
3284 2954 6 15 16 20 25 26 27
1070 3116 6 15 16 20 25 26 27
3284 966 6 15 16 20 25 26 27
780 2920 6 15 16 21 25 26 27
3000 2624 6 15 16 21 25 26 27
3000 2672 6 15 16 21 25 26 27
2856 2944 6 15 16 22 25 26 27
636 3216 6 15 16 22 25 26 27
484 572 6 15 16 24 25 26 27
2588 2744 6 15 16 24 25 26 27
1130 2434 5 15 16 25 26 27
3344 2462 5 15 16 25 26 27
116 2572 2 15 16
2156 2630 5 15 20 25 26 27
1866 2440 5 15 21 25 26 27
1722 780 5 15 22 25 26 27
1454 2866 5 15 24 25 26 27
2214 2282 4 15 25 26 27
788 1064 1 15
1584 2018 5 16 20 25 26 27
1294 3420 5 16 21 25 26 27
1150 3098 5 16 22 25 26 27
882 1526 5 16 24 25 26 27
1642 2024 4 16 25 26 27
214 1382 1 16
1632 3140 8 17 18 19 20 23 25 26 27
2046 3232 7 17 18 19 20 25 26 27
2046 2526 7 17 18 19 20 25 26 27
1456 2016 8 17 18 19 21 23 25 26 27
1874 2704 7 17 18 19 21 25 26 27
1874 1126 7 17 18 19 21 25 26 27
1296 2590 8 17 18 19 22 23 25 26 27
1714 380 7 17 18 19 22 25 26 27
946 2308 8 17 18 19 23 24 25 26 27
2348 2706 7 17 18 19 23 25 26 27
1362 1234 7 17 18 19 24 25 26 27
2764 2058 6 17 18 19 25 26 27
2444 1860 7 17 18 20 23 25 26 27
2858 2620 6 17 18 20 25 26 27
2268 2178 7 17 18 21 23 25 26 27
2686 3244 6 17 18 21 25 26 27
2108 796 7 17 18 22 23 25 26 27
2526 1302 6 17 18 22 25 26 27
1758 1716 7 17 18 23 24 25 26 27
3160 2404 6 17 18 23 25 26 27
2174 2768 6 17 18 24 25 26 27
1396 1320 8 17 19 20 21 23 25 26 27
1394 504 8 17 19 20 21 23 25 26 27
1812 680 7 17 19 20 21 25 26 27
1812 3022 7 17 19 20 21 25 26 27
1236 584 8 17 19 20 22 23 25 26 27
1234 1912 8 17 19 20 22 23 25 26 27
1652 2814 7 17 19 20 22 25 26 27
884 1870 8 17 19 20 23 24 25 26 27
2286 1938 7 17 19 20 23 25 26 27
1300 3300 7 17 19 20 24 25 26 27
1302 2464 7 17 19 20 24 25 26 27
2702 3278 6 17 19 20 25 26 27
680 2702 6 17 19 20 25 26 27
2704 2338 6 17 19 20 25 26 27
1062 2532 8 17 19 21 22 23 25 26 27
1062 2764 8 17 19 21 22 23 25 26 27
1478 1634 7 17 19 21 22 25 26 27
710 1758 8 17 19 21 23 24 25 26 27
712 2002 8 17 19 21 23 24 25 26 27
2112 444 7 17 19 21 23 25 26 27
2112 3000 7 17 19 21 23 25 26 27
1126 730 7 17 19 21 24 25 26 27
472 616 6 17 19 21 25 26 27
2528 884 6 17 19 21 25 26 27
670 1150 8 17 19 22 23 24 25 26 27
1952 3430 7 17 19 22 23 25 26 27
1952 2610 7 17 19 22 23 25 26 27
966 3178 7 17 19 22 24 25 26 27
966 1782 7 17 19 22 24 25 26 27
472 2820 6 17 19 22 25 26 27
2368 3068 6 17 19 22 25 26 27
1602 1952 7 17 19 23 24 25 26 27
3004 1766 6 17 19 23 25 26 27
2016 3210 6 17 19 24 25 26 27
470 2094 6 17 19 24 25 26 27
1206 270 5 17 19 25 26 27
120 2390 2 17 19
2206 1302 7 17 20 21 23 25 26 27
2206 1936 7 17 20 21 23 25 26 27
2622 9448 6 17 20 21 25 26 27
2046 1476 7 17 20 22 23 25 26 27
2464 1716 6 17 20 22 25 26 27
2462 1004 6 17 20 22 25 26 27
1696 2828 7 17 20 23 24 25 26 27
1696 2790 7 17 20 23 24 25 26 27
3098 3324 6 17 20 23 25 26 27
3098 1322 6 17 20 23 25 26 27
2112 1126 6 17 20 24 25 26 27
1302 3178 5 17 20 25 26 27
1874 1806 7 17 21 22 23 25 26 27
1874 1482 7 17 21 22 23 25 26 27
2288 3046 6 17 21 22 25 26 27
2288 1538 6 17 21 22 25 26 27
1522 2614 7 17 21 23 24 25 26 27
2924 2458 6 17 21 23 25 26 27
2924 2644 6 17 21 23 25 26 27
1936 2912 6 17 21 24 25 26 27
1940 2724 6 17 21 24 25 26 27
1128 3232 5 17 21 25 26 27
3338 3162 5 17 21 25 26 27
1364 120 7 17 22 23 24 25 26 27
1362 3004 7 17 22 23 24 25 26 27
2764 2294 6 17 22 23 25 26 27
2764 1778 6 17 22 23 25 26 27
1778 2268 6 17 22 24 25 26 27
1776 1696 6 17 22 24 25 26 27
3178 2718 5 17 22 25 26 27
968 2962 5 17 22 25 26 27
2414 2294 6 17 23 24 25 26 27
2414 2516 6 17 23 24 25 26 27
2828 2802 5 17 24 25 26 27
616 758 5 17 24 25 26 27
2018 3500 4 17 25 26 27
226 636 1 17
1812 2720 8 18 19 20 21 23 25 26 27
2228 1936 7 18 19 20 21 25 26 27
2228 2288 7 18 19 20 21 25 26 27
1652 966 8 18 19 20 22 23 25 26 27
1652 3056 8 18 19 20 22 23 25 26 27
2068 1386 7 18 19 20 22 25 26 27
2068 672 7 18 19 20 22 25 26 27
1302 2684 8 18 19 20 23 24 25 26 27
2702 1780 7 18 19 20 23 25 26 27
2704 1522 7 18 19 20 23 25 26 27
1716 2236 7 18 19 20 24 25 26 27
3118 3088 6 18 19 20 25 26 27
906 972 6 18 19 20 25 26 27
1476 2694 8 18 19 21 22 23 25 26 27
1894 3418 7 18 19 21 22 25 26 27
1126 3000 8 18 19 21 23 24 25 26 27
1126 1722 8 18 19 21 23 24 25 26 27
2526 2924 7 18 19 21 23 25 26 27
1542 3198 7 18 19 21 24 25 26 27
1544 680 7 18 19 21 24 25 26 27
2944 1952 6 18 19 21 25 26 27
732 2354 6 18 19 21 25 26 27
966 2464 8 18 19 22 23 24 25 26 27
966 3144 8 18 19 22 23 24 25 26 27
2366 1874 7 18 19 22 23 25 26 27
2366 2644 7 18 19 22 23 25 26 27
2366 1062 7 18 19 22 23 25 26 27
1382 3156 7 18 19 22 24 25 26 27
1384 1958 7 18 19 22 24 25 26 27
572 3182 6 18 19 22 25 26 27
2784 3182 6 18 19 22 25 26 27
2784 1782 6 18 19 22 25 26 27
2016 3234 7 18 19 23 24 25 26 27
3418 472 6 18 19 23 25 26 27
3418 2234 6 18 19 23 25 26 27
472 2286 6 18 19 24 25 26 27
2536 1064 6 18 19 24 25 26 27
1622 2828 5 18 19 25 26 27
112 2962 2 18 19
2622 2964 7 18 20 21 23 25 26 27
2622 904 7 18 20 21 23 25 26 27
2624 1874 7 18 20 21 23 25 26 27
3038 226 6 18 20 21 25 26 27
3038 2680 6 18 20 21 25 26 27
2462 2548 7 18 20 22 23 25 26 27
2462 2226 7 18 20 22 23 25 26 27
2464 2706 7 18 20 22 23 25 26 27
2878 1876 6 18 20 22 25 26 27
2112 1622 7 18 20 23 24 25 26 27
2112 2444 7 18 20 23 24 25 26 27
1302 1026 6 18 20 23 25 26 27
2528 2366 6 18 20 24 25 26 27
1718 2412 5 18 20 25 26 27
2286 616 7 18 21 22 23 25 26 27
2286 1208 7 18 21 22 23 25 26 27
2704 1848 6 18 21 22 25 26 27
2706 2660 6 18 21 22 25 26 27
1938 2934 7 18 21 23 24 25 26 27
1936 2526 7 18 21 23 24 25 26 27
1936 2156 7 18 21 23 24 25 26 27
3338 976 6 18 21 23 25 26 27
1126 2276 6 18 21 23 25 26 27
2354 3376 6 18 21 24 25 26 27
1544 482 5 18 21 25 26 27
1776 2384 7 18 22 23 24 25 26 27
1776 2214 7 18 22 23 24 25 26 27
3178 2132 6 18 22 23 25 26 27
966 2622 6 18 22 23 25 26 27
3178 3184 6 18 22 23 25 26 27
2194 3038 6 18 22 24 25 26 27
2194 966 6 18 22 24 25 26 27
1384 1236 5 18 22 25 26 27
616 2944 6 18 23 24 25 26 27
2828 2704 6 18 23 24 25 26 27
2828 2038 6 18 23 24 25 26 27
2828 2366 6 18 23 24 25 26 27
2018 470 5 18 23 25 26 27
240 2196 2 18 23
3244 470 5 18 24 25 26 27
1034 2226 5 18 24 25 26 27
2434 1626 4 18 25 26 27
636 3022 1 18
2466 1456 7 19 20 21 23 25 26 27
2884 2768 6 19 20 21 25 26 27
2884 1626 6 19 20 21 25 26 27
2306 3190 7 19 20 22 23 25 26 27
2306 2498 7 19 20 22 23 25 26 27
2724 2198 6 19 20 22 25 26 27
1956 2632 7 19 20 23 24 25 26 27
3356 1644 6 19 20 23 25 26 27
3358 2360 6 19 20 23 25 26 27
2372 3326 6 19 20 24 25 26 27
1562 1164 5 19 20 25 26 27
2132 2528 7 19 21 22 23 25 26 27
2548 2674 6 19 21 22 25 26 27
1782 2326 7 19 21 23 24 25 26 27
1782 2296 7 19 21 23 24 25 26 27
3182 2174 6 19 21 23 25 26 27
3182 500 6 19 21 23 25 26 27
2196 788 6 19 21 24 25 26 27
2198 2196 6 19 21 24 25 26 27
1386 484 5 19 21 25 26 27
1622 480 7 19 22 23 24 25 26 27
3022 3088 6 19 22 23 25 26 27
3022 2294 6 19 22 23 25 26 27
2036 3268 6 19 22 24 25 26 27
2038 216 6 19 22 24 25 26 27
1226 2346 5 19 22 25 26 27
2672 286 6 19 23 24 25 26 27
2672 2440 6 19 23 24 25 26 27
876 1146 5 19 24 25 26 27
3088 1996 5 19 24 25 26 27
2276 2416 4 19 25 26 27
482 1958 1 19
2226 1622 7 20 21 22 23 25 26 27
2226 3118 7 20 21 22 23 25 26 27
2226 2788 7 20 21 22 23 25 26 27
2644 2392 6 20 21 22 25 26 27
2644 2462 6 20 21 22 25 26 27
1876 2884 7 20 21 23 24 25 26 27
1876 2664 7 20 21 23 24 25 26 27
1064 2366 6 20 21 23 25 26 27
1064 2848 6 20 21 23 25 26 27
3276 1708 6 20 21 23 25 26 27
3278 1940 6 20 21 23 25 26 27
3276 2050 6 20 21 23 25 26 27
2294 244 6 20 21 24 25 26 27
2294 2036 6 20 21 24 25 26 27
1482 156 5 20 21 25 26 27
1716 2828 7 20 22 23 24 25 26 27
1716 1362 7 20 22 23 24 25 26 27
1716 3344 7 20 22 23 24 25 26 27
1004 2874 6 20 22 23 25 26 27
3116 2928 6 20 22 23 25 26 27
3218 2394 6 20 22 23 25 26 27
904 1958 6 20 22 23 25 26 27
2134 2128 6 20 22 24 25 26 27
2134 2958 6 20 22 24 25 26 27
1322 1384 5 20 22 25 26 27
2766 3428 6 20 23 24 25 26 27
680 3468 6 20 23 24 25 26 27
1004 2324 6 20 23 24 25 26 27
2768 1482 6 20 23 24 25 26 27
2768 2014 6 20 23 24 25 26 27
1956 2534 5 20 23 25 26 27
656 1438 2 20 23
3206 2980 5 20 24 25 26 27
3184 2614 5 20 24 25 26 27
972 1956 5 20 24 25 26 27
2764 2474 4 20 25 26 27
500 1652 4 20 25 26 27
480 3560 4 20 25 26 27
2474 3178 4 20 25 26 27
578 2732 1 20
1542 2820 7 21 22 23 24 25 26 27
1542 1758 7 21 22 23 24 25 26 27
1542 2786 7 21 22 23 24 25 26 27
1542 1716 7 21 22 23 24 25 26 27
2964 1302 6 21 22 23 25 26 27
2942 112 6 21 22 23 25 26 27
730 2218 6 21 22 23 25 26 27
1958 2470 6 21 22 24 25 26 27
1958 1206 6 21 22 24 25 26 27
1958 1062 6 21 22 24 25 26 27
1146 1114 5 21 22 25 26 27
1146 2476 5 21 22 25 26 27
2614 3284 6 21 23 24 25 26 27
470 1302 6 21 23 24 25 26 27
2592 732 6 21 23 24 25 26 27
1782 2414 5 21 23 25 26 27
286 2462 2 21 23
796 2286 5 21 24 25 26 27
796 1336 5 21 24 25 26 27
284 2266 4 21 25 26 27
2196 2068 4 21 25 26 27
270 2490 4 21 25 26 27
404 2706 1 21
2534 2676 6 22 23 24 25 26 27
470 2900 6 22 23 24 25 26 27
2432 1874 6 22 23 24 25 26 27
504 2348 6 22 23 24 25 26 27
1622 70 5 22 23 25 26 27
152 3066 2 22 23
2870 3010 5 22 24 25 26 27
636 2704 5 22 24 25 26 27
636 1876 5 22 24 25 26 27
286 2622 4 22 25 26 27
2138 2146 4 22 25 26 27
2036 1396 4 22 25 26 27
270 2108 4 22 25 26 27
244 2112 1 22
1272 876 5 23 24 25 26 27
120 766 2 23 24
2674 796 4 23 25 26 27
874 286 1 23
270 1436 4 24 25 26 27
1708 1272 4 24 25 26 27
288 2306 4 24 25 26 27
66 3276 1 24
684 270 3 25 26 27
3190 3338 3 25 26 27
882 3190 3 25 26 27
9478 2018 1 25
9494 2046 1 26
9448 446 1 27
