18 2540 
3960 826 7 1 2 6 7 12 13 14
3742 4212 6 1 2 6 9 13 14
3756 5324 6 1 2 6 10 13 14
3322 1308 6 1 2 6 11 13 14
4074 4960 5 1 2 6 13 14
2418 1882 6 1 2 7 9 13 17
1578 1778 5 1 2 7 9 13
2430 2298 6 1 2 7 10 13 17
1584 3404 5 1 2 7 10 13
1996 1996 6 1 2 7 11 13 17
1156 1132 5 1 2 7 11 13
4290 460 7 1 2 7 12 13 14 15
4262 836 7 1 2 7 12 13 14 16
3006 1604 6 1 2 7 12 15 17
2972 4336 6 1 2 7 12 16 17
2774 1258 5 1 2 7 13 17
1902 1908 4 1 2 7 13
4072 2162 6 1 2 9 13 14 15
4044 3484 6 1 2 9 13 14 16
2790 1762 5 1 2 9 15 17
2756 5278 5 1 2 9 16 17
4084 1478 6 1 2 10 13 14 15
4056 2272 6 1 2 10 13 14 16
2802 1110 5 1 2 10 15 17
2768 2286 5 1 2 10 16 17
3650 3002 6 1 2 11 13 14 15
3622 4914 6 1 2 11 13 14 16
2368 2258 5 1 2 11 15 17
2334 994 5 1 2 11 16 17
4404 3350 5 1 2 13 14 15
4374 3758 5 1 2 13 14 16
3146 1560 4 1 2 15 17
3112 3426 4 1 2 16 17
2770 826 6 1 3 4 7 13 17
3142 1544 5 1 3 4 15 17
3108 1770 5 1 3 4 16 17
2606 3598 6 1 3 6 7 13 17
2978 1508 5 1 3 6 15 17
2944 5118 5 1 3 6 16 17
2650 2254 6 1 3 7 12 15 17
2616 2586 6 1 3 7 12 16 17
2884 3108 6 1 3 7 13 15 17
2834 3666 6 1 3 7 13 16 17
2948 826 5 1 3 7 13 17
3206 2472 5 1 3 15 16 17
3320 1234 4 1 3 15 17
3286 1590 4 1 3 16 17
4482 1530 6 1 4 5 9 16 18
4494 2530 6 1 4 5 10 16 18
4058 3486 6 1 4 5 11 16 18
4644 4482 5 1 4 5 16 18
3422 1230 7 1 4 6 7 13 17 18
5660 2094 6 1 4 6 12 14 18
4288 1858 6 1 4 6 13 14 17
6142 6534 6 1 4 6 13 14 18
3774 2970 6 1 4 6 15 17 18
3736 564 6 1 4 6 16 17 18
3760 2520 6 1 4 6 16 17 18
3734 3806 4 1 4 6 18
5660 2190 7 1 4 7 12 13 14 18
3444 2912 7 1 4 7 12 15 17 18
3406 1724 7 1 4 7 12 16 17 18
3410 3106 5 1 4 7 12 18
3998 2264 7 1 4 7 13 15 17 18
3700 3356 7 1 4 7 13 15 17 18
3648 2264 7 1 4 7 13 16 17 18
3972 1830 7 1 4 7 13 16 17 18
2124 2816 5 1 4 7 13 17
3976 3914 5 1 4 7 13 18
4762 3754 6 1 4 8 9 15 18
4724 2732 6 1 4 8 9 16 18
4776 2852 6 1 4 8 10 15 18
4738 3330 6 1 4 8 10 16 18
4340 2278 6 1 4 8 11 15 18
4302 3424 6 1 4 8 11 16 18
4926 3118 5 1 4 8 15 18
4888 3212 5 1 4 8 16 18
5958 3146 6 1 4 12 14 15 18
5926 1962 6 1 4 12 14 16 18
4618 2390 6 1 4 13 14 15 17
6470 1388 6 1 4 13 14 15 18
4590 2994 6 1 4 13 14 16 17
6442 2152 6 1 4 13 14 16 18
4002 2254 6 1 4 15 16 17 18
4038 2266 6 1 4 15 16 17 18
4014 2754 6 1 4 15 16 17 18
4072 1844 5 1 4 15 17 18
2496 1672 4 1 4 15 17
4014 2552 4 1 4 15 18
4036 3226 5 1 4 16 17 18
2462 4898 4 1 4 16 17
3968 782 4 1 4 16 18
4864 3984 6 1 5 6 9 13 14
4574 4144 6 1 5 6 9 16 18
4878 2544 6 1 5 6 10 13 14
4586 4226 6 1 5 6 10 16 18
4442 3334 6 1 5 6 11 13 14
4150 2092 6 1 5 6 11 16 18
5028 6204 5 1 5 6 13 14
4736 2172 5 1 5 6 16 18
4080 3644 7 1 5 7 9 12 16 18
2700 1008 7 1 5 7 9 13 16 17
4554 6442 7 1 5 7 9 13 16 18
2700 1902 5 1 5 7 9 13
4092 2884 7 1 5 7 10 12 16 18
2788 1480 7 1 5 7 10 13 16 17
4566 2162 7 1 5 7 10 13 16 18
2706 4734 5 1 5 7 10 13
3656 2708 7 1 5 7 11 12 16 18
2352 2666 7 1 5 7 11 13 16 17
4130 3816 7 1 5 7 11 13 16 18
2278 4776 5 1 5 7 11 13
4242 2608 6 1 5 7 12 16 18
2938 3848 6 1 5 7 13 16 17
4716 2948 6 1 5 7 13 16 18
2856 4060 4 1 5 7 13
5194 4548 6 1 5 9 13 14 15
5166 3346 6 1 5 9 13 14 16
3074 2272 6 1 5 9 15 16 17
4914 4004 6 1 5 9 15 16 18
3044 1654 4 1 5 9 16
5206 4658 6 1 5 10 13 14 15
5178 3134 6 1 5 10 13 14 16
3160 3498 6 1 5 10 15 16 17
4926 420 6 1 5 10 15 16 18
3050 4560 4 1 5 10 16
4770 3790 6 1 5 11 13 14 15
4742 1216 6 1 5 11 13 14 16
2726 3634 6 1 5 11 15 16 17
4490 3346 6 1 5 11 15 16 18
2622 1578 4 1 5 11 16
5358 3086 5 1 5 13 14 15
5328 1826 5 1 5 13 14 16
3312 2252 5 1 5 15 16 17
5076 2876 5 1 5 15 16 18
3200 4220 3 1 5 16
3794 1172 7 1 6 7 12 13 14 17
5496 2524 7 1 6 7 12 13 14 18
3396 2226 7 1 6 7 12 15 17 18
3342 1552 7 1 6 7 12 15 17 18
3308 4094 7 1 6 7 12 16 17 18
3356 2588 5 1 6 7 12 18
3332 2430 5 1 6 7 12 18
3802 3480 7 1 6 7 13 15 17 18
3750 5284 7 1 6 7 13 16 17 18
1954 2686 5 1 6 7 13 17
3806 4340 5 1 6 7 13 18
5118 4072 6 1 6 8 9 13 14
4854 4002 6 1 6 8 9 15 18
4816 1308 6 1 6 8 9 16 18
5132 1390 6 1 6 8 10 13 14
4866 3054 6 1 6 8 10 15 18
4828 1550 6 1 6 8 10 16 18
4696 4032 6 1 6 8 11 13 14
4430 3330 6 1 6 8 11 15 18
4394 2714 6 1 6 8 11 16 18
5282 1044 5 1 6 8 13 14
5018 1724 5 1 6 8 15 18
4980 2384 5 1 6 8 16 18
4250 1988 6 1 6 12 14 15 17
5806 5948 6 1 6 12 14 15 18
4216 3058 6 1 6 12 14 16 17
5754 1106 6 1 6 12 14 16 18
4188 1212 4 1 6 12 14
4404 4864 6 1 6 13 14 15 17
6256 3648 6 1 6 13 14 15 18
4352 1018 6 1 6 13 14 16 17
6204 4530 6 1 6 13 14 16 18
4424 3948 5 1 6 13 14 17
4092 4076 6 1 6 15 16 17 18
4106 2312 6 1 6 15 16 17 18
4164 1878 5 1 6 15 17 18
2326 3340 4 1 6 15 17
4104 1534 4 1 6 15 18
4126 3870 5 1 6 16 17 18
2292 1998 4 1 6 16 17
4060 2472 4 1 6 16 18
352 2044 2 1 6
4910 2216 7 1 7 8 9 12 13 14
4360 1868 7 1 7 8 9 12 15 18
4322 2008 7 1 7 8 9 12 16 18
2982 2812 7 1 7 8 9 13 15 17
4834 2568 7 1 7 8 9 13 15 18
2944 2200 7 1 7 8 9 13 16 17
4796 4160 7 1 7 8 9 13 16 18
2954 708 5 1 7 8 9 13
4958 916 7 1 7 8 10 12 13 14
4374 1454 7 1 7 8 10 12 15 18
4336 932 7 1 7 8 10 12 16 18
2994 1258 7 1 7 8 10 13 15 17
4848 788 7 1 7 8 10 13 15 18
2956 1676 7 1 7 8 10 13 16 17
4810 1310 7 1 7 8 10 13 16 18
2960 2884 5 1 7 8 10 13
4788 1578 7 1 7 8 11 12 13 14
3938 3454 7 1 7 8 11 12 15 18
3900 4130 7 1 7 8 11 12 16 18
2558 2150 7 1 7 8 11 13 15 17
4412 4410 7 1 7 8 11 13 15 18
2520 3288 7 1 7 8 11 13 16 17
4374 3442 7 1 7 8 11 13 16 18
2532 2896 5 1 7 8 11 13
4524 1196 6 1 7 8 12 15 18
4488 2410 6 1 7 8 12 16 18
3146 2646 6 1 7 8 13 15 17
4998 2920 6 1 7 8 13 15 18
3108 1028 6 1 7 8 13 16 17
4960 1772 6 1 7 8 13 16 18
3118 3186 4 1 7 8 13
4124 3548 7 1 7 12 13 14 15 17
5774 1776 7 1 7 12 13 14 15 18
4094 2928 7 1 7 12 13 14 16 17
5948 4202 7 1 7 12 13 14 16 18
5722 2916 7 1 7 12 13 14 16 18
4156 3742 5 1 7 12 13 14
3586 3384 7 1 7 12 15 16 17 18
3570 3946 7 1 7 12 15 16 17 18
3670 4326 6 1 7 12 15 17 18
2002 1746 5 1 7 12 15 17
3842 3862 5 1 7 12 15 18
3612 3854 5 1 7 12 15 18
3634 1402 6 1 7 12 16 17 18
1968 3928 5 1 7 12 16 17
4986 4566 5 1 7 12 16 17
3590 1846 5 1 7 12 16 18
3566 3006 5 1 7 12 16 18
1992 2828 3 1 7 12
4060 1730 7 1 7 13 15 16 17 18
4086 1550 7 1 7 13 15 16 17 18
4144 4848 6 1 7 13 15 17 18
2232 3506 5 1 7 13 15 17
4086 1542 5 1 7 13 15 18
4106 3392 6 1 7 13 16 17 18
2188 1590 5 1 7 13 16 17
4040 6142 5 1 7 13 16 18
2260 1814 4 1 7 13 17
5278 1852 6 1 8 9 12 14 15
5244 2480 6 1 8 9 12 14 16
5448 2860 6 1 8 9 13 14 15
5420 3030 6 1 8 9 13 14 16
3316 1618 6 1 8 9 15 16 17
5156 1558 6 1 8 9 15 16 18
3322 2834 4 1 8 9 15
3286 2840 4 1 8 9 16
5324 6226 6 1 8 10 12 14 15
5290 988 6 1 8 10 12 14 16
5460 1680 6 1 8 10 13 14 15
5432 1148 6 1 8 10 13 14 16
3328 2760 6 1 8 10 15 16 17
5170 984 6 1 8 10 15 16 18
3328 4488 4 1 8 10 15
3292 3408 4 1 8 10 16
5156 5414 6 1 8 11 12 14 15
5120 4374 6 1 8 11 12 14 16
5026 3440 6 1 8 11 13 14 15
4996 1914 6 1 8 11 13 14 16
2894 5242 6 1 8 11 15 16 17
4734 2086 6 1 8 11 15 16 18
2898 1750 4 1 8 11 15
2864 2370 4 1 8 11 16
5612 2518 5 1 8 13 14 15
5584 3344 5 1 8 13 14 16
3480 1870 5 1 8 15 16 17
5320 5358 5 1 8 15 16 18
3486 2050 3 1 8 15
3452 2142 3 1 8 16
4516 4368 6 1 12 14 15 16 17
6358 1434 6 1 12 14 15 16 18
6084 2892 6 1 12 14 15 16 18
4516 1300 4 1 12 14 15
4488 2712 4 1 12 14 16
4682 4598 6 1 13 14 15 16 17
6534 3670 6 1 13 14 15 16 18
4752 4068 5 1 13 14 15 17
4724 2766 5 1 13 14 16 17
4466 2654 5 1 15 16 17 18
2560 3388 4 1 15 16 17
4400 3068 4 1 15 16 18
2632 904 3 1 15 17
564 4986 2 1 15
2598 2894 3 1 16 17
508 3612 2 1 16
452 2082 1 1
1682 2740 7 2 3 6 7 12 13 14
1464 4106 6 2 3 6 9 13 14
1476 1862 6 2 3 6 10 13 14
1296 2176 6 2 3 6 11 13 14
1862 2950 5 2 3 6 13 14
1378 1276 6 2 3 7 9 12 17
2258 2944 5 2 3 7 9 13
1434 4052 6 2 3 7 10 12 17
2272 2804 5 2 3 7 10 13
1496 2624 6 2 3 7 11 12 17
1838 2458 5 2 3 7 11 13
1980 3150 7 2 3 7 12 13 14 15
1948 1274 7 2 3 7 12 13 14 16
1394 1480 6 2 3 7 12 15 17
1400 2480 6 2 3 7 12 16 17
1800 3124 5 2 3 7 12 17
1392 4688 4 2 3 7 12
2584 2116 4 2 3 7 13
1252 2982 5 2 3 9 10 17
1132 1266 5 2 3 9 11 17
1762 1802 6 2 3 9 13 14 15
1730 4272 6 2 3 9 13 14 16
1270 2526 5 2 3 9 15 17
1276 1000 5 2 3 9 16 17
1676 1774 4 2 3 9 17
1268 898 3 2 3 9
1188 2392 5 2 3 10 11 17
1776 2592 6 2 3 10 13 14 15
1744 3012 6 2 3 10 13 14 16
1270 928 5 2 3 10 15 17
1276 446 5 2 3 10 16 17
1674 1388 4 2 3 10 17
1266 3326 3 2 3 10
1340 1568 6 2 3 11 13 14 15
1308 4394 6 2 3 11 13 14 16
1148 2084 5 2 3 11 15 17
1154 2650 5 2 3 11 16 17
1554 1374 4 2 3 11 17
1146 3166 3 2 3 11
2088 2724 5 2 3 13 14 15
2054 2706 5 2 3 13 14 16
1740 1672 4 2 3 15 17
1746 3652 4 2 3 16 17
2144 2840 3 2 3 17
1736 1828 2 2 3
2820 4954 8 2 4 6 7 12 13 14 18
2608 2646 7 2 4 6 9 13 14 18
2614 3968 7 2 4 6 10 13 14 18
2180 1916 7 2 4 6 11 13 14 18
2932 4590 6 2 4 6 13 14 18
3402 4366 6 2 4 7 9 13 18
3408 2580 6 2 4 7 10 13 18
3712 4106 6 2 4 7 11 12 18
2332 4824 6 2 4 7 11 13 17
2974 472 6 2 4 7 11 13 18
3118 2578 8 2 4 7 12 13 14 15 18
3086 4906 8 2 4 7 12 13 14 16 18
1836 3878 7 2 4 7 12 15 17 18
1798 4290 7 2 4 7 12 16 17 18
4496 3106 5 2 4 7 12 18
3116 2072 5 2 4 7 13 17
3726 2420 5 2 4 7 13 18
1830 2382 5 2 4 9 11 17
3726 2624 5 2 4 9 11 18
2908 2138 7 2 4 9 13 14 15 18
2876 3014 7 2 4 9 13 14 16 18
1712 2686 6 2 4 9 15 17 18
1674 2912 6 2 4 9 16 17 18
2590 1774 4 2 4 9 17
4486 1304 4 2 4 9 18
1900 3190 5 2 4 10 11 17
3752 1256 5 2 4 10 11 18
2914 4932 7 2 4 10 13 14 15 18
2882 5178 7 2 4 10 13 14 16 18
1710 3010 6 2 4 10 15 17 18
1672 3330 6 2 4 10 16 17 18
2660 2328 4 2 4 10 17
4512 428 4 2 4 10 18
2480 2124 7 2 4 11 13 14 15 18
2446 3066 7 2 4 11 13 14 16 18
1590 2282 6 2 4 11 15 17 18
1552 1330 6 2 4 11 16 17 18
2518 1986 4 2 4 11 17
4370 2486 4 2 4 11 18
3232 3540 6 2 4 13 14 15 18
3200 1380 6 2 4 13 14 16 18
2180 1822 5 2 4 15 17 18
2142 3372 5 2 4 16 17 18
2436 3492 6 2 5 7 9 11 12
2916 4428 6 2 5 7 9 11 13
3694 3794 5 2 5 7 9 13
2470 4370 6 2 5 7 10 11 12
2922 2036 6 2 5 7 10 11 13
3700 808 5 2 5 7 10 13
2914 2462 6 2 5 7 11 12 16
3054 4242 5 2 5 7 11 12
3072 1490 5 2 5 7 11 13
3850 1560 4 2 5 7 13
2482 1168 5 2 5 9 10 11
2232 5152 5 2 5 9 10 11
3228 3506 4 2 5 9 10
2698 3752 5 2 5 9 11 16
2624 3474 4 2 5 9 11
2544 2732 4 2 5 9 11
3378 2260 3 2 5 9
2704 3424 5 2 5 10 11 16
2578 5106 4 2 5 10 11
2848 1720 4 2 5 10 11
3392 4530 3 2 5 10
3022 2086 4 2 5 11 16
3168 4404 3 2 5 11
1162 1968 8 2 6 7 9 12 13 14 17
2214 4812 8 2 6 7 9 12 13 14 18
1218 1710 8 2 6 7 10 12 13 14 17
2226 3446 8 2 6 7 10 12 13 14 18
1280 4442 8 2 6 7 11 12 13 14 17
1792 2142 8 2 6 7 11 12 13 14 18
3548 3118 6 2 6 7 11 12 18
2168 3856 6 2 6 7 11 13 17
4022 3228 6 2 6 7 11 13 18
1392 1566 8 2 6 7 12 13 14 15 17
3232 1032 8 2 6 7 12 13 14 15 18
1404 1108 8 2 6 7 12 13 14 16 17
3188 3998 8 2 6 7 12 13 14 16 18
1584 2134 7 2 6 7 12 13 14 17
2544 3238 7 2 6 7 12 13 14 18
1938 3526 7 2 6 7 12 15 17 18
1900 3200 7 2 6 7 12 16 17 18
4326 578 5 2 6 7 12 18
2946 712 5 2 6 7 13 17
4800 1986 5 2 6 7 13 18
1036 4054 7 2 6 9 10 13 14 17
2492 3778 7 2 6 9 10 13 14 18
916 3904 7 2 6 9 11 13 14 17
2058 3954 7 2 6 9 11 13 14 18
1666 504 5 2 6 9 11 17
3562 4160 5 2 6 9 11 18
1180 3150 7 2 6 9 13 14 15 17
3022 420 7 2 6 9 13 14 15 18
1188 3486 7 2 6 9 13 14 16 17
2978 2630 7 2 6 9 13 14 16 18
1460 508 6 2 6 9 13 14 17
2804 944 6 2 6 9 13 14 18
1814 782 6 2 6 9 15 17 18
1776 3870 6 2 6 9 16 17 18
2420 1544 4 2 6 9 17
4316 836 4 2 6 9 18
972 2674 7 2 6 10 11 13 14 17
2104 1534 7 2 6 10 11 13 14 18
1736 4736 5 2 6 10 11 17
3588 2978 5 2 6 10 11 18
1186 3360 7 2 6 10 13 14 15 17
3028 3570 7 2 6 10 13 14 15 18
1194 1600 7 2 6 10 13 14 16 17
2984 910 7 2 6 10 13 14 16 18
1458 4784 6 2 6 10 13 14 17
2852 3668 6 2 6 10 13 14 18
1812 4520 6 2 6 10 15 17 18
1776 2008 6 2 6 10 16 17 18
2490 2016 4 2 6 10 17
4342 1814 4 2 6 10 18
932 3346 7 2 6 11 13 14 15 17
2592 2574 7 2 6 11 13 14 15 18
938 4168 7 2 6 11 13 14 16 17
2550 1188 7 2 6 11 13 14 16 18
1338 2756 6 2 6 11 13 14 17
3012 988 6 2 6 11 13 14 18
1692 2114 6 2 6 11 15 17 18
1654 2846 6 2 6 11 16 17 18
2348 1266 4 2 6 11 17
4200 4780 4 2 6 11 18
1504 4866 6 2 6 13 14 15 17
3346 1488 6 2 6 13 14 15 18
1512 4780 6 2 6 13 14 16 17
3302 1376 6 2 6 13 14 16 18
1904 3836 5 2 6 13 14 17
2282 3524 5 2 6 15 17 18
2246 3064 5 2 6 16 17 18
1874 2320 8 2 7 8 9 10 12 13 14
1756 2908 8 2 7 8 9 11 12 13 14
1756 3528 8 2 7 8 9 11 12 13 14
2604 3998 6 2 7 8 9 11 12
3170 2882 6 2 7 8 9 11 13
2418 4372 8 2 7 8 9 12 13 14 15
2432 1512 8 2 7 8 9 12 13 14 16
3948 5660 5 2 7 8 9 13
1752 4224 8 2 7 8 10 11 12 13 14
2600 3132 6 2 7 8 10 11 12
3176 2162 6 2 7 8 10 11 13
2466 1866 8 2 7 8 10 12 13 14 15
2478 888 8 2 7 8 10 12 13 14 16
3954 1666 5 2 7 8 10 13
2296 3594 8 2 7 8 11 12 13 14 15
2310 2274 8 2 7 8 11 12 13 14 16
3144 2776 6 2 7 8 11 12 15
3158 1254 6 2 7 8 11 12 16
3326 3362 5 2 7 8 11 13
4104 3402 4 2 7 8 13
1430 2538 6 2 7 9 10 13 17
3286 2852 6 2 7 9 10 13 18
1376 3008 6 2 7 9 11 12 17
3232 3506 6 2 7 9 11 12 18
994 1980 6 2 7 9 11 13 17
2852 5900 6 2 7 9 11 13 18
1174 2016 8 2 7 9 12 13 14 15 17
2512 2826 8 2 7 9 12 13 14 15 18
1168 4000 8 2 7 9 12 13 14 16 17
2480 2770 8 2 7 9 12 13 14 16 18
1960 1458 7 2 7 9 12 13 14 17
1116 2328 6 2 7 9 12 13 14
4098 1756 6 2 7 9 12 13 14
1344 1458 7 2 7 9 12 15 17 18
1306 1858 7 2 7 9 12 16 17 18
1012 808 5 2 7 9 12 17
3984 2152 5 2 7 9 12 18
1974 2704 6 2 7 9 13 15 17
3814 1450 6 2 7 9 13 15 18
1980 1788 6 2 7 9 13 16 17
3828 1852 6 2 7 9 13 16 18
1742 3720 5 2 7 9 13 17
3598 3608 5 2 7 9 13 18
1404 3042 6 2 7 10 11 12 17
3258 5050 6 2 7 10 11 12 18
1084 1012 6 2 7 10 11 13 17
2898 2432 6 2 7 10 11 13 18
1230 1922 8 2 7 10 12 13 14 15 17
2526 3492 8 2 7 10 12 13 14 15 18
1224 4058 8 2 7 10 12 13 14 16 17
2494 1440 8 2 7 10 12 13 14 16 18
2008 3270 7 2 7 10 12 13 14 17
1162 4958 6 2 7 10 12 13 14
1342 804 7 2 7 10 12 15 17 18
1304 2214 7 2 7 10 12 16 17 18
1068 2180 5 2 7 10 12 17
4010 3648 5 2 7 10 12 18
1980 5132 6 2 7 10 13 15 17
3820 3840 6 2 7 10 13 15 18
1986 2326 6 2 7 10 13 16 17
3834 1834 6 2 7 10 13 16 18
1832 1326 5 2 7 10 13 17
3644 1184 5 2 7 10 13 18
1344 1324 8 2 7 11 12 13 14 15 17
2092 4076 8 2 7 11 12 13 14 15 18
1312 1554 8 2 7 11 12 13 14 16 17
2058 1960 8 2 7 11 12 13 14 16 18
2162 1972 7 2 7 11 12 13 14 17
1324 1924 6 2 7 11 12 13 14
1222 2798 7 2 7 11 12 15 17 18
3826 3478 6 2 7 11 12 15 18
1184 2152 7 2 7 11 12 16 17 18
3774 3116 6 2 7 11 12 16 18
1130 3360 5 2 7 11 12 17
2016 788 5 2 7 11 12 17
3868 4094 5 2 7 11 12 18
2172 2778 4 2 7 11 12
630 2852 4 2 7 11 12
1544 3938 6 2 7 11 13 15 17
3386 4010 6 2 7 11 13 15 18
1558 4320 6 2 7 11 13 16 17
3406 3140 6 2 7 11 13 16 18
1690 960 5 2 7 11 13 17
3806 3064 5 2 7 11 13 18
1658 3410 8 2 7 12 13 14 15 16 17
3498 4098 8 2 7 12 13 14 15 16 18
1836 2940 7 2 7 12 13 14 15 17
2844 3814 7 2 7 12 13 14 15 18
1658 2980 6 2 7 12 13 14 15
1804 4786 7 2 7 12 13 14 16 17
2812 2300 7 2 7 12 13 14 16 18
1670 1204 6 2 7 12 13 14 16
5142 2316 5 2 7 12 13 14
2210 4346 7 2 7 12 15 16 17 18
1812 1892 6 2 7 12 15 17 18
1028 2304 5 2 7 12 15 17
3442 3830 5 2 7 12 15 17
4604 3122 5 2 7 12 15 18
1774 1360 6 2 7 12 16 17 18
1034 4866 5 2 7 12 16 17
3454 3990 5 2 7 12 16 17
4560 3802 5 2 7 12 16 18
1434 1356 4 2 7 12 17
3010 2618 3 2 7 12
960 1846 3 2 7 12
2298 1302 5 2 7 13 15 17
4138 3728 5 2 7 13 15 18
2304 3966 5 2 7 13 16 17
4152 1202 5 2 7 13 16 18
2442 3022 4 2 7 13 17
1234 5014 7 2 8 9 10 11 13 14
2382 1470 5 2 8 9 10 11
2686 1974 5 2 8 9 10 11
2214 4262 7 2 8 9 10 13 14 15
2220 938 7 2 8 9 10 13 14 16
1980 1490 6 2 8 9 10 13 14
3440 2238 4 2 8 9 10
1806 4154 7 2 8 9 11 13 14 15
1792 2584 7 2 8 9 11 13 14 16
1862 2334 6 2 8 9 11 13 14
2934 1850 5 2 8 9 11 15
2940 3392 5 2 8 9 11 16
2712 964 4 2 8 9 11
2868 3152 4 2 8 9 11
2532 4680 6 2 8 9 13 14 15
2538 420 6 2 8 9 13 14 16
3622 4136 3 2 8 9
1852 5206 7 2 8 10 11 13 14 15
1838 3164 7 2 8 10 11 13 14 16
1858 2252 6 2 8 10 11 13 14
2940 2290 5 2 8 10 11 15
2946 3570 5 2 8 10 11 16
2706 3674 4 2 8 10 11
3016 2148 4 2 8 10 11
2578 5030 6 2 8 10 13 14 15
2586 1332 6 2 8 10 13 14 16
3598 3452 3 2 8 10
2410 4998 6 2 8 11 13 14 15
2416 2482 6 2 8 11 13 14 16
3258 1622 4 2 8 11 15
3264 2128 4 2 8 11 16
3506 3178 3 2 8 11
1048 3342 7 2 9 10 13 14 15 17
2792 2802 7 2 9 10 13 14 15 18
1044 2142 7 2 9 10 13 14 16 17
2760 5686 7 2 9 10 13 14 16 18
1756 2700 6 2 9 10 13 14 17
3874 4318 5 2 9 10 13 14
910 4424 5 2 9 10 13 14
3928 3560 5 2 9 10 13 14
1508 4228 6 2 9 10 15 17 18
1470 4554 6 2 9 10 16 17 18
886 2160 4 2 9 10 17
944 698 4 2 9 10 17
2674 2284 4 2 9 10 17
3904 2074 5 2 9 11 12 14
928 2880 7 2 9 11 13 14 15 17
2358 838 7 2 9 11 13 14 15 18
922 2960 7 2 9 11 13 14 16 17
2324 4212 7 2 9 11 13 14 16 18
1322 2480 6 2 9 11 13 14 17
1106 2124 5 2 9 11 13 14
616 3346 5 2 9 11 13 14
3464 4276 5 2 9 11 13 14
1368 1276 6 2 9 11 15 17 18
1944 3328 5 2 9 11 15 17
3840 3270 5 2 9 11 15 18
1330 5368 6 2 9 11 16 17 18
1894 3072 5 2 9 11 16 17
3790 1156 5 2 9 11 16 18
766 3380 4 2 9 11 17
2122 3634 4 2 9 11 17
1954 4974 3 2 9 11
506 3924 3 2 9 11
4658 4522 4 2 9 12 14
1448 3790 7 2 9 13 14 15 16 17
3288 2304 7 2 9 13 14 15 16 18
1618 3892 6 2 9 13 14 15 17
1494 4378 6 2 9 13 14 15 17
3104 1392 6 2 9 13 14 15 18
1440 1256 5 2 9 13 14 15
1488 3012 6 2 9 13 14 16 17
1586 334 6 2 9 13 14 16 17
3070 2266 6 2 9 13 14 16 18
1458 4402 5 2 9 13 14 16
2092 3058 5 2 9 13 14 17
1228 4038 4 2 9 13 14
2086 1602 6 2 9 15 16 17 18
1958 3976 5 2 9 15 17 18
904 2762 4 2 9 15 17
4594 1500 4 2 9 15 18
1920 1572 5 2 9 16 17 18
910 3308 4 2 9 16 17
2652 5358 4 2 9 16 17
4548 1444 4 2 9 16 18
1356 1710 3 2 9 17
1310 4934 3 2 9 17
836 4400 2 2 9
3932 3660 5 2 10 11 12 14
984 3396 7 2 10 11 13 14 15 17
2404 798 7 2 10 11 13 14 15 18
978 4074 7 2 10 11 13 14 16 17
2372 2214 7 2 10 11 13 14 16 18
1368 2168 6 2 10 11 13 14 17
630 2932 5 2 10 11 13 14
3486 2244 5 2 10 11 13 14
1414 3074 6 2 10 11 15 17 18
2014 1246 5 2 10 11 15 17
3868 994 5 2 10 11 15 18
1376 2922 6 2 10 11 16 17 18
1962 1600 5 2 10 11 16 17
3816 3396 5 2 10 11 16 18
822 1340 4 2 10 11 17
1004 1860 4 2 10 11 17
504 2424 3 2 10 11
4684 2418 4 2 10 12 14
1454 1838 7 2 10 13 14 15 16 17
3294 892 7 2 10 13 14 15 16 18
1550 5200 6 2 10 13 14 15 17
2292 1464 6 2 10 13 14 15 17
3150 3434 6 2 10 13 14 15 18
1452 1980 5 2 10 13 14 15
1544 2132 6 2 10 13 14 16 17
2304 3322 6 2 10 13 14 16 17
3118 2598 6 2 10 13 14 16 18
1464 2624 5 2 10 13 14 16
2138 3864 5 2 10 13 14 17
1276 2864 4 2 10 13 14
2086 1970 6 2 10 15 16 17 18
2006 2192 5 2 10 15 17 18
904 3296 4 2 10 15 17
4620 1634 4 2 10 15 18
1968 3960 5 2 10 16 17 18
910 416 4 2 10 16 17
3132 1448 4 2 10 16 17
4576 1930 4 2 10 16 18
1308 5072 3 2 10 17
1414 1986 3 2 10 17
836 3568 2 2 10
4542 1604 4 2 11 12 14
1018 3598 7 2 11 13 14 15 16 17
2860 3628 7 2 11 13 14 15 16 18
1350 3080 6 2 11 13 14 15 17
3312 786 6 2 11 13 14 15 18
1224 4988 5 2 11 13 14 15
1344 1154 6 2 11 13 14 16 17
3278 2578 6 2 11 13 14 16 18
1210 2728 5 2 11 13 14 16
2300 4158 5 2 11 13 14 17
1430 4322 4 2 11 13 14
1964 2372 6 2 11 15 16 17 18
2314 1858 5 2 11 15 17 18
782 2852 4 2 11 15 17
2718 2956 4 2 11 15 17
4478 3972 4 2 11 15 18
2276 3286 5 2 11 16 17 18
788 3290 4 2 11 16 17
4434 2308 4 2 11 16 18
1188 1384 3 2 11 17
3150 3346 3 2 11 17
2278 3096 2 2 11
690 1896 2 2 11
1772 4460 6 2 13 14 15 16 17
3612 2694 6 2 13 14 15 16 18
1950 2120 5 2 13 14 15 17
1792 3984 4 2 13 14 15
1916 3634 5 2 13 14 16 17
1784 1814 4 2 13 14 16
2556 4096 5 2 15 16 17 18
1374 4024 3 2 15 17
1380 1658 3 2 16 17
1778 2186 2 2 17
1282 3532 1 2
2192 3590 6 3 4 5 9 16 18
2204 460 6 3 4 5 10 16 18
1788 1652 6 3 4 5 11 16 18
2588 3778 5 3 4 5 16 18
1564 4482 6 3 4 6 9 17 18
1620 3068 6 3 4 6 10 17 18
1682 532 6 3 4 6 11 17 18
3370 402 6 3 4 6 12 14 18
2010 4142 6 3 4 6 13 14 17
3862 2844 6 3 4 6 13 14 18
2030 2782 6 3 4 6 15 17 18
1808 1658 6 3 4 6 15 17 18
2074 2312 6 3 4 6 15 17 18
1550 3444 6 3 4 6 15 17 18
2018 2092 6 3 4 6 16 17 18
1512 4586 6 3 4 6 16 17 18
1814 3432 6 3 4 6 16 17 18
1986 2832 5 3 4 6 17 18
1578 5774 4 3 4 6 18
1140 1680 7 3 4 7 9 12 17 18
1196 4104 7 3 4 7 10 12 17 18
1258 3028 7 3 4 7 11 12 17 18
1476 2104 7 3 4 7 12 15 17 18
1480 4428 7 3 4 7 12 15 17 18
1468 3054 7 3 4 7 12 16 17 18
1490 2298 7 3 4 7 12 16 17 18
1622 1588 6 3 4 7 12 17 18
1154 3146 5 3 4 7 12 18
1612 2496 5 3 4 7 12 18
2804 1270 5 3 4 7 13 17
4658 5448 5 3 4 7 13 18
2472 1940 6 3 4 8 9 15 18
2434 3700 6 3 4 8 9 16 18
2486 1676 6 3 4 8 10 15 18
2448 3798 6 3 4 8 10 16 18
2050 2560 6 3 4 8 11 15 18
2012 1096 6 3 4 8 11 16 18
2844 3562 5 3 4 8 15 18
2806 4056 5 3 4 8 16 18
2096 3624 6 3 4 9 13 14 17
1834 2230 6 3 4 9 15 17 18
1848 2058 6 3 4 9 15 17 18
1824 2424 6 3 4 9 16 17 18
1802 4720 6 3 4 9 16 17 18
826 2672 4 3 4 9 17
2142 2278 6 3 4 10 13 14 17
1896 4574 6 3 4 10 15 17 18
1858 1502 6 3 4 10 16 17 18
884 3510 4 3 4 10 17
2298 1756 6 3 4 11 13 14 17
1980 2304 6 3 4 11 15 17 18
1942 4032 6 3 4 11 16 17 18
944 2520 4 3 4 11 17
3668 1984 6 3 4 12 14 15 18
3636 1210 6 3 4 12 14 16 18
2308 3588 6 3 4 13 14 15 17
4160 3656 6 3 4 13 14 15 18
2276 2398 6 3 4 13 14 16 17
4128 2142 6 3 4 13 14 16 18
2022 860 6 3 4 15 16 17 18
1710 5120 6 3 4 15 16 17 18
1724 4522 6 3 4 15 16 17 18
2404 3178 6 3 4 15 16 17 18
1930 1528 5 3 4 15 17 18
844 3092 4 3 4 15 17
1166 3758 4 3 4 15 17
2028 3498 4 3 4 15 18
1876 4878 4 3 4 15 18
2246 1558 5 3 4 16 17 18
1892 3524 5 3 4 16 17 18
850 4486 4 3 4 16 17
1838 5328 4 3 4 16 18
1248 2462 3 3 4 17
840 5432 2 3 4
2586 4108 6 3 5 6 9 13 14
2294 1512 6 3 5 6 9 16 18
2598 4996 6 3 5 6 10 13 14
2306 2074 6 3 5 6 10 16 18
2162 3518 6 3 5 6 11 13 14
1870 2652 6 3 5 6 11 16 18
2802 2036 5 3 5 6 13 14
2658 1740 5 3 5 6 16 18
2016 2072 7 3 5 7 9 12 16 18
3380 3168 5 3 5 7 9 13
2008 630 7 3 5 7 10 12 16 18
3394 2920 5 3 5 7 10 13
1766 3370 7 3 5 7 11 12 16 18
2958 2080 5 3 5 7 11 13
2566 3208 6 3 5 7 12 16 18
3538 1450 4 3 5 7 13
1434 3006 6 3 5 9 10 16 17
1202 1378 6 3 5 9 11 16 17
2884 2910 6 3 5 9 13 14 15
2852 4816 6 3 5 9 13 14 16
1394 1504 6 3 5 9 15 16 17
2604 1500 6 3 5 9 15 16 18
1798 1756 5 3 5 9 16 17
1390 1166 4 3 5 9 16
3728 5076 4 3 5 9 16
1258 1880 6 3 5 10 11 16 17
2898 3300 6 3 5 10 13 14 15
2864 2828 6 3 5 10 13 14 16
1462 3806 6 3 5 10 15 16 17
2616 2478 6 3 5 10 15 16 18
1866 4742 5 3 5 10 16 17
1458 4910 4 3 5 10 16
2462 3316 6 3 5 11 13 14 15
2430 404 6 3 5 11 13 14 16
1218 4186 6 3 5 11 15 16 17
2182 1678 6 3 5 11 15 16 18
1624 1920 5 3 5 11 16 17
1216 4796 4 3 5 11 16
3040 2658 5 3 5 13 14 15
3008 4014 5 3 5 13 14 16
2018 2912 5 3 5 15 16 17
2774 5080 5 3 5 15 16 18
2424 1434 4 3 5 16 17
2016 3838 3 3 5 16
1208 1688 7 3 6 7 9 12 17 18
1266 2790 7 3 6 7 10 12 17 18
1326 2226 7 3 6 7 11 12 17 18
1514 1768 7 3 6 7 12 13 14 17
3368 3168 7 3 6 7 12 13 14 18
1602 1152 7 3 6 7 12 15 17 18
1528 1814 7 3 6 7 12 15 17 18
1420 3504 7 3 6 7 12 15 17 18
1382 2332 7 3 6 7 12 16 17 18
1490 1196 7 3 6 7 12 16 17 18
1724 2490 6 3 6 7 12 17 18
1222 2996 5 3 6 7 12 18
4186 1618 5 3 6 7 12 18
2634 1440 5 3 6 7 13 17
4488 1348 5 3 6 7 13 18
2840 3256 6 3 6 8 9 13 14
2574 2076 6 3 6 8 9 15 18
2536 766 6 3 6 8 9 16 18
2852 1456 6 3 6 8 10 13 14
2588 4810 6 3 6 8 10 15 18
2550 4000 6 3 6 8 10 16 18
2416 2144 6 3 6 8 11 13 14
2152 2628 6 3 6 8 11 15 18
2114 850 6 3 6 8 11 16 18
3058 1736 5 3 6 8 13 14
2912 3486 5 3 6 8 15 18
2874 4336 5 3 6 8 16 18
1920 2210 6 3 6 9 12 14 17
1926 2492 6 3 6 9 13 14 17
1678 4018 6 3 6 9 15 17 18
1750 2696 6 3 6 9 15 17 18
1640 4488 6 3 6 9 16 17 18
770 1502 4 3 6 9 17
1978 1686 6 3 6 10 12 14 17
1972 3130 6 3 6 10 13 14 17
1988 3338 6 3 6 10 15 17 18
1726 1544 6 3 6 10 15 17 18
1688 4092 6 3 6 10 16 17 18
826 2636 4 3 6 10 17
2038 3250 6 3 6 11 12 14 17
2134 1544 6 3 6 11 13 14 17
1874 4342 6 3 6 11 15 17 18
1844 3288 6 3 6 11 16 17 18
888 1932 4 3 6 11 17
2260 4836 6 3 6 12 14 15 17
3540 1356 6 3 6 12 14 15 18
3528 4124 6 3 6 12 14 15 18
2250 2260 6 3 6 12 14 16 17
3476 1996 6 3 6 12 14 16 18
2410 1518 5 3 6 12 14 17
1934 3010 4 3 6 12 14
2138 4086 6 3 6 13 14 15 17
2124 1896 6 3 6 13 14 15 17
3976 900 6 3 6 13 14 15 18
2072 4270 6 3 6 13 14 16 17
3926 4084 6 3 6 13 14 16 18
2144 1554 5 3 6 13 14 17
1814 1886 6 3 6 15 16 17 18
2226 3080 6 3 6 15 16 17 18
2234 3632 6 3 6 15 16 17 18
1858 3150 6 3 6 15 16 17 18
1852 3640 6 3 6 15 16 17 18
2252 4552 5 3 6 15 17 18
1998 2324 5 3 6 15 17 18
786 4042 4 3 6 15 17
1946 1164 4 3 6 15 18
1858 442 4 3 6 15 18
1960 4422 5 3 6 16 17 18
2214 4524 5 3 6 16 17 18
794 2246 4 3 6 16 17
1826 1526 4 3 6 16 18
1192 2404 3 3 6 17
784 1652 2 3 6
2184 3292 7 3 7 8 9 12 15 18
2146 4980 7 3 7 8 9 12 16 18
3634 4658 5 3 7 8 9 13
2176 2306 7 3 7 8 10 12 15 18
2138 4044 7 3 7 8 10 12 16 18
3648 1826 5 3 7 8 10 13
1860 1862 7 3 7 8 11 12 15 18
1822 784 7 3 7 8 11 12 16 18
3212 822 5 3 7 8 11 13
2820 1496 6 3 7 8 12 15 18
2782 1836 6 3 7 8 12 16 18
3798 2186 4 3 7 8 13
1604 2484 7 3 7 9 12 13 14 17
1338 1270 7 3 7 9 12 15 17 18
1356 1468 7 3 7 9 12 15 17 18
1802 2030 7 3 7 9 12 16 17 18
1308 3786 7 3 7 9 12 16 17 18
754 1788 5 3 7 9 12 17
1650 2260 7 3 7 10 12 13 14 17
1404 3644 7 3 7 10 12 15 17 18
1896 1494 7 3 7 10 12 15 17 18
1366 3200 7 3 7 10 12 16 17 18
812 386 5 3 7 10 12 17
1804 2336 7 3 7 11 12 13 14 17
1544 1494 7 3 7 11 12 15 17 18
1512 4832 7 3 7 11 12 16 17 18
872 3946 5 3 7 11 12 17
2654 3774 5 3 7 11 12 17
1814 3362 7 3 7 12 13 14 15 17
3666 4888 7 3 7 12 13 14 15 18
1782 2946 7 3 7 12 13 14 16 17
3634 1832 7 3 7 12 13 14 16 18
4836 1482 5 3 7 12 13 14
1688 2620 7 3 7 12 15 16 17 18
1528 2010 7 3 7 12 15 16 17 18
1502 3184 7 3 7 12 15 16 17 18
1646 2348 7 3 7 12 15 16 17 18
1906 4616 6 3 7 12 15 17 18
1762 3074 6 3 7 12 15 17 18
772 2280 5 3 7 12 15 17
1526 1708 5 3 7 12 15 18
4574 3936 5 3 7 12 15 18
1868 2466 6 3 7 12 16 17 18
1724 1626 6 3 7 12 16 17 18
778 2016 5 3 7 12 16 17
1494 1618 5 3 7 12 16 18
4270 2548 5 3 7 12 16 18
3180 2846 4 3 7 12 17
1176 1294 4 3 7 12 17
768 1782 3 3 7 12
2696 754 3 3 7 12
2920 2074 5 3 7 13 15 17
4772 4516 5 3 7 13 15 18
2868 3442 5 3 7 13 16 17
4720 3568 5 3 7 13 16 18
2940 1566 4 3 7 13 17
1424 4060 6 3 8 9 10 15 17
1412 3174 6 3 8 9 10 16 17
1108 4664 6 3 8 9 11 15 17
1096 3868 6 3 8 9 11 16 17
2968 3774 6 3 8 9 12 14 15
2930 1430 6 3 8 9 12 14 16
3138 4634 6 3 8 9 13 14 15
3106 4302 6 3 8 9 13 14 16
1454 2254 6 3 8 9 15 16 17
1436 3922 6 3 8 9 15 16 17
2846 1210 6 3 8 9 15 16 18
1852 2042 5 3 8 9 15 17
1444 2460 4 3 8 9 15
1842 1496 5 3 8 9 16 17
1434 2736 4 3 8 9 16
3970 3118 4 3 8 9 16
1164 4652 6 3 8 10 11 15 17
1154 826 6 3 8 10 11 16 17
3014 1622 6 3 8 10 12 14 15
2976 1292 6 3 8 10 12 14 16
3152 1130 6 3 8 10 13 14 15
3118 1852 6 3 8 10 13 14 16
1446 6168 6 3 8 10 15 16 17
1430 3278 6 3 8 10 15 16 17
2860 1182 6 3 8 10 15 16 18
1846 1446 5 3 8 10 15 17
1438 2654 4 3 8 10 15
1834 3866 5 3 8 10 16 17
1426 2276 4 3 8 10 16
2846 2482 6 3 8 11 12 14 15
2808 1162 6 3 8 11 12 14 16
2716 4752 6 3 8 11 13 14 15
2684 1228 6 3 8 11 13 14 16
1114 1188 6 3 8 11 15 16 17
2424 2092 6 3 8 11 15 16 18
1530 2314 5 3 8 11 15 17
1122 3696 4 3 8 11 15
1518 1282 5 3 8 11 16 17
1110 2466 4 3 8 11 16
3302 1382 5 3 8 13 14 15
3270 1920 5 3 8 13 14 16
2398 3902 5 3 8 15 16 17
2074 1756 5 3 8 15 16 17
3012 2290 5 3 8 15 16 18
2490 4014 4 3 8 15 17
2082 3264 3 3 8 15
2480 4684 4 3 8 16 17
2072 3850 3 3 8 16
2014 1368 6 3 9 12 14 15 17
1980 4348 6 3 9 12 14 16 17
2210 3480 6 3 9 13 14 15 17
2160 4734 6 3 9 13 14 16 17
2274 1306 5 3 9 13 14 17
2018 2860 6 3 9 15 16 17 18
1912 4252 6 3 9 15 16 17 18
2028 4512 5 3 9 15 17 18
782 5392 4 3 9 15 17
1990 2486 5 3 9 16 17 18
770 3030 4 3 9 16 17
1138 5216 3 3 9 17
2104 1578 6 3 10 12 14 15 17
2072 3378 6 3 10 12 14 16 17
2258 4448 6 3 10 13 14 15 17
2206 2470 6 3 10 13 14 16 17
2320 4822 5 3 10 13 14 17
1972 4050 6 3 10 15 16 17 18
1960 1522 6 3 10 15 16 17 18
2074 2260 5 3 10 15 17 18
838 4072 4 3 10 15 17
2036 1152 5 3 10 16 17 18
826 960 4 3 10 16 17
1196 2518 3 3 10 17
2218 2084 6 3 11 12 14 15 17
2186 2006 6 3 11 12 14 16 17
2412 4828 6 3 11 13 14 15 17
2360 3286 6 3 11 13 14 16 17
2476 2188 5 3 11 13 14 17
2114 2548 6 3 11 15 16 17 18
2128 2434 6 3 11 15 16 17 18
2228 1652 5 3 11 15 17 18
900 2074 4 3 11 15 17
2190 1276 5 3 11 16 17 18
888 4284 4 3 11 16 17
1256 3980 3 3 11 17
2262 3102 6 3 12 14 15 16 17
2268 1486 6 3 12 14 15 16 17
3774 3664 6 3 12 14 15 16 18
4050 2010 6 3 12 14 15 16 18
2708 2436 5 3 12 14 15 17
2200 2080 4 3 12 14 15
2676 2944 5 3 12 14 16 17
2168 1468 4 3 12 14 16
2372 1282 6 3 13 14 15 16 17
2390 4374 6 3 13 14 15 16 17
4224 1146 6 3 13 14 15 16 18
2444 3118 5 3 13 14 15 17
2410 3350 5 3 13 14 16 17
2158 2598 5 3 15 16 17 18
2164 1714 5 3 15 16 17 18
804 4570 4 3 15 16 17
786 1424 4 3 15 16 17
2084 4508 4 3 15 16 18
1156 4002 3 3 15 17
796 2898 2 3 15
1192 1274 3 3 16 17
1162 1776 3 3 16 17
784 1878 2 3 16
1560 3356 2 3 17
1152 522 1 3
3730 4434 7 4 5 6 9 13 14 18
3736 3100 7 4 5 6 10 13 14 18
3300 2308 7 4 5 6 11 13 14 18
3886 4258 6 4 5 6 13 14 18
4524 4412 6 4 5 7 9 13 18
4530 3168 6 4 5 7 10 13 18
4094 4118 6 4 5 7 11 13 18
4680 5806 5 4 5 7 13 18
1650 3696 7 4 5 9 10 16 17 18
2798 884 5 4 5 9 10 17
4686 1650 5 4 5 9 10 18
1408 3072 7 4 5 9 11 16 17 18
2766 3900 5 4 5 9 11 17
4618 3226 5 4 5 9 11 18
4030 996 7 4 5 9 13 14 15 18
3998 2258 7 4 5 9 13 14 16 18
1908 2912 7 4 5 9 15 16 17 18
2080 2124 6 4 5 9 16 17 18
3316 778 5 4 5 9 16 17
4852 2144 5 4 5 9 16 18
1870 3026 5 4 5 9 16 18
3462 3278 4 4 5 9 17
5358 3988 4 4 5 9 18
1466 1950 7 4 5 10 11 16 17 18
2800 4036 5 4 5 10 11 17
4652 3712 5 4 5 10 11 18
4036 2834 7 4 5 10 13 14 15 18
4002 3108 7 4 5 10 13 14 16 18
1914 4192 7 4 5 10 15 16 17 18
2072 3662 6 4 5 10 16 17 18
3386 3684 5 4 5 10 16 17
1882 1224 5 4 5 10 16 18
3532 2048 4 4 5 10 17
5386 3232 4 4 5 10 18
3600 2784 7 4 5 11 13 14 15 18
3568 2314 7 4 5 11 13 14 16 18
1478 3700 7 4 5 11 15 16 17 18
1830 2410 6 4 5 11 16 17 18
3244 1716 5 4 5 11 16 17
4428 2422 5 4 5 11 16 18
1466 2352 5 4 5 11 16 18
3390 3588 4 4 5 11 17
5242 2032 4 4 5 11 18
4186 3766 6 4 5 13 14 15 18
4154 3160 6 4 5 13 14 16 18
2224 3726 6 4 5 15 16 17 18
2630 1274 5 4 5 16 17 18
2266 3302 4 4 5 16 18
2652 3560 8 4 6 7 12 13 14 17 18
3776 2630 6 4 6 7 13 17 18
3984 1792 7 4 6 8 9 13 14 18
3990 2234 7 4 6 8 10 13 14 18
3554 3126 7 4 6 8 11 13 14 18
4142 1722 6 4 6 8 13 14 18
2530 4192 7 4 6 9 12 14 17 18
3014 1886 7 4 6 9 13 14 17 18
2740 5208 7 4 6 9 13 14 17 18
1198 3108 5 4 6 9 17 18
3540 1688 5 4 6 9 17 18
2620 3694 7 4 6 10 12 14 17 18
3072 900 7 4 6 10 13 14 17 18
2788 1736 7 4 6 10 13 14 17 18
1380 4168 5 4 6 10 17 18
3670 3566 5 4 6 10 17 18
1254 1476 5 4 6 10 17 18
2734 2898 7 4 6 11 12 14 17 18
2948 3744 7 4 6 11 13 14 17 18
3214 1804 7 4 6 11 13 14 17 18
1316 774 5 4 6 11 17 18
3080 2416 7 4 6 12 14 15 17 18
3080 1946 7 4 6 12 14 15 17 18
3042 3482 7 4 6 12 14 16 17 18
3224 2282 6 4 6 12 14 17 18
3046 822 5 4 6 12 14 18
3282 3386 7 4 6 13 14 15 17 18
3262 3318 7 4 6 13 14 15 17 18
3548 2848 7 4 6 13 14 15 17 18
3586 1954 7 4 6 13 14 16 17 18
3210 1526 7 4 6 13 14 16 17 18
3250 3176 7 4 6 13 14 16 17 18
3282 2206 6 4 6 13 14 17 18
1214 1376 5 4 6 15 17 18
1228 1174 5 4 6 15 17 18
4142 1502 5 4 6 16 17 18
1190 1746 5 4 6 16 17 18
1434 1848 5 4 6 16 17 18
4120 616 5 4 6 16 17 18
1746 1806 4 4 6 17 18
1620 4416 4 4 6 17 18
1256 1400 3 4 6 18
4778 1640 6 4 7 8 9 13 18
4784 3726 6 4 7 8 10 13 18
4348 1444 6 4 7 8 11 13 18
4934 1972 5 4 7 8 13 18
2416 980 8 4 7 9 12 13 14 17 18
774 1438 6 4 7 9 12 17 18
3298 1636 6 4 7 9 12 17 18
1230 2102 6 4 7 9 12 17 18
3256 3688 6 4 7 9 12 17 18
3814 2874 6 4 7 9 13 17 18
2462 2490 8 4 7 10 12 13 14 17 18
3286 1312 6 4 7 10 12 17 18
830 950 6 4 7 10 12 17 18
1286 1756 6 4 7 10 12 17 18
3388 2058 6 4 7 10 12 17 18
3866 4958 6 4 7 10 13 17 18
2618 3286 8 4 7 11 12 13 14 17 18
892 1476 6 4 7 11 12 17 18
1348 2158 6 4 7 11 12 17 18
4020 2320 6 4 7 11 13 17 18
2952 3458 8 4 7 12 13 14 15 17 18
2952 4366 8 4 7 12 13 14 15 17 18
2920 2886 8 4 7 12 13 14 16 17 18
2970 4170 8 4 7 12 13 14 16 17 18
5972 2822 6 4 7 12 13 14 18
3848 3122 6 4 7 12 15 17 18
1246 3498 6 4 7 12 15 17 18
3806 2930 6 4 7 12 15 17 18
830 1048 6 4 7 12 15 17 18
3932 2356 6 4 7 12 15 17 18
3790 1744 6 4 7 12 16 17 18
900 1470 6 4 7 12 16 17 18
836 4010 6 4 7 12 16 17 18
1172 3630 6 4 7 12 16 17 18
1652 1222 5 4 7 12 17 18
1196 1418 5 4 7 12 17 18
830 1512 4 4 7 12 18
944 4470 4 4 7 12 18
4056 1296 6 4 7 13 15 17 18
4366 2014 6 4 7 13 15 17 18
4004 5092 6 4 7 13 16 17 18
4076 2182 5 4 7 13 17 18
3604 2912 7 4 8 9 10 12 14 18
2202 2462 7 4 8 9 10 13 14 17
4054 2464 7 4 8 9 10 13 14 18
1818 2810 7 4 8 9 10 15 17 18
1780 4686 7 4 8 9 10 16 17 18
3002 1812 5 4 8 9 10 17
4898 3302 5 4 8 9 10 18
3486 3070 7 4 8 9 11 12 14 18
2084 1554 7 4 8 9 11 13 14 17
3936 1118 7 4 8 9 11 13 14 18
1502 2162 7 4 8 9 11 15 17 18
1464 772 7 4 8 9 11 16 17 18
2934 3618 5 4 8 9 11 17
4786 3340 5 4 8 9 11 18
4106 2832 7 4 8 9 12 14 15 18
4068 1876 7 4 8 9 12 14 16 18
2746 3158 7 4 8 9 13 14 15 17
4284 3016 7 4 8 9 13 14 15 18
2760 3250 7 4 8 9 13 14 16 17
4252 3264 7 4 8 9 13 14 16 18
2152 2684 7 4 8 9 15 16 17 18
2152 1690 7 4 8 9 15 16 17 18
2328 4334 6 4 8 9 15 17 18
3546 4246 5 4 8 9 15 17
2150 4604 5 4 8 9 15 18
2290 2032 6 4 8 9 16 17 18
3560 2678 5 4 8 9 16 17
2112 3200 5 4 8 9 16 18
5116 2056 5 4 8 9 16 18
3482 2678 7 4 8 10 11 12 14 18
2080 742 7 4 8 10 11 13 14 17
3932 3464 7 4 8 10 11 13 14 18
1560 4348 7 4 8 10 11 15 17 18
1522 1116 7 4 8 10 11 16 17 18
2928 2164 5 4 8 10 11 17
4782 1958 5 4 8 10 11 18
4152 1798 7 4 8 10 12 14 15 18
4116 522 7 4 8 10 12 14 16 18
2794 2210 7 4 8 10 13 14 15 17
4290 2872 7 4 8 10 13 14 15 18
2806 1818 7 4 8 10 13 14 16 17
4258 2652 7 4 8 10 13 14 16 18
2158 4566 7 4 8 10 15 16 17 18
2340 2512 6 4 8 10 15 17 18
3616 3760 5 4 8 10 15 17
5156 3406 5 4 8 10 15 18
2162 1612 5 4 8 10 15 18
2302 2306 6 4 8 10 16 17 18
3630 1280 5 4 8 10 16 17
2124 3814 5 4 8 10 16 18
5080 3458 5 4 8 10 16 18
3984 2178 7 4 8 11 12 14 15 18
3946 2270 7 4 8 11 12 14 16 18
2624 2934 7 4 8 11 13 14 15 17
3854 3422 7 4 8 11 13 14 15 18
2638 2480 7 4 8 11 13 14 16 17
3822 3252 7 4 8 11 13 14 16 18
1722 3590 7 4 8 11 15 16 17 18
1924 3128 6 4 8 11 15 17 18
3474 3806 5 4 8 11 15 17
1726 3104 5 4 8 11 15 18
5326 2702 5 4 8 11 15 18
1886 1324 6 4 8 11 16 17 18
3486 1834 5 4 8 11 16 17
5340 2692 5 4 8 11 16 18
1688 1726 5 4 8 11 16 18
4442 3522 6 4 8 13 14 15 18
4408 1504 6 4 8 13 14 16 18
2486 1466 6 4 8 15 16 17 18
2442 2804 6 4 8 15 16 17 18
2886 1618 5 4 8 15 17 18
2520 2978 4 4 8 15 18
2848 3390 5 4 8 16 17 18
2482 4458 4 4 8 16 18
2828 1256 7 4 9 12 14 15 17 18
2872 4512 7 4 9 12 14 15 17 18
2796 1412 7 4 9 12 14 16 17 18
2852 1152 5 4 9 12 14 18
3322 1804 7 4 9 13 14 15 17 18
3026 5196 7 4 9 13 14 15 17 18
2974 2048 7 4 9 13 14 16 17 18
3288 3474 7 4 9 13 14 16 17 18
1450 1724 5 4 9 13 14 17
3302 1792 5 4 9 13 14 18
1496 4512 5 4 9 15 17 18
1202 3588 5 4 9 15 17 18
1166 3760 5 4 9 16 17 18
1458 2916 5 4 9 16 17 18
1470 770 5 4 9 16 17 18
460 5558 3 4 9 17
1164 1230 3 4 9 18
2918 5156 7 4 10 12 14 15 17 18
2886 4788 7 4 10 12 14 16 17 18
2900 3336 5 4 10 12 14 18
3072 1346 7 4 10 13 14 15 17 18
3372 1434 7 4 10 13 14 15 17 18
3020 3054 7 4 10 13 14 16 17 18
3338 2708 7 4 10 13 14 16 17 18
1496 2586 5 4 10 13 14 17
3350 478 5 4 10 13 14 18
1554 1960 5 4 10 15 17 18
1250 1584 5 4 10 15 17 18
3896 1622 5 4 10 15 17 18
1212 1712 5 4 10 16 17 18
1526 3730 5 4 10 16 17 18
518 2140 3 4 10 17
1210 1460 3 4 10 18
3032 2888 7 4 11 12 14 15 17 18
3076 5286 7 4 11 12 14 15 17 18
3000 1260 7 4 11 12 14 16 17 18
3054 4270 5 4 11 12 14 18
3526 1710 7 4 11 13 14 15 17 18
3226 5872 7 4 11 13 14 15 17 18
3176 3220 7 4 11 13 14 16 17 18
3494 2806 7 4 11 13 14 16 17 18
1652 2532 5 4 11 13 14 17
3504 2934 5 4 11 13 14 18
1618 4150 5 4 11 15 17 18
1418 4164 5 4 11 15 17 18
4076 1344 5 4 11 15 17 18
4024 4802 5 4 11 16 17 18
1380 2936 5 4 11 16 17 18
1588 3406 5 4 11 16 17 18
578 3410 3 4 11 17
1444 3326 3 4 11 18
3340 1766 7 4 12 14 15 16 17 18
3346 3302 7 4 12 14 15 16 17 18
3346 2438 7 4 12 14 15 16 17 18
3524 3774 6 4 12 14 15 17 18
3346 3312 5 4 12 14 15 18
3492 1712 6 4 12 14 16 17 18
3314 2416 5 4 12 14 16 18
3528 1162 7 4 13 14 15 16 17 18
3834 1490 7 4 13 14 15 16 17 18
3510 3144 7 4 13 14 15 16 17 18
3510 2122 7 4 13 14 15 16 17 18
3582 2286 6 4 13 14 15 17 18
1986 3570 5 4 13 14 15 17
3838 2536 5 4 13 14 15 18
3550 1876 6 4 13 14 16 17 18
1998 1238 5 4 13 14 16 17
3850 2886 5 4 13 14 16 18
4744 4936 5 4 15 16 17 18
1402 3212 5 4 15 16 17 18
1388 2934 5 4 15 16 17 18
1922 2856 4 4 15 17 18
1606 3962 4 4 15 17 18
478 3888 3 4 15 17
1554 1478 3 4 15 18
1568 2952 4 4 16 17 18
1880 3118 4 4 16 17 18
484 1192 3 4 16 17
1516 5926 3 4 16 18
882 2298 2 4 17
898 2660 1 4
3336 2512 8 5 6 7 9 12 13 14 18
3348 3466 8 5 6 7 10 12 13 14 18
2912 1430 8 5 6 7 11 12 13 14 18
3498 2392 7 5 6 7 12 13 14 18
1864 1294 7 5 6 9 10 13 14 17
3614 1874 7 5 6 9 10 13 14 18
1720 1822 7 5 6 9 10 16 17 18
2628 4038 5 5 6 9 10 17
4516 4024 5 5 6 9 10 18
1622 4186 7 5 6 9 11 13 14 17
3178 830 7 5 6 9 11 13 14 18
1478 2868 7 5 6 9 11 16 17 18
2596 5028 5 5 6 9 11 17
4448 4120 5 5 6 9 11 18
2302 3216 7 5 6 9 13 14 15 17
4142 2018 7 5 6 9 13 14 15 18
2308 2966 7 5 6 9 13 14 16 17
4100 1670 7 5 6 9 13 14 16 18
2422 3736 6 5 6 9 13 14 17
3758 1712 6 5 6 9 13 14 18
2010 3670 7 5 6 9 15 16 17 18
2150 2434 6 5 6 9 16 17 18
3146 2622 5 5 6 9 16 17
4974 1392 5 5 6 9 16 18
1972 6404 5 5 6 9 16 18
3292 2614 4 5 6 9 17
5188 882 4 5 6 9 18
1680 3538 7 5 6 10 11 13 14 17
3226 4048 7 5 6 10 11 13 14 18
1534 3486 7 5 6 10 11 16 17 18
2630 3262 5 5 6 10 11 17
4482 2974 5 5 6 10 11 18
2308 1482 7 5 6 10 13 14 15 17
4148 3518 7 5 6 10 13 14 15 18
2314 4154 7 5 6 10 13 14 16 17
4106 1380 7 5 6 10 13 14 16 18
2454 2992 6 5 6 10 13 14 17
3804 766 6 5 6 10 13 14 18
2016 2296 7 5 6 10 15 16 17 18
2162 3586 6 5 6 10 16 17 18
3216 1384 5 5 6 10 16 17
1984 900 5 5 6 10 16 18
3362 2072 4 5 6 10 17
5216 1870 4 5 6 10 18
1872 5466 7 5 6 11 13 14 15 17
3714 2948 7 5 6 11 13 14 15 18
1886 484 7 5 6 11 13 14 16 17
3670 5350 7 5 6 11 13 14 16 18
2044 3486 6 5 6 11 13 14 17
3966 3686 6 5 6 11 13 14 18
1582 1434 7 5 6 11 15 16 17 18
1900 1938 6 5 6 11 16 17 18
3074 4960 5 5 6 11 16 17
1568 426 5 5 6 11 16 18
4530 2914 5 5 6 11 16 18
3220 2240 4 5 6 11 17
5072 4194 4 5 6 11 18
2458 3186 6 5 6 13 14 15 17
4300 3020 6 5 6 13 14 15 18
2466 1912 6 5 6 13 14 16 17
4256 6470 6 5 6 13 14 16 18
2844 4066 5 5 6 13 14 17
2294 3258 6 5 6 15 16 17 18
2700 3194 5 5 6 16 17 18
2368 1342 4 5 6 16 18
1626 3452 8 5 7 9 10 12 16 17 18
2338 3930 6 5 7 9 10 12 17
4192 2382 6 5 7 9 10 12 18
2552 2404 6 5 7 9 10 13 17
4408 1838 6 5 7 9 10 13 18
1384 4288 8 5 7 9 11 12 16 17 18
2270 1138 6 5 7 9 11 12 17
4124 1230 6 5 7 9 11 12 18
2116 1530 6 5 7 9 11 13 17
3972 998 6 5 7 9 11 13 18
3634 2132 8 5 7 9 12 13 14 15 18
3602 2606 8 5 7 9 12 13 14 16 18
1514 1786 8 5 7 9 12 15 16 17 18
2056 3010 7 5 7 9 12 16 17 18
2862 4334 6 5 7 9 12 16 17
4458 1604 6 5 7 9 12 16 18
1482 4884 6 5 7 9 12 16 18
3002 2336 5 5 7 9 12 17
4858 2938 5 5 7 9 12 18
3096 4744 6 5 7 9 13 15 17
4936 4234 6 5 7 9 13 15 18
3102 3120 6 5 7 9 13 16 17
4948 4528 6 5 7 9 13 16 18
2694 2222 5 5 7 9 13 17
4550 1702 5 5 7 9 13 18
1440 5282 8 5 7 10 11 12 16 17 18
2306 2976 6 5 7 10 11 12 17
4158 1834 6 5 7 10 11 12 18
2206 972 6 5 7 10 11 13 17
4018 1900 6 5 7 10 11 13 18
3648 2812 8 5 7 10 12 13 14 15 18
3616 2114 8 5 7 10 12 13 14 16 18
1602 2786 8 5 7 10 12 15 16 17 18
2048 3798 7 5 7 10 12 16 17 18
2892 4068 6 5 7 10 12 16 17
4512 3170 6 5 7 10 12 16 18
1494 4142 6 5 7 10 12 16 18
3032 770 5 5 7 10 12 17
4884 1624 5 5 7 10 12 18
3102 2914 6 5 7 10 13 15 17
4942 1766 6 5 7 10 13 15 18
3108 2012 6 5 7 10 13 16 17
4954 960 6 5 7 10 13 16 18
2784 1844 5 5 7 10 13 17
4598 3794 5 5 7 10 13 18
3212 4682 8 5 7 11 12 13 14 15 18
3180 2054 8 5 7 11 12 13 14 16 18
1292 1920 8 5 7 11 12 15 16 17 18
1806 1606 7 5 7 11 12 16 17 18
2748 2802 6 5 7 11 12 16 17
1098 1046 6 5 7 11 12 16 18
4076 1708 6 5 7 11 12 16 18
2888 3138 5 5 7 11 12 17
4740 404 5 5 7 11 12 18
2666 2724 6 5 7 11 13 15 17
4506 2034 6 5 7 11 13 15 18
2678 2700 6 5 7 11 13 16 17
4526 3072 6 5 7 11 13 16 18
2810 3602 5 5 7 11 13 17
4758 5386 5 5 7 11 13 18
3798 1264 7 5 7 12 13 14 15 18
3766 1190 7 5 7 12 13 14 16 18
2092 3932 7 5 7 12 15 16 17 18
2606 2112 6 5 7 12 16 17 18
1898 2228 5 5 7 12 16 18
4640 2640 5 5 7 12 16 18
3252 3828 5 5 7 13 15 17
5092 1340 5 5 7 13 15 18
3258 2892 5 5 7 13 16 17
5106 4798 5 5 7 13 16 18
3396 1166 4 5 7 13 17
2356 2764 7 5 8 9 10 11 13 14
3190 840 5 5 8 9 10 11
3250 2404 5 5 8 9 10 11
3286 3622 5 5 8 9 10 11
3522 3732 5 5 8 9 10 11
3336 1200 7 5 8 9 10 13 14 15
3342 3954 7 5 8 9 10 13 14 16
2934 4020 6 5 8 9 10 13 14
4192 1486 5 5 8 9 10 15
4168 3928 5 5 8 9 10 16
3778 1590 4 5 8 9 10
2900 1774 7 5 8 9 11 13 14 15
2912 4762 7 5 8 9 11 13 14 16
2816 3540 6 5 8 9 11 13 14
3830 4716 5 5 8 9 11 15
3768 3648 5 5 8 9 11 16
4062 1864 5 5 8 9 11 16
3666 3392 4 5 8 9 11
3760 4058 4 5 8 9 11
3486 3348 6 5 8 9 13 14 15
3492 3386 6 5 8 9 13 14 16
4342 2018 4 5 8 9 15
4348 2524 4 5 8 9 16
4494 5494 3 5 8 9
2946 3258 7 5 8 10 11 13 14 15
2960 3384 7 5 8 10 11 13 14 16
2812 1906 6 5 8 10 11 13 14
3844 4076 5 5 8 10 11 15
4068 3820 5 5 8 10 11 16
3744 3316 5 5 8 10 11 16
3794 2442 4 5 8 10 11
3662 2104 4 5 8 10 11
3532 4220 6 5 8 10 13 14 15
3538 1344 6 5 8 10 13 14 16
4356 1222 4 5 8 10 15
4332 2058 4 5 8 10 16
4470 1760 3 5 8 10
3364 2596 6 5 8 11 13 14 15
3370 1034 6 5 8 11 13 14 16
4212 3670 4 5 8 11 15
4220 836 4 5 8 11 16
4378 2832 3 5 8 11
3442 3650 7 5 9 10 12 14 16 18
4866 2864 5 5 9 10 12 14
2058 3298 7 5 9 10 13 14 15 17
3914 944 7 5 9 10 13 14 15 18
2024 3476 7 5 9 10 13 14 16 17
2074 460 7 5 9 10 13 14 16 17
3892 4030 7 5 9 10 13 14 16 18
3880 3984 7 5 9 10 13 14 16 18
5050 1582 5 5 9 10 13 14
2032 4362 5 5 9 10 13 14
1826 3328 7 5 9 10 15 16 17 18
2912 1780 5 5 9 10 15 17
4802 2278 5 5 9 10 15 18
2896 1368 5 5 9 10 16 17
1078 1370 5 5 9 10 16 17
1068 3448 5 5 9 10 16 17
4750 5584 5 5 9 10 16 18
1794 3364 5 5 9 10 16 18
4716 3892 5 5 9 10 16 18
1752 3270 5 5 9 10 16 18
2934 5276 4 5 9 10 17
708 1214 3 5 9 10
698 4494 3 5 9 10
3006 1394 7 5 9 11 12 14 16 18
4798 4082 5 5 9 11 12 14
1634 1494 7 5 9 11 13 14 15 17
3478 1806 7 5 9 11 13 14 15 18
2234 4116 7 5 9 11 13 14 16 17
1630 3884 7 5 9 11 13 14 16 17
3446 2960 7 5 9 11 13 14 16 18
4586 3336 5 5 9 11 13 14
1604 1140 5 5 9 11 13 14
1438 888 7 5 9 11 15 16 17 18
1988 3652 7 5 9 11 15 16 17 18
2880 1682 5 5 9 11 15 17
4734 3444 5 5 9 11 15 18
2464 3428 5 5 9 11 16 17
1128 2848 5 5 9 11 16 17
836 4662 5 5 9 11 16 17
2480 3210 5 5 9 11 16 17
4320 1630 5 5 9 11 16 18
1324 3874 5 5 9 11 16 18
4932 1404 5 5 9 11 16 18
2900 1624 4 5 9 11 17
808 3320 3 5 9 11
532 2340 3 5 9 11
3972 830 7 5 9 12 14 15 16 18
3586 3834 6 5 9 12 14 16 18
5392 4586 5 5 9 12 14 16
5530 4020 4 5 9 12 14
2568 1338 7 5 9 13 14 15 16 17
2568 2008 7 5 9 13 14 15 16 17
4410 1488 7 5 9 13 14 15 16 18
2434 2972 6 5 9 13 14 15 17
4058 1886 6 5 9 13 14 15 18
2562 2358 5 5 9 13 14 15
2258 2918 6 5 9 13 14 16 17
4024 2632 6 5 9 13 14 16 18
2580 2900 5 5 9 13 14 16
2182 2182 4 5 9 13 14
2238 5094 6 5 9 15 16 17 18
3426 3322 5 5 9 15 16 17
1028 3792 5 5 9 15 16 17
5284 1896 5 5 9 15 16 18
2282 2570 5 5 9 15 16 18
3570 2818 4 5 9 15 17
5466 3826 4 5 9 15 18
3058 2638 4 5 9 16 17
1636 2398 4 5 9 16 17
1432 4138 4 5 9 16 17
2044 1128 4 5 9 16 18
1126 2734 3 5 9 16
3590 2430 3 5 9 17
1256 2544 2 5 9
3054 1652 7 5 10 11 12 14 16 18
4832 1432 5 5 10 11 12 14
1712 3880 7 5 10 11 13 14 15 17
3524 4724 7 5 10 11 13 14 15 18
1686 1430 7 5 10 11 13 14 16 17
2230 5420 7 5 10 11 13 14 16 17
3492 1164 7 5 10 11 13 14 16 18
1650 4288 5 5 10 11 13 14
2240 1122 5 5 10 11 13 14
1486 3586 7 5 10 11 15 16 17 18
2914 4490 5 5 10 11 15 17
4768 1490 5 5 10 11 15 18
3164 3044 5 5 10 11 16 17
2548 2788 5 5 10 11 16 17
892 2232 5 5 10 11 16 17
1370 2522 5 5 10 11 16 18
4958 3146 5 5 10 11 16 18
2936 3454 4 5 10 11 17
800 4072 3 5 10 11
532 3728 3 5 10 11
2548 2958 3 5 10 11
3978 2150 7 5 10 12 14 15 16 18
3632 2870 6 5 10 12 14 16 18
5418 1612 5 5 10 12 14 16
5558 1154 4 5 10 12 14
2574 2466 7 5 10 13 14 15 16 17
4416 5026 7 5 10 13 14 15 16 18
4460 1972 7 5 10 13 14 15 16 18
2490 2808 6 5 10 13 14 15 17
4104 1442 6 5 10 13 14 15 18
2574 2992 5 5 10 13 14 15
2304 3972 6 5 10 13 14 16 17
4072 4104 6 5 10 13 14 16 18
2586 3862 5 5 10 13 14 16
2230 2434 4 5 10 13 14
2284 3902 6 5 10 15 16 17 18
2472 4466 6 5 10 15 16 17 18
3450 690 5 5 10 15 16 17
1096 1928 5 5 10 15 16 17
2294 3158 5 5 10 15 16 18
3640 4494 4 5 10 15 17
5494 3224 4 5 10 15 18
3522 1888 4 5 10 16 17
1500 3188 4 5 10 16 17
2090 4020 4 5 10 16 18
4906 2230 4 5 10 16 18
1118 1620 3 5 10 16
3660 6772 3 5 10 17
3566 2418 2 5 10
1256 1292 2 5 10
3542 1942 7 5 11 12 14 15 16 18
3794 1176 6 5 11 12 14 16 18
5276 3804 5 5 11 12 14 16
5414 4356 4 5 11 12 14
2140 2946 7 5 11 13 14 15 16 17
3980 2568 7 5 11 13 14 15 16 18
3992 3794 7 5 11 13 14 15 16 18
2316 3206 6 5 11 13 14 15 17
4264 3610 6 5 11 13 14 15 18
2138 1224 5 5 11 13 14 15
2284 3528 6 5 11 13 14 16 17
2466 812 6 5 11 13 14 16 17
4232 748 6 5 11 13 14 16 18
2150 1404 5 5 11 13 14 16
2384 2228 4 5 11 13 14
2076 3734 6 5 11 15 16 17 18
852 1874 5 5 11 15 16 17
5204 4778 5 5 11 15 16 18
1878 1904 5 5 11 15 16 18
3498 5168 4 5 11 15 17
5350 1528 4 5 11 15 18
3378 1692 4 5 11 16 17
1258 3438 4 5 11 16 17
1754 2562 4 5 11 16 17
5094 3926 4 5 11 16 18
2398 2532 4 5 11 16 18
876 1154 3 5 11 16
3518 3614 3 5 11 17
1358 2496 2 5 11
1456 1438 2 5 11
4128 3388 6 5 12 14 15 16 18
2726 1866 6 5 13 14 15 16 17
4578 2442 6 5 13 14 15 16 18
4566 3762 6 5 13 14 15 16 18
2902 1218 5 5 13 14 15 17
2732 3668 4 5 13 14 15
2870 4738 5 5 13 14 16 17
2736 1740 4 5 13 14 16
2876 4142 5 5 15 16 17 18
1652 2726 4 5 15 16 17
2678 1624 4 5 15 16 18
2058 1390 3 5 16 17
1676 3312 2 5 16
2254 5506 1 5
3590 1980 8 6 7 8 9 12 13 14 18
3602 1686 8 6 7 8 10 12 13 14 18
3166 1650 8 6 7 8 11 12 13 14 18
3754 830 7 6 7 8 12 13 14 18
2290 4640 8 6 7 9 12 13 14 17 18
2518 4092 8 6 7 9 12 13 14 17 18
3318 2214 6 6 7 9 12 17 18
3130 1250 6 6 7 9 12 17 18
3424 2678 6 6 7 9 12 17 18
842 1900 6 6 7 9 12 17 18
3644 504 6 6 7 9 13 17 18
2336 4106 8 6 7 10 12 13 14 17 18
2618 2870 8 6 7 10 12 13 14 17 18
900 1434 6 6 7 10 12 17 18
1230 1674 6 6 7 10 12 17 18
3286 874 6 6 7 10 12 17 18
3694 4298 6 6 7 10 13 17 18
2496 2844 8 6 7 11 12 13 14 17 18
2732 1268 8 6 7 11 12 13 14 17 18
960 1348 6 6 7 11 12 17 18
3346 1162 6 6 7 11 12 17 18
1292 2346 6 6 7 11 12 17 18
3856 4408 6 6 7 11 13 17 18
2832 3904 8 6 7 12 13 14 15 17 18
3054 1036 8 6 7 12 13 14 15 17 18
2844 904 8 6 7 12 13 14 16 17 18
3086 4278 8 6 7 12 13 14 16 17 18
2822 892 8 6 7 12 13 14 16 17 18
3090 2664 8 6 7 12 13 14 16 17 18
2894 1944 7 6 7 12 13 14 17 18
3792 1514 6 6 7 12 15 17 18
1190 1496 6 6 7 12 15 17 18
1312 1312 6 6 7 12 15 17 18
3728 5142 6 6 7 12 15 17 18
860 1196 6 6 7 12 15 17 18
932 5418 6 6 7 12 15 17 18
3892 1478 6 6 7 12 16 17 18
822 4152 6 6 7 12 16 17 18
3758 4524 6 6 7 12 16 17 18
1274 2368 6 6 7 12 16 17 18
1264 5156 5 6 7 12 17 18
4042 2446 5 6 7 12 17 18
4096 1192 5 6 7 12 17 18
888 3896 4 6 7 12 18
4190 2848 6 6 7 13 15 17 18
4202 3768 6 6 7 13 16 17 18
4346 1626 5 6 7 13 17 18
3434 5612 7 6 8 9 10 12 14 18
2032 3110 7 6 8 9 10 13 14 17
2082 3442 7 6 8 9 10 13 14 17
3902 1230 7 6 8 9 10 13 14 18
3868 3542 7 6 8 9 10 13 14 18
1888 3394 7 6 8 9 10 15 17 18
1850 3292 7 6 8 9 10 16 17 18
2832 1534 5 6 8 9 10 17
4728 1770 5 6 8 9 10 18
3316 806 7 6 8 9 11 12 14 18
1716 3932 7 6 8 9 11 13 14 17
2210 2812 7 6 8 9 11 13 14 17
3766 3856 7 6 8 9 11 13 14 18
3432 3550 7 6 8 9 11 13 14 18
1572 1464 7 6 8 9 11 15 17 18
1534 1830 7 6 8 9 11 16 17 18
2764 2404 5 6 8 9 11 17
4616 2158 5 6 8 9 11 18
3986 3434 7 6 8 9 12 14 15 18
3992 2476 7 6 8 9 12 14 16 18
2556 1976 7 6 8 9 13 14 15 17
4396 4948 7 6 8 9 13 14 15 18
2562 1156 7 6 8 9 13 14 16 17
4354 4516 7 6 8 9 13 14 16 18
4410 1464 7 6 8 9 13 14 16 18
2678 1972 6 6 8 9 13 14 17
4020 1202 6 6 8 9 13 14 18
2254 1792 7 6 8 9 15 16 17 18
2430 3232 6 6 8 9 15 17 18
3384 2276 5 6 8 9 15 17
2252 1496 5 6 8 9 15 18
2392 3008 6 6 8 9 16 17 18
3390 1926 5 6 8 9 16 17
2214 1682 5 6 8 9 16 18
5286 2634 5 6 8 9 16 18
3312 1358 7 6 8 10 11 12 14 18
1774 1476 7 6 8 10 11 13 14 17
2216 2652 7 6 8 10 11 13 14 17
3480 2586 7 6 8 10 11 13 14 18
3762 1462 7 6 8 10 11 13 14 18
1628 1726 7 6 8 10 11 15 17 18
1590 1590 7 6 8 10 11 16 17 18
2758 2956 5 6 8 10 11 17
4612 3222 5 6 8 10 11 18
4032 2920 7 6 8 10 12 14 15 18
4038 1338 7 6 8 10 12 14 16 18
2562 1506 7 6 8 10 13 14 15 17
4402 5958 7 6 8 10 13 14 15 18
2568 3980 7 6 8 10 13 14 16 17
4360 1568 7 6 8 10 13 14 16 18
4488 3272 7 6 8 10 13 14 16 18
2708 5530 6 6 8 10 13 14 17
4066 2302 6 6 8 10 13 14 18
2260 2490 7 6 8 10 15 16 17 18
2442 2214 6 6 8 10 15 17 18
3454 1858 5 6 8 10 15 17
2264 4134 5 6 8 10 15 18
2404 1812 6 6 8 10 16 17 18
3460 2820 5 6 8 10 16 17
5312 2096 5 6 8 10 16 18
2226 3090 5 6 8 10 16 18
3864 1920 7 6 8 11 12 14 15 18
3870 800 7 6 8 11 12 14 16 18
2126 2372 7 6 8 11 13 14 15 17
3968 3838 7 6 8 11 13 14 15 18
2140 2448 7 6 8 11 13 14 16 17
3988 3374 7 6 8 11 13 14 16 18
3924 2138 7 6 8 11 13 14 16 18
2272 1250 6 6 8 11 13 14 17
4222 2202 6 6 8 11 13 14 18
1824 5116 7 6 8 11 15 16 17 18
2008 4788 6 6 8 11 15 17 18
3310 5496 5 6 8 11 15 17
4824 4716 5 6 8 11 15 18
1970 2982 6 6 8 11 16 17 18
3316 1702 5 6 8 11 16 17
1792 3086 5 6 8 11 16 18
4788 3686 5 6 8 11 16 18
2714 1440 6 6 8 13 14 15 17
4554 4742 6 6 8 13 14 15 18
2728 1990 6 6 8 13 14 16 17
4512 2984 6 6 8 13 14 16 18
3100 3356 5 6 8 13 14 17
2512 4128 6 6 8 15 16 17 18
2954 1838 5 6 8 15 17 18
2624 2574 4 6 8 15 18
2916 3032 5 6 8 16 17 18
2586 2618 4 6 8 16 18
2688 3612 7 6 9 12 14 15 17 18
2958 3138 7 6 9 12 14 15 17 18
2636 4760 7 6 9 12 14 16 17 18
1554 1742 5 6 9 12 14 17
4032 6358 5 6 9 12 14 17
2682 3554 5 6 9 12 14 18
5900 1172 5 6 9 12 14 18
3150 2794 7 6 9 13 14 15 17 18
3128 2962 7 6 9 13 14 15 17 18
3086 1894 7 6 9 13 14 16 17 18
3076 3176 7 6 9 13 14 16 17 18
3160 4782 6 6 9 13 14 17 18
1280 1710 5 6 9 13 14 17
3132 2002 5 6 9 13 14 18
1566 3368 5 6 9 15 17 18
1032 2802 5 6 9 15 17 18
4010 1964 5 6 9 15 17 18
1412 2616 5 6 9 16 17 18
3876 1380 5 6 9 16 17 18
994 3258 5 6 9 16 17 18
404 1752 3 6 9 17
1034 1338 3 6 9 18
2762 2746 7 6 10 12 14 15 17 18
2778 4054 7 6 10 12 14 15 17 18
2724 4360 7 6 10 12 14 16 17 18
2966 1754 7 6 10 12 14 16 17 18
2726 1976 7 6 10 12 14 16 17 18
1612 2600 5 6 10 12 14 17
2730 2480 5 6 10 12 14 18
5686 3342 5 6 10 12 14 18
3200 2898 7 6 10 13 14 15 17 18
3174 4138 7 6 10 13 14 15 17 18
3186 3586 7 6 10 13 14 15 17 18
3124 2840 7 6 10 13 14 16 17 18
3168 2518 7 6 10 13 14 16 17 18
3208 1564 6 6 10 13 14 17 18
1326 1756 5 6 10 13 14 17
3180 2800 5 6 10 13 14 18
1622 876 5 6 10 15 17 18
1080 1322 5 6 10 15 17 18
1584 3604 5 6 10 16 17 18
3946 2556 5 6 10 16 17 18
1042 1194 5 6 10 16 17 18
460 794 3 6 10 17
1080 1106 3 6 10 18
2892 3700 7 6 11 12 14 15 17 18
2912 1900 7 6 11 12 14 15 17 18
2880 1554 7 6 11 12 14 16 17 18
2840 2574 7 6 11 12 14 16 17 18
1672 3978 5 6 11 12 14 17
4236 1174 5 6 11 12 14 17
5872 3282 5 6 11 12 14 18
2890 3532 5 6 11 12 14 18
3374 1412 7 6 11 13 14 15 17 18
3360 2206 7 6 11 13 14 15 17 18
3330 3522 7 6 11 13 14 15 17 18
3290 1834 7 6 11 13 14 16 17 18
3278 2558 7 6 11 13 14 16 17 18
3330 1078 7 6 11 13 14 16 17 18
3362 4618 6 6 11 13 14 17 18
1488 1894 5 6 11 13 14 17
3340 2934 5 6 11 13 14 18
1360 2586 5 6 11 15 17 18
4160 4408 5 6 11 15 17 18
1322 478 5 6 11 16 17 18
1530 2138 5 6 11 16 17 18
4108 1420 5 6 11 16 17 18
522 2438 3 6 11 17
1388 1350 3 6 11 18
3186 3382 7 6 12 14 15 16 17 18
3448 3766 7 6 12 14 15 16 17 18
3442 1208 7 6 12 14 15 16 17 18
3382 1344 6 6 12 14 15 17 18
1618 4860 5 6 12 14 15 17
3226 3316 5 6 12 14 15 18
3458 4750 5 6 12 14 15 18
3594 3500 6 6 12 14 16 17 18
3330 2768 6 6 12 14 16 17 18
1624 2934 5 6 12 14 16 17
3472 4256 5 6 12 14 16 18
3238 4772 5 6 12 14 16 18
1976 4222 4 6 12 14 17
3664 3442 7 6 13 14 15 16 17 18
3624 3646 7 6 13 14 15 16 17 18
3612 4040 7 6 13 14 15 16 17 18
3696 1562 6 6 13 14 15 17 18
1822 3362 5 6 13 14 15 17
3674 2730 5 6 13 14 15 18
3652 1218 6 6 13 14 16 17 18
1834 2844 5 6 13 14 16 17
3686 3616 5 6 13 14 16 18
1490 852 5 6 15 16 17 18
4512 3226 5 6 15 16 17 18
1504 3342 5 6 15 16 17 18
1542 1824 5 6 15 16 17 18
1544 1028 5 6 15 16 17 18
1710 1792 4 6 15 17 18
1866 944 4 6 15 17 18
420 2038 3 6 15 17
1656 4720 3 6 15 18
1834 1164 4 6 16 17 18
1672 1858 4 6 16 17 18
428 1808 3 6 16 17
1618 2146 3 6 16 18
826 3378 2 6 17
874 2684 1 6
1708 3312 8 7 8 9 10 12 13 14 17
3560 3842 8 7 8 9 10 12 13 14 18
1794 888 8 7 8 9 10 12 15 17 18
1756 3534 8 7 8 9 10 12 16 17 18
2548 3612 6 7 8 9 10 12 17
4404 4396 6 7 8 9 10 12 18
2806 3250 6 7 8 9 10 13 17
4662 4740 6 7 8 9 10 13 18
1590 1650 8 7 8 9 11 12 13 14 17
3442 4354 8 7 8 9 11 12 13 14 18
1478 3582 8 7 8 9 11 12 15 17 18
1440 978 8 7 8 9 11 12 16 17 18
2438 2006 6 7 8 9 11 12 17
4292 2700 6 7 8 9 11 12 18
2370 2844 6 7 8 9 11 13 17
4226 768 6 7 8 9 11 13 18
2252 2216 8 7 8 9 12 13 14 15 17
3888 3550 8 7 8 9 12 13 14 15 18
2264 1934 8 7 8 9 12 13 14 16 17
3856 1646 8 7 8 9 12 13 14 16 18
1756 2114 8 7 8 9 12 15 16 17 18
1756 2700 8 7 8 9 12 15 16 17 18
2222 1198 7 7 8 9 12 15 17 18
3092 1528 6 7 8 9 12 15 17
1762 1584 6 7 8 9 12 15 18
4780 5326 6 7 8 9 12 15 18
2186 2556 7 7 8 9 12 16 17 18
3106 1794 6 7 8 9 12 16 17
4742 3142 6 7 8 9 12 16 18
4720 2978 6 7 8 9 12 16 18
1724 2940 6 7 8 9 12 16 18
3350 1186 6 7 8 9 13 15 17
5190 1304 6 7 8 9 13 15 18
3356 2792 6 7 8 9 13 16 17
5202 3286 6 7 8 9 13 16 18
2956 2774 5 7 8 9 13 17
4812 2438 5 7 8 9 13 18
1584 2726 8 7 8 10 11 12 13 14 17
3438 1452 8 7 8 10 11 12 13 14 18
1534 4488 8 7 8 10 11 12 15 17 18
1496 4036 8 7 8 10 11 12 16 17 18
2434 3180 6 7 8 10 11 12 17
4288 2142 6 7 8 10 11 12 18
2460 1980 6 7 8 10 11 13 17
4272 2294 6 7 8 10 11 13 18
2298 2810 8 7 8 10 12 13 14 15 17
3902 3824 8 7 8 10 12 13 14 15 18
2312 3970 8 7 8 10 12 13 14 16 17
3870 4352 8 7 8 10 12 13 14 16 18
1770 3224 8 7 8 10 12 15 16 17 18
1770 2822 8 7 8 10 12 15 16 17 18
2216 1256 7 7 8 10 12 15 17 18
3122 4430 6 7 8 10 12 15 17
1774 3054 6 7 8 10 12 15 18
4792 2130 6 7 8 10 12 15 18
2178 1602 7 7 8 10 12 16 17 18
3134 3160 6 7 8 10 12 16 17
1736 2566 6 7 8 10 12 16 18
4988 3392 6 7 8 10 12 16 18
3356 3588 6 7 8 10 13 15 17
5196 4758 6 7 8 10 13 15 18
3362 2900 6 7 8 10 13 16 17
5208 410 6 7 8 10 13 16 18
3046 1954 5 7 8 10 13 17
4860 2184 5 7 8 10 13 18
2130 1752 8 7 8 11 12 13 14 15 17
3466 4332 8 7 8 11 12 13 14 15 18
2142 5972 8 7 8 11 12 13 14 16 17
3434 4852 8 7 8 11 12 13 14 16 18
1334 1164 8 7 8 11 12 15 16 17 18
1900 1466 7 7 8 11 12 15 17 18
2978 4264 6 7 8 11 12 15 17
1338 2138 6 7 8 11 12 15 18
4334 2028 6 7 8 11 12 15 18
1862 4232 7 7 8 11 12 16 17 18
2992 1404 6 7 8 11 12 16 17
1300 4190 6 7 8 11 12 16 18
4298 4458 6 7 8 11 12 16 18
2920 1992 6 7 8 11 13 15 17
4760 5202 6 7 8 11 13 15 18
2932 3624 6 7 8 11 13 16 17
4780 3548 6 7 8 11 13 16 18
3064 5660 5 7 8 11 13 17
5014 2220 5 7 8 11 13 18
4054 3428 7 7 8 12 13 14 15 18
4020 4148 7 7 8 12 13 14 16 18
2120 4404 7 7 8 12 15 16 17 18
2860 352 6 7 8 12 15 17 18
2152 2024 5 7 8 12 15 18
2822 1308 6 7 8 12 16 17 18
2114 3886 5 7 8 12 16 18
4886 1068 5 7 8 12 16 18
3506 3668 5 7 8 13 15 17
5348 5188 5 7 8 13 15 18
3520 2258 5 7 8 13 16 17
5368 3546 5 7 8 13 16 18
3652 4090 4 7 8 13 17
2826 2120 8 7 9 12 13 14 15 17 18
2574 1544 8 7 9 12 13 14 15 17 18
2522 1322 8 7 9 12 13 14 16 17 18
948 4100 6 7 9 12 13 14 17
5850 3434 6 7 9 12 13 14 18
2802 2360 6 7 9 12 13 14 18
1020 4792 6 7 9 12 15 17 18
988 1394 6 7 9 12 15 17 18
950 2688 6 7 9 12 16 17 18
3428 4550 6 7 9 12 16 17 18
1434 1432 6 7 9 12 16 17 18
988 3314 6 7 9 12 16 17 18
3404 2352 6 7 9 12 16 17 18
386 1648 4 7 9 12 17
1788 3834 4 7 9 12 17
3646 2718 4 7 9 12 18
668 5204 4 7 9 12 18
3930 2292 6 7 9 13 15 17 18
3878 2932 6 7 9 13 16 17 18
3954 3932 5 7 9 13 17 18
2620 2896 8 7 10 12 13 14 15 17 18
2570 3622 8 7 10 12 13 14 16 17 18
2844 3462 8 7 10 12 13 14 16 17 18
996 3286 6 7 10 12 13 14 17
2848 2538 6 7 10 12 13 14 18
3750 3600 6 7 10 12 15 17 18
1036 2604 6 7 10 12 15 17 18
1528 5348 6 7 10 12 15 17 18
3444 1760 6 7 10 12 15 17 18
3570 1988 6 7 10 12 15 17 18
3518 2568 6 7 10 12 16 17 18
998 1960 6 7 10 12 16 17 18
3392 6256 6 7 10 12 16 17 18
3668 1188 6 7 10 12 16 17 18
1920 2310 4 7 10 12 17
442 1998 4 7 10 12 17
716 2946 4 7 10 12 18
3980 1080 6 7 10 13 15 17 18
3928 2708 6 7 10 13 16 17 18
4000 3310 5 7 10 13 17 18
3030 4292 8 7 11 12 13 14 15 17 18
2776 2574 8 7 11 12 13 14 15 17 18
2724 4374 8 7 11 12 13 14 16 17 18
2998 1436 8 7 11 12 13 14 16 17 18
4138 4404 6 7 11 12 13 14 17
1156 2140 6 7 11 12 13 14 17
3010 1656 6 7 11 12 13 14 18
1138 4452 6 7 11 12 15 17 18
1590 1514 6 7 11 12 15 17 18
3660 2082 6 7 11 12 15 17 18
3684 3322 6 7 11 12 15 17 18
3624 2570 6 7 11 12 15 17 18
3608 1334 6 7 11 12 16 17 18
3908 3714 6 7 11 12 16 17 18
1106 2958 6 7 11 12 16 17 18
1304 3020 6 7 11 12 16 17 18
504 1894 4 7 11 12 17
2042 1924 4 7 11 12 17
964 3232 4 7 11 12 18
6900 1122 4 7 11 12 18
4134 3510 6 7 11 13 15 17 18
4082 5722 6 7 11 13 16 17 18
4154 5018 5 7 11 13 17 18
3058 1042 8 7 12 13 14 15 16 17 18
3140 5582 8 7 12 13 14 15 16 17 18
3122 4416 8 7 12 13 14 15 16 17 18
3194 2034 7 7 12 13 14 15 17 18
1490 2194 6 7 12 13 14 15 17
3344 2954 6 7 12 13 14 15 18
3162 2986 7 7 12 13 14 16 17 18
4552 5016 6 7 12 13 14 16 17
1502 1968 6 7 12 13 14 16 17
6404 900 6 7 12 13 14 16 18
3356 4926 6 7 12 13 14 16 18
4688 1824 5 7 12 13 14 17
1000 886 6 7 12 15 16 17 18
1008 5340 6 7 12 15 16 17 18
1450 4126 6 7 12 15 16 17 18
1250 4858 6 7 12 15 16 17 18
1238 2698 5 7 12 15 17 18
1894 910 5 7 12 15 17 18
4066 2114 5 7 12 15 17 18
1442 3316 5 7 12 15 17 18
4152 2232 5 7 12 15 17 18
402 3972 4 7 12 15 17
4228 2774 4 7 12 15 18
1186 2014 4 7 12 15 18
4052 4286 5 7 12 16 17 18
1200 4578 5 7 12 16 17 18
4100 3736 5 7 12 16 17 18
410 4156 4 7 12 16 17
1148 2214 4 7 12 16 18
1230 1618 4 7 12 16 18
808 2308 3 7 12 17
420 2590 2 7 12
4416 4962 6 7 13 15 16 17 18
4428 4478 6 7 13 15 16 17 18
4488 2940 5 7 13 15 17 18
4508 4488 5 7 13 16 17 18
2254 4854 7 8 9 10 12 14 15 17
3720 3180 7 8 9 10 12 14 15 18
3770 5850 7 8 9 10 12 14 15 18
2244 842 7 8 9 10 12 14 16 17
3686 1586 7 8 9 10 12 14 16 18
3668 3472 7 8 9 10 12 14 16 18
5056 3022 5 8 9 10 12 14
2094 1248 5 8 9 10 12 14
2312 2952 7 8 9 10 13 14 15 17
2320 630 7 8 9 10 13 14 15 17
4172 4038 7 8 9 10 13 14 15 18
4168 2180 7 8 9 10 13 14 15 18
4170 2204 7 8 9 10 13 14 15 18
2266 4834 7 8 9 10 13 14 16 17
2278 3750 7 8 9 10 13 14 16 17
4136 1186 7 8 9 10 13 14 16 18
4118 2062 7 8 9 10 13 14 16 18
2336 1604 6 8 9 10 13 14 17
2328 3132 5 8 9 10 13 14
2286 3162 5 8 9 10 13 14
2070 2604 7 8 9 10 15 16 17 18
2034 1980 7 8 9 10 15 16 17 18
2026 2726 7 8 9 10 15 16 17 18
3178 4800 5 8 9 10 15 17
1058 3634 5 8 9 10 15 17
1122 1004 5 8 9 10 15 17
2034 2086 5 8 9 10 15 18
5030 1794 5 8 9 10 15 18
5016 3000 5 8 9 10 15 18
1046 6084 5 8 9 10 16 17
3066 5290 5 8 9 10 16 17
4962 1258 5 8 9 10 16 18
1996 3288 5 8 9 10 16 18
2036 2550 5 8 9 10 16 18
3138 2788 4 8 9 10 17
712 2218 3 8 9 10
3120 4886 3 8 9 10
3110 796 3 8 9 10
2086 2150 7 8 9 11 12 14 15 17
3288 2568 7 8 9 11 12 14 15 18
3862 1872 7 8 9 11 12 14 15 18
2074 2970 7 8 9 11 12 14 16 17
3824 3446 7 8 9 11 12 14 16 18
3550 784 7 8 9 11 12 14 16 18
3250 4670 7 8 9 11 12 14 16 18
4960 1156 5 8 9 11 12 14
1976 4290 5 8 9 11 12 14
2522 3450 7 8 9 11 13 14 15 17
2198 2294 7 8 9 11 13 14 15 17
1876 2860 7 8 9 11 13 14 15 17
3732 1688 7 8 9 11 13 14 15 18
4368 3868 7 8 9 11 13 14 15 18
2148 4410 7 8 9 11 13 14 16 17
1844 3520 7 8 9 11 13 14 16 17
1846 2246 7 8 9 11 13 14 16 17
3700 2914 7 8 9 11 13 14 16 18
4000 932 7 8 9 11 13 14 16 18
3700 2816 7 8 9 11 13 14 16 18
2220 1584 6 8 9 11 13 14 17
1858 2676 5 8 9 11 13 14
2482 1096 5 8 9 11 13 14
1600 1378 7 8 9 11 15 16 17 18
1710 6900 7 8 9 11 15 16 17 18
1600 3746 7 8 9 11 15 16 17 18
742 2606 5 8 9 11 15 17
2684 844 5 8 9 11 15 17
1182 2824 5 8 9 11 15 17
2228 2220 5 8 9 11 15 18
1604 3434 5 8 9 11 15 18
730 3040 5 8 9 11 16 17
3326 3112 5 8 9 11 16 17
3270 1620 5 8 9 11 16 17
2648 2550 5 8 9 11 16 17
1172 4594 5 8 9 11 16 17
1566 1862 5 8 9 11 16 18
2192 4106 5 8 9 11 16 18
3068 2880 4 8 9 11 17
2708 4618 3 8 9 11
426 2338 3 8 9 11
2702 4080 3 8 9 11
2640 1584 7 8 9 12 14 15 16 17
4212 948 7 8 9 12 14 15 16 18
2824 3924 6 8 9 12 14 15 17
3874 3356 6 8 9 12 14 15 18
2646 2250 5 8 9 12 14 15
2786 2268 6 8 9 12 14 16 17
3836 4442 6 8 9 12 14 16 18
2652 3232 5 8 9 12 14 16
2810 3616 7 8 9 13 14 15 16 17
2812 1394 7 8 9 13 14 15 16 17
4664 2090 7 8 9 13 14 15 16 18
4662 5320 7 8 9 13 14 15 16 18
2472 4662 6 8 9 13 14 15 17
4318 3566 6 8 9 13 14 15 18
2816 3636 5 8 9 13 14 15
2434 5170 6 8 9 13 14 16 17
4286 2956 6 8 9 13 14 16 18
2834 1468 5 8 9 13 14 16
2438 4768 4 8 9 13 14
2266 2074 6 8 9 15 16 17 18
2672 506 6 8 9 15 16 17 18
3688 452 5 8 9 15 16 17
1070 1628 5 8 9 15 16 17
3610 1692 5 8 9 15 16 17
5506 840 5 8 9 15 16 18
2524 2416 5 8 9 15 16 18
1486 4062 4 8 9 15 17
3272 1326 4 8 9 15 17
1702 3046 4 8 9 15 17
2298 1800 4 8 9 15 18
5168 2192 4 8 9 15 18
1302 1434 3 8 9 15
1476 3216 4 8 9 16 17
3694 2412 4 8 9 16 17
1692 4104 4 8 9 16 17
5152 1614 4 8 9 16 18
2260 2442 4 8 9 16 18
1282 2758 3 8 9 16
1386 5754 2 8 9
2142 1798 7 8 10 11 12 14 15 17
3924 4076 7 8 10 11 12 14 15 18
3334 2072 7 8 10 11 12 14 15 18
2132 1802 7 8 10 11 12 14 16 17
3296 4526 7 8 10 11 12 14 16 18
4194 1098 7 8 10 11 12 14 16 18
2352 2954 5 8 10 11 12 14
1972 1776 5 8 10 11 12 14
2568 3844 7 8 10 11 13 14 15 17
1932 3908 7 8 10 11 13 14 15 17
2194 3044 7 8 10 11 13 14 15 17
4048 3518 7 8 10 11 13 14 15 18
3778 2648 7 8 10 11 13 14 15 18
2484 4488 7 8 10 11 13 14 16 17
2142 782 7 8 10 11 13 14 16 17
1894 2806 7 8 10 11 13 14 16 17
4336 1020 7 8 10 11 13 14 16 18
3746 1180 7 8 10 11 13 14 16 18
2214 1904 6 8 10 11 13 14 17
4886 1080 5 8 10 11 13 14
1904 1454 5 8 10 11 13 14
1646 786 7 8 10 11 15 16 17 18
1768 3650 7 8 10 11 15 16 17 18
3392 3700 5 8 10 11 15 17
2754 4100 5 8 10 11 15 17
798 716 5 8 10 11 15 17
1652 2494 5 8 10 11 15 18
4634 2796 5 8 10 11 15 18
1164 1408 5 8 10 11 16 17
788 3876 5 8 10 11 16 17
1614 2298 5 8 10 11 16 18
5200 2588 5 8 10 11 16 18
4570 3150 5 8 10 11 16 18
3064 1036 4 8 10 11 17
388 2028 3 8 10 11
2678 2548 3 8 10 11
2686 3602 7 8 10 12 14 15 16 17
4528 1386 7 8 10 12 14 15 16 18
4220 4512 7 8 10 12 14 15 16 18
2870 2862 6 8 10 12 14 15 17
3922 2760 6 8 10 12 14 15 18
2692 1366 5 8 10 12 14 15
2832 668 6 8 10 12 14 16 17
3884 4724 6 8 10 12 14 16 18
2698 2016 5 8 10 12 14 16
2818 4554 7 8 10 13 14 15 16 17
4670 1948 7 8 10 13 14 15 16 18
4670 2018 7 8 10 13 14 15 16 18
2518 2518 6 8 10 13 14 15 17
4366 3086 6 8 10 13 14 15 18
2828 1228 5 8 10 13 14 15
2480 3002 6 8 10 13 14 16 17
4334 1316 6 8 10 13 14 16 18
2840 3294 5 8 10 13 14 16
2484 4342 4 8 10 13 14
2314 3180 6 8 10 15 16 17 18
1064 4272 5 8 10 15 16 17
3696 3058 5 8 10 15 16 17
2538 2262 5 8 10 15 16 18
5582 3986 5 8 10 15 16 18
5494 2126 5 8 10 15 16 18
1760 1982 4 8 10 15 17
1480 2968 4 8 10 15 17
3342 388 4 8 10 15 17
2346 2454 4 8 10 15 18
1294 2716 3 8 10 15
1468 2294 4 8 10 16 17
3838 2616 4 8 10 16 17
2308 3406 4 8 10 16 18
1274 922 3 8 10 16
1348 2070 2 8 10
2518 4620 7 8 11 12 14 15 16 17
4090 2026 7 8 11 12 14 15 16 18
3786 2292 7 8 11 12 14 15 16 18
2700 1836 6 8 11 12 14 15 17
4076 3666 6 8 11 12 14 15 18
2524 3874 5 8 11 12 14 15
2664 1084 6 8 11 12 14 16 17
4038 5460 6 8 11 12 14 16 18
2530 4250 5 8 11 12 14 16
2382 1736 7 8 11 13 14 15 16 17
2438 1724 7 8 11 13 14 15 16 17
4234 2198 7 8 11 13 14 15 16 18
2570 2902 6 8 11 13 14 15 17
4520 4186 6 8 11 13 14 15 18
2392 836 5 8 11 13 14 15
2538 4316 6 8 11 13 14 16 17
4488 3370 6 8 11 13 14 16 18
2404 2058 5 8 11 13 14 16
2646 2168 4 8 11 13 14
2280 3492 6 8 11 15 16 17 18
2286 910 6 8 11 15 16 17 18
3258 1784 5 8 11 15 16 17
766 1458 5 8 11 15 16 17
748 3412 5 8 11 15 16 17
2102 2044 5 8 11 15 16 18
2152 2308 5 8 11 15 16 18
1164 3076 4 8 11 15 17
3534 2030 4 8 11 15 17
2654 4926 4 8 11 15 18
980 1762 3 8 11 15
1152 3050 4 8 11 16 17
3484 534 4 8 11 16 17
3500 5056 4 8 11 16 17
2616 3694 4 8 11 16 18
960 4942 3 8 11 16
1500 3244 2 8 11
4372 5312 6 8 12 14 15 16 18
2980 2530 6 8 13 14 15 16 17
2970 3992 6 8 13 14 15 16 17
4822 2088 6 8 13 14 15 16 18
3158 4066 5 8 13 14 15 17
2986 2974 4 8 13 14 15
3126 2538 5 8 13 14 16 17
2992 1252 4 8 13 14 16
3094 2302 5 8 15 16 17 18
1708 2314 4 8 15 16 17
2896 3460 4 8 15 16 18
2124 3282 3 8 15 17
1940 1762 2 8 15
2114 3494 3 8 16 17
1920 3590 2 8 16
2950 2410 7 9 12 14 15 16 17 18
3224 1674 7 9 12 14 15 16 17 18
2934 2894 7 9 12 14 15 16 17 18
3020 2698 6 9 12 14 15 17 18
4362 3390 5 9 12 14 15 17
1568 2224 5 9 12 14 15 17
2962 4128 5 9 12 14 15 18
3216 800 5 9 12 14 15 18
2982 4496 6 9 12 14 16 17 18
1562 3660 5 9 12 14 16 17
4272 2562 5 9 12 14 16 17
6168 2522 5 9 12 14 16 18
5892 4022 5 9 12 14 16 18
2910 2368 5 9 12 14 16 18
1342 3046 3 9 12 14
3384 3258 7 9 13 14 15 16 17 18
3388 3286 7 9 13 14 15 16 17 18
3412 4516 7 9 13 14 15 16 17 18
3460 1306 6 9 13 14 15 17 18
1558 5194 5 9 13 14 15 17
3410 2852 5 9 13 14 15 18
3428 1646 6 9 13 14 16 17 18
1506 1414 5 9 13 14 16 17
3360 2482 5 9 13 14 16 18
1578 3660 4 9 13 14 17
4186 1070 5 9 15 16 17 18
1274 3992 5 9 15 16 17 18
1260 1686 5 9 15 16 17 18
4246 2444 5 9 15 16 17 18
1712 2682 5 9 15 16 17 18
1384 3076 4 9 15 17 18
416 2472 3 9 15 17
1332 4696 3 9 15 18
4276 1114 4 9 16 17 18
1346 4172 4 9 16 17 18
404 872 3 9 16 17
1294 4770 3 9 16 18
782 1034 2 9 17
446 1342 1 9
3270 3094 7 10 12 14 15 16 17 18
3010 3694 7 10 12 14 15 16 17 18
3044 4340 7 10 12 14 15 16 17 18
2996 1458 7 10 12 14 15 16 17 18
3068 3750 6 10 12 14 15 17 18
1624 1138 5 10 12 14 15 17
4452 1064 5 10 12 14 15 17
3264 4086 5 10 12 14 15 18
6226 4886 5 10 12 14 15 18
3008 4236 5 10 12 14 15 18
3030 3032 6 10 12 14 16 17 18
1618 2706 5 10 12 14 16 17
4422 1898 5 10 12 14 16 17
2956 2484 5 10 12 14 16 18
3232 3102 5 10 12 14 16 18
1390 2620 3 10 12 14
3434 2226 7 10 13 14 15 16 17 18
3446 2890 7 10 13 14 15 16 17 18
3434 5166 7 10 13 14 15 16 17 18
3506 2152 6 10 13 14 15 17 18
1604 2430 5 10 13 14 15 17
3458 4216 5 10 13 14 15 18
3474 1554 6 10 13 14 16 17 18
1554 4152 5 10 13 14 16 17
3406 1900 5 10 13 14 16 18
1626 2678 4 10 13 14 17
1760 4542 5 10 15 16 17 18
4270 4056 5 10 15 16 17 18
4278 5244 5 10 15 16 17 18
1306 2748 5 10 15 16 17 18
4340 1280 4 10 15 17 18
1432 3014 4 10 15 17 18
472 1516 3 10 15 17
1378 2876 3 10 15 18
1394 1286 4 10 16 17 18
460 2152 3 10 16 17
1340 4200 3 10 16 18
840 730 2 10 17
478 3968 1 10
3140 2616 7 11 12 14 15 16 17 18
3150 1058 7 11 12 14 15 16 17 18
3222 4574 6 11 12 14 15 17 18
1686 4152 5 11 12 14 15 17
3168 1980 5 11 12 14 15 18
3424 3868 5 11 12 14 15 18
3184 1842 6 11 12 14 16 17 18
1680 3460 5 11 12 14 16 17
4522 1148 5 11 12 14 16 17
3118 4360 5 11 12 14 16 18
3392 2820 5 11 12 14 16 18
1544 5156 3 11 12 14
3588 3538 7 11 13 14 15 16 17 18
3588 2234 7 11 13 14 15 16 17 18
3588 4670 7 11 13 14 15 16 17 18
3660 3140 6 11 13 14 15 17 18
1766 3756 5 11 13 14 15 17
3618 2998 5 11 13 14 15 18
3628 4506 6 11 13 14 16 17 18
1714 2022 5 11 13 14 16 17
3568 2434 5 11 13 14 16 18
1786 3822 4 11 13 14 17
1468 2900 5 11 15 16 17 18
4458 4644 5 11 15 16 17 18
1482 3770 5 11 15 16 17 18
1828 4728 5 11 15 16 17 18
4522 2284 4 11 15 17 18
1740 1190 4 11 15 17 18
534 2210 3 11 15 17
1686 1426 3 11 15 18
1702 2806 4 11 16 17 18
522 2124 3 11 16 17
1648 1568 3 11 16 18
900 1414 2 11 17
334 3976 1 11
3904 3902 6 12 14 15 16 17 18
3518 5892 6 12 14 15 16 17 18
3650 4188 6 12 14 15 16 17 18
1886 1978 5 12 14 15 16 17
1924 2844 5 12 14 15 16 17
3452 1126 5 12 14 15 16 18
6772 532 5 12 14 15 16 18
2062 4300 4 12 14 15 17
1878 4124 3 12 14 15
2030 4612 4 12 14 16 17
1896 4014 3 12 14 16
3962 4576 6 13 14 15 16 17 18
4014 4488 6 13 14 15 16 17 18
2048 5494 5 13 14 15 16 17
3902 2252 5 13 14 15 16 18
2120 2266 4 13 14 15 17
2132 1068 4 13 14 16 17
2006 3776 4 15 16 17 18
1982 2868 4 15 16 17 18
420 3214 3 15 16 17
1928 518 3 15 16 18
800 1672 2 15 17
1174 3850 1 15
806 2562 2 16 17
1152 5190 1 16
1204 3332 1 17
