19 711 
908 4430 1 1
936 2996 3 2 3 4
1502 3890 2 2 3
1442 5150 1 2
902 3174 2 3 4
1470 3280 1 3
3896 3768 5 4 6 9 17 19
3856 5914 5 4 6 10 17 19
4370 1366 4 4 6 15 19
4150 3214 5 4 6 16 17 19
4814 1518 4 4 6 16 19
7330 5678 2 4 6
1158 2868 1 4
4024 4348 5 5 6 8 9 19
3998 5468 5 5 6 8 10 19
4604 3896 5 5 6 9 17 19
4572 3046 5 5 6 10 17 19
438 5096 1 5
438 1228 1 5
3178 2382 4 6 8 9 19
3146 4328 4 6 8 10 19
3752 2368 4 6 9 17 19
3720 2986 4 6 10 17 19
4240 3720 3 6 15 19
4020 3924 4 6 16 17 19
4686 5004 3 6 16 19
4910 3184 5 7 9 13 15 18
5010 3974 5 7 9 13 15 19
4848 3222 5 7 10 13 15 18
4888 7330 5 7 10 13 15 18
4984 4944 5 7 10 13 15 19
3156 4380 5 7 12 13 15 18
3344 2626 5 7 12 13 15 19
3462 4086 4 7 12 13 15
4252 5702 6 7 13 14 15 17 18
4490 872 6 7 13 14 15 17 19
4600 3684 5 7 13 14 15 17
4964 6246 5 7 13 14 15 18
5152 3104 5 7 13 14 15 19
3380 5834 7 7 13 15 16 17 18 19
3290 6096 7 7 13 15 16 17 18 19
3490 4974 6 7 13 15 16 17 18
3638 5444 6 7 13 15 16 17 19
4004 4576 6 7 13 15 16 18 19
2492 3992 4 7 13 15 18
2686 2614 4 7 13 15 19
2524 2594 3 7 13 15
1930 4264 2 7 13
250 6432 2 7 13
406 4800 1 7
406 5156 1 7
4434 3460 7 8 9 11 16 17 18 19
4326 3080 7 8 9 11 16 17 18 19
4992 1902 6 8 9 11 16 18 19
3486 3034 6 8 9 12 16 18 19
3640 3722 6 8 9 12 16 18 19
4994 5190 5 8 9 13 15 18
5096 1424 5 8 9 13 15 19
4828 3882 7 8 9 14 16 17 18 19
4762 2982 7 8 9 14 16 17 18 19
4770 3032 7 8 9 14 16 17 18 19
5476 5304 6 8 9 14 16 18 19
5430 5658 6 8 9 14 16 18 19
5460 5048 5 8 9 15 18 19
5474 1296 5 8 9 15 18 19
5190 2482 6 8 9 16 17 18 19
2294 936 6 8 9 16 17 18 19
2300 2126 6 8 9 16 17 18 19
5298 1492 6 8 9 16 17 18 19
2964 2514 5 8 9 16 18 19
3010 4936 5 8 9 16 18 19
1504 3796 3 8 9 18
1760 2416 3 8 9 19
1606 2580 3 8 9 19
4264 410 7 8 10 11 16 17 18 19
4972 6098 6 8 10 11 16 18 19
4966 4554 6 8 10 11 16 18 19
3464 734 6 8 10 12 16 18 19
3460 4634 6 8 10 12 16 18 19
4934 4614 5 8 10 13 15 18
5068 1114 5 8 10 13 15 19
4754 5060 7 8 10 14 16 17 18 19
4702 3856 7 8 10 14 16 17 18 19
4742 5004 7 8 10 14 16 17 18 19
5414 5772 6 8 10 14 16 18 19
5404 4172 6 8 10 14 16 18 19
5400 2366 5 8 10 15 18 19
5448 4376 5 8 10 15 18 19
5168 4198 6 8 10 16 17 18 19
2322 3890 6 8 10 16 17 18 19
2228 5400 6 8 10 16 17 18 19
2326 1328 6 8 10 16 17 18 19
2268 4234 6 8 10 16 17 18 19
2932 588 5 8 10 16 18 19
5878 4270 5 8 10 16 18 19
2938 3558 5 8 10 16 18 19
1436 2730 3 8 10 18
4376 3012 3 8 10 18
1572 4702 3 8 10 19
2962 3026 6 8 11 12 13 16 18
3110 2874 6 8 11 12 13 16 19
3148 1092 6 8 11 12 16 18 19
3306 3020 5 8 11 12 16 18
3452 2886 5 8 11 12 16 19
4248 3242 7 8 11 13 14 16 17 18
4396 3140 7 8 11 13 14 16 17 19
4724 2436 6 8 11 13 16 17 18
2044 3622 6 8 11 13 16 17 18
4826 4520 6 8 11 13 16 17 19
2078 5158 6 8 11 13 16 17 19
4380 3852 7 8 11 14 16 17 18 19
4380 2932 7 8 11 14 16 17 18 19
4580 2318 6 8 11 14 16 17 18
4728 5428 6 8 11 14 16 17 19
5092 1768 6 8 11 14 16 18 19
1908 2524 6 8 11 16 17 18 19
2126 5614 6 8 11 16 17 18 19
2436 2044 5 8 11 16 17 18
2470 558 5 8 11 16 17 19
2620 1158 5 8 11 16 18 19
2788 3542 5 8 11 16 18 19
2740 2492 7 8 12 13 14 16 17 18
2886 1050 7 8 12 13 14 16 17 19
3400 5388 6 8 12 13 14 16 18
3546 2300 6 8 12 13 14 16 19
3242 4494 5 8 12 13 15 18
3430 4086 5 8 12 13 15 19
3546 2078 4 8 12 13 15
936 4990 5 8 12 13 16 18
1082 3584 5 8 12 13 16 19
2878 3826 7 8 12 14 16 17 18 19
3080 4020 6 8 12 14 16 17 18
3226 5082 6 8 12 14 16 17 19
3584 4434 6 8 12 14 16 18 19
3742 5448 5 8 12 14 16 18
3890 4264 5 8 12 14 16 19
3542 3528 5 8 12 15 18 19
3760 3928 4 8 12 15 18
3848 4802 4 8 12 15 19
1114 4572 5 8 12 16 18 19
1114 1082 5 8 12 16 18 19
1278 1278 4 8 12 16 18
1424 3596 4 8 12 16 19
4336 3912 6 8 13 14 15 17 18
4574 3930 6 8 13 14 15 17 19
4684 2576 5 8 13 14 15 17
5048 3306 5 8 13 14 15 18
5236 2750 5 8 13 14 15 19
2222 2990 6 8 13 14 16 17 18
2368 3464 6 8 13 14 16 17 19
3436 4984 7 8 13 15 16 17 18 19
3478 830 7 8 13 15 16 17 18 19
3374 3110 7 8 13 15 16 17 18 19
3314 972 6 8 13 15 16 17 18
3294 6130 6 8 13 15 16 17 18
3722 4604 6 8 13 15 16 17 19
3442 3006 6 8 13 15 16 17 19
4090 3848 6 8 13 15 16 18 19
2576 3874 4 8 13 15 18
2772 3624 4 8 13 15 19
3020 1300 4 8 13 15 19
2608 1764 3 8 13 15
734 4080 5 8 13 16 17 18
2726 6162 5 8 13 16 17 18
2708 3206 5 8 13 16 17 18
768 5500 5 8 13 16 17 19
2874 5474 5 8 13 16 17 19
254 7126 2 8 13
4802 5696 6 8 14 15 17 18 19
5062 584 5 8 14 15 17 18
5150 4972 5 8 14 15 17 19
5514 5084 5 8 14 15 18 19
5246 3760 6 8 14 16 17 18 19
2346 3692 6 8 14 16 17 18 19
5386 2700 6 8 14 16 17 18 19
2546 1806 5 8 14 16 17 18
2694 4548 5 8 14 16 17 19
3058 3772 5 8 14 16 18 19
3778 1492 6 8 15 16 17 18 19
3768 5514 6 8 15 16 17 18 19
4434 5990 5 8 15 16 18 19
3042 486 4 8 15 18 19
2986 4130 3 8 15 18
3074 5724 3 8 15 19
2772 4714 5 8 16 17 18 19
2916 3010 5 8 16 17 18 19
584 3854 5 8 16 17 18 19
1146 2024 4 8 16 17 18
1178 2608 4 8 16 17 19
1300 3146 4 8 16 18 19
180 4724 2 8 18
222 4650 2 8 19
486 3766 1 8
5080 2962 4 9 11 12 18
5182 6042 4 9 11 12 19
6328 238 5 9 11 14 17 18
6312 3558 5 9 11 14 17 18
6422 2104 5 9 11 14 17 18
6464 3314 5 9 11 14 17 19
6470 3462 5 9 11 14 17 19
7026 4018 4 9 11 14 18
7126 4628 4 9 11 14 19
5076 4052 6 9 11 16 17 18 19
5016 4994 6 9 11 16 17 18 19
5454 4756 6 9 11 16 17 18 19
5012 3058 6 9 11 16 17 18 19
5352 5686 6 9 11 16 17 18 19
5678 5082 5 9 11 16 18 19
5834 4244 5 9 11 16 18 19
5724 4662 5 9 11 16 18 19
3848 2346 4 9 11 17 18
6912 4410 4 9 11 17 18
4000 2942 4 9 11 17 19
4204 5404 4 9 11 17 19
4560 3444 3 9 11 18
4662 3188 3 9 11 19
3106 3426 6 9 12 13 15 17 18
3208 2028 6 9 12 13 15 17 19
2938 3812 5 9 12 13 15 18
3040 842 5 9 12 13 15 19
4800 5460 5 9 12 14 17 18
5176 3232 5 9 12 14 17 19
4950 4024 5 9 12 14 17 19
5512 2808 4 9 12 14 18
5614 2448 4 9 12 14 19
3558 3630 6 9 12 15 17 18 19
3712 2620 6 9 12 15 17 18 19
3714 2524 5 9 12 15 18 19
3854 3640 5 9 12 15 18 19
3528 4496 4 9 12 15 18
3630 5456 4 9 12 15 19
3832 3486 6 9 12 16 17 18 19
4328 3186 5 9 12 16 18 19
4172 4170 5 9 12 16 18 19
3034 406 3 9 12 18
3136 4104 3 9 12 19
4198 1442 6 9 13 14 15 17 18
4212 1960 6 9 13 14 15 17 18
4348 3998 6 9 13 14 15 17 19
4554 3380 6 9 13 14 15 17 19
4910 1178 5 9 13 14 15 18
5010 2540 5 9 13 14 15 19
3236 4212 7 9 13 15 16 17 18 19
3240 3714 7 9 13 15 16 17 18 19
3906 4934 6 9 13 15 16 18 19
2716 1908 5 9 13 15 17 18
2606 3442 5 9 13 15 17 18
5764 2972 5 9 13 15 17 19
2708 1796 5 9 13 15 17 19
2444 4646 4 9 13 15 18
2546 5236 4 9 13 15 19
5084 5514 6 9 14 15 17 18 19
5018 3914 6 9 14 15 17 18 19
5004 4396 6 9 14 15 17 18 19
4788 3240 5 9 14 15 17 18
4940 5156 5 9 14 15 17 19
5840 3236 5 9 14 15 18 19
5686 196 5 9 14 15 18 19
5500 628 4 9 14 15 18
5602 5580 4 9 14 15 19
5514 4316 6 9 14 16 17 18 19
5454 3798 6 9 14 16 17 18 19
6170 2946 6 9 14 16 17 18 19
5612 3580 6 9 14 16 17 18 19
5456 2686 6 9 14 16 17 18 19
5450 4252 6 9 14 16 17 18 19
6116 3652 5 9 14 16 18 19
6162 2938 5 9 14 16 18 19
4548 1538 4 9 14 17 18
4650 5076 4 9 14 17 19
3890 4788 6 9 15 16 17 18 19
3826 3806 6 9 15 16 17 18 19
3936 5440 6 9 15 16 17 18 19
4496 2914 5 9 15 16 18 19
3214 3194 5 9 15 17 18 19
3140 3112 5 9 15 17 18 19
3058 3224 5 9 15 17 18 19
3376 6170 4 9 15 18 19
3222 2652 4 9 15 18 19
3036 3752 3 9 15 18
3144 4796 3 9 15 18
3292 3870 3 9 15 19
3136 4426 3 9 15 19
3046 1754 5 9 16 17 18 19
2986 3792 5 9 16 17 18 19
2982 6422 5 9 16 17 18 19
6030 2974 5 9 16 17 18 19
2996 3136 5 9 16 17 18 19
3652 4370 4 9 16 18 19
3806 3758 4 9 16 18 19
2028 7094 3 9 17 18
2180 2870 3 9 17 19
2334 4326 3 9 17 19
198 6464 2 9 18
238 4464 2 9 19
588 3024 1 9
5014 4642 4 10 11 12 18
5150 2976 4 10 11 12 19
6246 4770 5 10 11 14 17 18
6300 3638 5 10 11 14 17 18
6442 3848 5 10 11 14 17 19
6432 3058 5 10 11 14 17 19
6958 438 4 10 11 14 18
7094 4720 4 10 11 14 19
4952 3082 6 10 11 16 17 18 19
5004 5612 6 10 11 16 17 18 19
5324 1470 6 10 11 16 17 18 19
4990 5122 6 10 11 16 17 18 19
4990 3832 6 10 11 16 17 18 19
5702 5096 5 10 11 16 18 19
5652 3114 5 10 11 16 18 19
5658 3804 5 10 11 16 18 19
3834 2034 4 10 11 17 18
3780 4462 4 10 11 17 18
4022 2588 4 10 11 17 19
3966 2848 4 10 11 17 19
4494 1400 3 10 11 18
4628 3478 3 10 11 19
4634 2130 3 10 11 19
3038 4490 6 10 12 13 15 17 18
3174 3278 6 10 12 13 15 17 19
2870 902 5 10 12 13 15 18
3006 4964 5 10 12 13 15 19
4732 5476 5 10 12 14 17 18
4918 1450 5 10 12 14 17 19
4974 3008 5 10 12 14 17 19
5444 3546 4 10 12 14 18
5580 2054 4 10 12 14 19
3524 908 6 10 12 15 17 18 19
3572 4442 6 10 12 15 17 18 19
3694 4312 5 10 12 15 18 19
3684 4762 5 10 12 15 18 19
3460 2804 4 10 12 15 18
3596 4134 4 10 12 15 19
3764 2620 6 10 12 16 17 18 19
3804 4754 6 10 12 16 17 18 19
4146 2632 5 10 12 16 18 19
4156 1836 5 10 12 16 18 19
4152 2322 5 10 12 16 18 19
2974 2128 3 10 12 18
3110 898 3 10 12 19
4170 4742 6 10 13 14 15 17 18
4130 3036 6 10 13 14 15 17 18
4376 4874 6 10 13 14 15 17 19
4316 3430 6 10 13 14 15 17 19
4842 3936 5 10 13 14 15 18
4978 1572 5 10 13 14 15 19
3206 2152 7 10 13 15 16 17 18 19
3168 2146 7 10 13 15 16 17 18 19
3266 2878 7 10 13 15 16 17 18 19
3878 1786 6 10 13 15 16 18 19
3872 2072 6 10 13 15 16 18 19
2540 4150 5 10 13 15 17 18
2580 2130 5 10 13 15 17 18
2680 1080 5 10 13 15 17 19
2674 180 5 10 13 15 17 19
5318 4600 4 10 13 15 18
2378 4910 4 10 13 15 18
2514 3074 4 10 13 15 19
2518 3828 4 10 13 15 19
4944 2938 6 10 14 15 17 18 19
4984 5972 6 10 14 15 17 18 19
4720 5246 5 10 14 15 17 18
4906 4380 5 10 14 15 17 19
4962 4842 5 10 14 15 17 19
5656 5454 5 10 14 15 18 19
5696 2278 5 10 14 15 18 19
5432 6028 4 10 14 15 18
5568 5298 4 10 14 15 19
5428 1532 6 10 14 16 17 18 19
5388 1210 6 10 14 16 17 18 19
5440 1234 6 10 14 16 17 18 19
6096 2772 5 10 14 16 18 19
6090 3966 5 10 14 16 18 19
4480 2370 4 10 14 17 18
4616 5110 4 10 14 17 19
3758 2968 6 10 15 16 17 18 19
3852 5010 6 10 15 16 17 18 19
3812 4230 6 10 15 16 17 18 19
4462 4140 5 10 15 16 18 19
3026 4368 5 10 15 17 18 19
3112 2326 5 10 15 17 18 19
5972 1686 5 10 15 17 18 19
3188 6470 4 10 15 18 19
3184 438 4 10 15 18 19
2968 1180 3 10 15 18
3104 5986 3 10 15 19
2914 3314 5 10 16 17 18 19
5914 3462 5 10 16 17 18 19
2954 2630 5 10 16 17 18 19
3012 5430 5 10 16 17 18 19
5860 2228 5 10 16 17 18 19
3008 5602 5 10 16 17 18 19
3618 3144 4 10 16 18 19
3624 2616 4 10 16 18 19
1960 250 3 10 17 18
2146 5010 3 10 17 19
196 1780 2 10 18
224 1310 2 10 19
548 3744 1 10
4646 5152 5 11 12 13 14 17
4426 1074 5 11 12 13 14 17
5096 4648 4 11 12 13 14
3314 4940 6 11 12 13 16 17 18
3280 3920 6 11 12 13 16 17 18
3462 1436 6 11 12 13 16 17 19
3648 254 5 11 12 13 16 18
3796 5512 5 11 12 13 16 19
2626 3380 3 11 12 13
4410 3108 5 11 12 14 17 18
4422 4732 5 11 12 14 17 18
4874 3136 5 11 12 14 17 19
4648 3110 5 11 12 14 17 19
4756 6312 4 11 12 14 17
5122 2378 4 11 12 14 18
5310 3560 4 11 12 14 19
5440 4398 3 11 12 14
3454 3648 6 11 12 16 17 18 19
3444 3056 6 11 12 16 17 18 19
3622 1622 5 11 12 16 17 18
3792 4952 5 11 12 16 17 19
3828 3872 5 11 12 16 18 19
3874 2276 5 11 12 16 18 19
3992 4910 4 11 12 16 18
4138 2796 4 11 12 16 19
2664 1572 3 11 12 18
2852 3618 3 11 12 19
2968 6958 2 11 12
3806 2606 6 11 13 14 15 17 18
4052 3460 6 11 13 14 15 17 19
4162 6114 5 11 13 14 15 17
4520 5840 5 11 13 14 15 18
4714 4966 5 11 13 14 15 19
4936 5068 6 11 13 14 16 17 18
5082 1564 6 11 13 14 16 17 19
5082 4152 6 11 13 14 16 17 19
3912 4150 4 11 13 14 17
2848 1612 7 11 13 15 16 17 18 19
2946 3324 7 11 13 15 16 17 18 19
3056 4560 6 11 13 15 16 17 18
3202 5014 6 11 13 15 16 17 19
3560 4906 6 11 13 15 16 18 19
4964 1248 5 11 13 15 17 18
5158 616 5 11 13 15 17 19
4994 2478 4 11 13 15 17
5990 1712 4 11 13 15 18
6076 3054 4 11 13 15 19
2470 3292 5 11 13 16 17 18
2804 5080 5 11 13 16 17 18
2618 2664 5 11 13 16 17 19
4420 5436 3 11 13 17
1754 2218 3 11 13 17
4614 7026 6 11 14 15 17 18 19
4398 4814 5 11 14 15 17 18
4642 2818 5 11 14 15 17 19
4752 4728 4 11 14 15 17
5326 4162 5 11 14 15 18 19
5110 3094 4 11 14 15 18
5304 406 4 11 14 15 19
5156 4588 6 11 14 16 17 18 19
5060 3344 6 11 14 16 17 18 19
5156 198 6 11 14 16 17 18 19
5060 5878 6 11 14 16 17 18 19
5112 716 6 11 14 16 17 18 19
5114 3694 6 11 14 16 17 18 19
5458 3456 6 11 14 16 17 18 19
5606 2916 5 11 14 16 17 18
5266 3106 5 11 14 16 17 18
5414 222 5 11 14 16 17 19
5414 2852 5 11 14 16 17 19
6114 2074 5 11 14 16 18 19
5772 3834 5 11 14 16 18 19
5772 4004 5 11 14 16 18 19
3896 2086 4 11 14 17 18
3952 1666 4 11 14 17 18
4140 3998 4 11 14 17 19
4134 3494 4 11 14 17 19
4244 2954 3 11 14 17
4608 2180 3 11 14 18
4796 836 3 11 14 19
3536 3878 6 11 15 16 17 18 19
3438 5310 6 11 15 16 17 18 19
3772 4994 5 11 15 16 17 18
3920 2492 5 11 15 16 17 19
4150 3202 5 11 15 16 18 19
5436 4608 5 11 15 17 18 19
5330 2692 4 11 15 17 18
5468 3572 4 11 15 17 19
6098 1502 4 11 15 18 19
6042 4990 3 11 15 18
6130 1206 3 11 15 19
2692 5772 5 11 16 17 18 19
3024 5018 5 11 16 17 18 19
2594 5414 5 11 16 17 18 19
2796 5652 4 11 16 17 18
3194 3574 4 11 16 17 18
2942 5168 4 11 16 17 19
3650 1504 4 11 16 18 19
3306 3638 4 11 16 18 19
3354 4480 4 11 16 18 19
1564 1530 3 11 17 18
1836 5182 3 11 17 19
2146 2964 2 11 17
2276 5454 2 11 18
2498 5450 2 11 19
3494 3040 6 12 13 14 15 17 18
2278 5352 6 12 13 14 15 17 18
2976 1330 6 12 13 14 15 17 18
2524 2570 6 12 13 14 15 17 19
3108 4550 6 12 13 14 15 17 19
2632 5862 5 12 13 14 15 17
2990 224 5 12 13 14 15 18
3656 2726 5 12 13 14 15 18
3186 5092 5 12 13 14 15 19
3324 4398 4 12 13 14 15
3426 5060 6 12 13 14 16 17 18
3924 5414 6 12 13 14 16 17 18
3574 2222 6 12 13 14 16 17 19
4086 5318 5 12 13 14 16 18
4234 1016 5 12 13 14 16 19
2398 4686 4 12 13 14 17
2570 3266 7 12 13 15 16 17 18 19
1310 3042 7 12 13 15 16 17 18 19
2222 2498 7 12 13 15 16 17 18 19
1518 4240 6 12 13 15 16 17 18
1666 2968 6 12 13 15 16 17 19
2054 4248 6 12 13 15 16 18 19
2074 1146 6 12 13 15 16 18 19
2026 3764 6 12 13 15 16 18 19
2218 5112 5 12 13 15 16 18
2366 1430 5 12 13 15 16 19
716 2708 5 12 13 15 17 18
876 3282 5 12 13 15 17 19
1330 2956 5 12 13 15 17 19
1180 912 4 12 13 15 17
520 2908 4 12 13 15 18
4270 1742 4 12 13 15 19
714 3568 4 12 13 15 19
1532 1998 3 12 13 15
972 1414 3 12 13 15
1384 3306 5 12 13 16 17 18
4398 3778 5 12 13 16 17 18
4550 4604 5 12 13 16 17 19
1430 2618 5 12 13 16 17 19
1622 2644 4 12 13 16 18
1768 3912 4 12 13 16 19
912 3394 2 12 13
3692 2294 6 12 14 15 17 18 19
3086 2218 6 12 14 15 17 18 19
2868 4888 5 12 14 15 17 18
3114 3436 5 12 14 15 17 19
4018 3656 5 12 14 15 17 19
3224 4434 4 12 14 15 17
3860 5326 5 12 14 15 18 19
3798 876 5 12 14 15 18 19
3580 6300 4 12 14 15 18
3998 3354 4 12 14 15 18
3776 2222 4 12 14 15 19
3914 3980 3 12 14 15
3930 5062 6 12 14 16 17 18 19
3604 3952 6 12 14 16 17 18 19
3974 3290 6 12 14 16 17 18 19
3558 2694 6 12 14 16 17 18 19
4164 714 6 12 14 16 17 18 19
3882 1958 6 12 14 16 17 18 19
3766 2470 5 12 14 16 17 18
4086 2398 5 12 14 16 17 18
4464 4204 5 12 14 16 17 19
4230 3860 5 12 14 16 17 19
3912 4826 5 12 14 16 17 19
4264 4336 5 12 14 16 18 19
4312 2444 5 12 14 16 18 19
4430 3376 4 12 14 16 18
4576 1800 4 12 14 16 19
2382 2546 4 12 14 17 18
2652 3524 4 12 14 17 18
2620 5656 4 12 14 17 19
2730 1368 3 12 14 17
3094 3896 3 12 14 18
3282 4580 3 12 14 19
1902 3374 6 12 15 16 17 18 19
2086 1228 6 12 15 16 17 18 19
2416 2686 5 12 15 16 17 18
2448 3038 5 12 15 16 17 19
2616 3604 5 12 15 16 18 19
2644 4848 5 12 15 16 18 19
2808 2772 4 12 15 16 18
2956 3650 4 12 15 16 19
1228 2708 5 12 15 17 18 19
1248 5568 5 12 15 17 18 19
1530 2986 4 12 15 17 18
1712 2518 4 12 15 17 19
4680 768 4 12 15 18 19
1328 4752 4 12 15 18 19
1450 3454 3 12 15 18
1492 548 3 12 15 19
4604 3906 3 12 15 19
1916 5150 2 12 15
1414 4964 5 12 16 17 18 19
1684 4950 5 12 16 17 18 19
4368 5568 5 12 16 17 18 19
1796 4138 4 12 16 17 18
1998 2680 4 12 16 17 19
1830 1760 4 12 16 17 19
2130 1946 4 12 16 18 19
1800 4116 4 12 16 18 19
1958 3178 3 12 16 18
2104 1414 3 12 16 19
830 920 2 12 18
872 3452 2 12 19
1296 934 1 12
3282 6442 7 13 14 15 16 17 18 19
3380 4228 7 13 14 15 16 17 18 19
3980 2716 7 13 14 15 16 17 18 19
3490 6328 6 13 14 15 16 17 18
3640 5266 6 13 14 15 16 17 19
3638 4574 6 13 14 15 16 17 19
3998 3226 6 13 14 15 16 18 19
5978 3998 5 13 14 15 17 18
2478 4146 5 13 14 15 17 18
1780 2268 5 13 14 15 17 18
2024 4422 5 13 14 15 17 19
2848 5176 5 13 14 15 17 19
2128 2146 4 13 14 15 17
5366 5016 4 13 14 15 17
2492 6912 4 13 14 15 18
2686 1684 4 13 14 15 19
5862 6116 5 13 14 16 17 18
2908 5386 5 13 14 16 17 18
6028 936 5 13 14 16 17 19
3054 3806 5 13 14 16 17 19
3712 4164 6 13 15 16 17 18 19
2016 1830 6 13 15 16 17 18 19
1092 520 6 13 15 16 17 18 19
3870 1606 6 13 15 16 17 18 19
4442 4376 6 13 15 16 17 18 19
4116 3640 6 13 15 16 17 18 19
1742 4962 6 13 15 16 17 18 19
1210 3966 6 13 15 16 17 18 19
2072 5978 5 13 15 16 17 18
1538 4992 5 13 15 16 17 18
3966 4984 5 13 15 16 17 18
2218 2848 5 13 15 16 17 19
1686 3776 5 13 15 16 17 19
1806 5330 5 13 15 16 18 19
6430 3636 4 13 15 17 18
836 4918 4 13 15 17 18
3456 3156 4 13 15 17 18
1050 3300 4 13 15 17 19
1414 5432 3 13 15 17
628 3632 3 13 15 18
1234 5440 3 13 15 18
1366 2546 3 13 15 19
842 4000 3 13 15 19
1206 3712 2 13 15
3568 3400 2 13 15
934 2026 4 13 16 17 18
3394 3490 4 13 16 17 18
1080 3208 4 13 16 17 19
446 3086 2 13 17
558 2016 1 13
3928 2740 6 14 15 16 17 18 19
3872 3872 6 14 15 16 17 18 19
4080 1916 5 14 15 16 17 18
4228 2334 5 14 15 16 17 19
4588 4420 5 14 15 16 18 19
2700 5114 5 14 15 17 18 19
2588 1384 5 14 15 17 18 19
2802 5764 4 14 15 17 18
2370 3168 4 14 15 17 18
5568 5324 4 14 15 17 19
2614 3742 4 14 15 17 19
2972 1930 3 14 15 17
3300 5414 4 14 15 18 19
3082 1114 3 14 15 18
3278 4454 3 14 15 19
3632 3282 5 14 16 17 18 19
5986 4684 5 14 16 17 18 19
3032 3380 5 14 16 17 18 19
3636 3536 5 14 16 17 18 19
3232 2148 4 14 16 17 18
3380 5012 4 14 16 17 19
3744 2788 4 14 16 18 19
2130 6430 3 14 17 18
2318 5366 3 14 17 19
2152 6076 5 15 16 17 18 19
4454 3294 5 15 16 17 18 19
2034 4978 5 15 16 17 18 19
2482 5458 4 15 16 17 18
2630 2470 4 15 16 17 19
2750 3780 4 15 16 18 19
2818 4022 4 15 16 18 19
1368 4616 4 15 17 18 19
1400 3438 4 15 17 18 19
1764 3148 3 15 17 18
1946 2802 3 15 17 19
1228 1344 3 15 18 19
1572 5606 2 15 18
1786 4680 2 15 19
2148 3712 1 15
898 2674 4 16 17 18 19
1016 5860 4 16 17 18 19
4104 6090 4 16 17 18 19
1494 3490 4 16 17 18 19
1344 4156 3 16 17 18
1492 6030 3 16 17 19
1612 446 3 16 18 19
410 4828 2 17 18
616 3546 2 17 19
920 1494 1 18
1074 4090 1 19
