17 197 
2259 6495 5 1 3 4 8 10
3309 1776 4 1 3 4 11
4497 3309 3 1 3 4
4965 5100 4 1 4 9 11
5961 2664 3 1 4 9
768 4611 2 1 4
3915 4368 2 1 4
3417 2091 2 1 8
4752 3417 3 2 5 11
5454 6477 5 2 6 11 13 17
2112 5796 3 2 7 11
3675 4884 2 2 7
5943 4995 5 2 11 13 14 17
5247 3477 4 2 11 13 17
5298 5595 4 2 11 14 15
4542 3486 3 2 11 14
5484 2541 3 2 11 15
3810 2445 2 2 11
5385 4707 1 2
4140 5046 4 3 5 8 10
5199 5988 3 3 5 11
4809 3915 6 3 6 8 10 13 17
5868 6261 5 3 6 11 13 17
5796 3048 4 3 7 8 10
5307 2820 6 3 8 10 13 14 17
6252 4080 6 3 8 10 13 15 17
4611 3912 5 3 8 10 13 17
4662 2451 5 3 8 10 14 15
3897 4788 4 3 8 10 14
2862 5508 3 3 8 10
6357 5133 5 3 11 13 14 17
5661 4746 4 3 11 13 17
5712 5307 4 3 11 14 15
4956 4809 3 3 11 14
3912 6585 2 3 11
5100 6423 1 3
4767 3918 5 4 5 10 12 16
3822 5961 5 4 5 10 16 17
4047 5712 3 4 5 10
5661 5484 3 4 9 10
5562 4296 5 4 10 12 13 14
4548 4047 5 4 10 12 14 16
6261 3822 5 4 10 12 15 16
4767 5247 5 4 10 13 14 17
6507 5877 5 4 10 13 15 17
4608 5079 4 4 10 14 15
3603 2601 5 4 10 14 16 17
3357 4869 3 4 10 14
5316 4797 5 4 10 15 16 17
4746 6090 3 4 10 15
2820 5958 2 4 10
6345 4563 4 5 7 12 16
6090 1272 4 5 7 16 17
4239 4752 5 5 8 10 12 16
5739 4767 5 5 8 10 16 17
3294 768 5 5 8 10 16 17
3507 1158 3 5 8 10
6525 5661 5 5 12 13 16 17
1833 3546 3 5 12 16
5268 6357 3 5 12 16
1158 5298 3 5 16 17
1158 2325 3 5 16 17
1272 3975 1 5
6423 4548 5 6 7 9 13 17
6141 4662 6 6 7 12 13 16 17
6375 4239 5 6 9 11 12 16
5958 3699 5 6 9 11 13 17
5421 5418 5 6 9 11 16 17
5667 4239 3 6 9 11
5079 3810 5 6 9 13 15 17
3477 3831 4 6 9 13 17
6426 5454 4 6 9 16 17
6495 5637 6 6 11 12 13 16 17
3918 3282 7 6 12 13 14 15 16 17
4077 1833 6 6 12 13 15 16 17
2700 3933 5 6 12 13 16 17
2445 2529 3 6 12 13
5313 3675 3 6 12 16
2727 5901 5 6 13 14 15 17
2661 6345 4 6 13 15 17
2301 204 3 6 13 17
4368 4626 3 6 16 17
1569 5199 1 6
4563 5412 5 7 9 11 12 16
4599 165 4 7 9 11 15
3606 5697 5 7 9 11 16 17
3831 4956 3 7 9 11
5559 5730 4 7 9 12 16
6225 5787 4 7 9 13 17
5508 4608 3 7 9 14
5595 1569 3 7 9 15
4614 3357 4 7 9 16 17
4836 2913 2 7 9
5901 2661 5 7 12 13 14 15
6477 2466 6 7 12 13 15 16 17
6078 2646 4 7 12 13 15
4887 5901 5 7 12 14 15 16
6123 2820 4 7 12 14 16
5040 2259 4 7 12 15 16
3486 5544 3 7 12 16
5100 4017 5 7 13 14 15 17
5286 3075 4 7 13 15 17
3933 5979 5 7 14 15 16 17
3699 5421 3 7 14 15
5868 5286 4 7 14 16 17
4095 6525 4 7 15 16 17
3522 6078 2 7 15
2541 3333 3 7 16 17
204 4887 1 7
4995 4473 4 8 9 10 14
5133 5571 3 8 9 10
6585 5760 6 8 10 12 13 14 15
5418 5313 7 8 10 12 13 14 16 17
5031 5040 5 8 10 12 13 14
5571 5814 6 8 10 12 14 15 16
4017 4893 5 8 10 12 14 16
5730 4095 5 8 10 12 15 16
5478 2829 6 8 10 13 14 15 17
5841 4077 6 8 10 13 14 15 17
4239 3720 5 8 10 13 14 17
5979 5868 5 8 10 13 15 17
4626 156 6 8 10 14 15 16 17
4080 2988 4 8 10 14 15
3075 2301 5 8 10 14 16 17
2829 2685 3 8 10 14
4788 5661 5 8 10 15 16 17
4215 3522 3 8 10 15
5544 5739 4 8 10 16 17
165 5595 2 8 10
5901 5478 4 9 11 12 16
5760 6303 4 9 11 13 17
5046 5667 3 9 11 14
5988 4956 3 9 11 15
4956 6375 4 9 11 16 17
1608 4614 2 9 11
5214 4542 2 9 11
3975 3603 4 9 13 14 17
4884 2565 4 9 13 15 17
3282 5868 3 9 13 17
3333 6291 3 9 14 15
3333 4044 3 9 14 15
2565 2724 2 9 14
3519 4458 2 9 15
5373 2109 3 9 16 17
2913 5268 1 9
5637 1158 5 11 12 13 16 17
5250 3174 3 11 12 13
5661 5841 5 11 12 14 15 16
6456 6252 4 11 12 14 16
5814 2280 4 11 12 15 16
4212 5373 3 11 12 16
5874 3606 5 11 13 14 15 17
5697 3519 4 11 13 15 17
4458 4215 3 11 13 17
4707 6507 5 11 14 15 16 17
4473 3507 3 11 14 15
6201 2862 4 11 14 16 17
4869 6456 4 11 15 16 17
4296 6123 2 11 15
3267 2727 3 11 16 17
156 3375 1 11
3720 6426 6 12 13 14 15 16 17
3360 4497 4 12 13 14 15
6303 1608 5 12 13 14 16 17
2988 5100 5 12 13 14 16 17
2601 3360 3 12 13 14
3870 5661 5 12 13 15 16 17
3546 1818 3 12 13 15
2724 6201 4 12 13 16 17
2466 4767 2 12 13
3174 4767 4 12 14 15 16
2646 5385 4 12 14 15 16
1818 5562 3 12 14 16
5877 3870 3 12 14 16
3375 3333 3 12 15 16
4893 5250 2 12 16
2664 948 2 12 16
2529 5913 4 13 14 15 17
3048 5874 4 13 14 15 17
2280 4140 3 13 14 17
2685 6225 3 13 15 17
2325 1263 2 13 17
6291 6141 4 14 15 16 17
5595 5943 4 14 15 16 17
5787 4599 4 14 15 16 17
2091 5316 4 14 15 16 17
5913 5559 4 14 15 16 17
1776 3267 2 14 15
4767 3294 3 14 16 17
1263 4212 3 14 16 17
948 5031 1 14
2820 2700 3 15 16 17
5412 3897 3 15 16 17
2451 2112 1 15
4044 4836 2 16 17
2109 5214 2 16 17
4797 4965 2 16 17
