24 853 
4917 2952 8 1 6 7 9 17 18 23 24
4941 2541 8 1 6 7 9 17 19 23 24
4914 975 4 1 6 7 9
5361 3360 7 1 6 7 12 17 21 23
4650 3831 7 1 6 7 13 17 23 24
4695 2745 7 1 6 7 14 17 23 24
4776 5238 7 1 6 7 15 17 23 24
5151 807 7 1 6 7 16 17 23 24
4554 3987 6 1 6 7 17 23 24
4506 4956 6 1 6 7 17 23 24
4200 882 4 1 6 7 17
4911 2493 3 1 6 7
14259 351 1 1
4704 3399 6 2 4 9 12 21 22
5115 711 6 2 4 9 12 21 22
5064 3360 5 2 4 9 12 21
3366 2871 6 2 4 9 13 22 24
4221 2058 5 2 4 9 13 24
3411 4917 6 2 4 9 14 22 24
4266 1809 5 2 4 9 14 24
3474 915 6 2 4 9 15 22 24
4347 411 5 2 4 9 15 24
3849 2868 6 2 4 9 16 22 24
4722 4227 5 2 4 9 16 24
4296 4749 6 2 4 9 20 22 24
5151 4185 5 2 4 9 20 24
4260 4560 5 2 4 9 22 24
3270 681 5 2 4 9 22 24
4203 1569 4 2 4 9 24
4143 3342 4 2 4 9 24
5088 4185 5 2 4 12 21 22
3750 2310 5 2 4 13 22 24
4605 4680 4 2 4 13 24
3795 2967 5 2 4 14 22 24
4650 2967 4 2 4 14 24
3858 2076 5 2 4 15 22 24
4731 3210 4 2 4 15 24
4233 5097 5 2 4 16 22 24
5106 1056 4 2 4 16 24
4680 1569 5 2 4 20 22 24
3654 3858 4 2 4 22 24
4527 3321 3 2 4 24
14298 3603 1 2
4653 3681 6 3 5 9 12 21 22
5064 3858 6 3 5 9 12 21 22
5037 4605 5 3 5 9 12 21
3315 1626 6 3 5 9 13 22 24
4170 2976 5 3 5 9 13 24
3360 2709 6 3 5 9 14 22 24
4215 1035 5 3 5 9 14 24
3423 2871 6 3 5 9 15 22 24
4296 4308 5 3 5 9 15 24
3798 2580 6 3 5 9 16 22 24
4671 2268 5 3 5 9 16 24
4245 894 6 3 5 9 20 22 24
5100 3702 5 3 5 9 20 24
4209 2658 5 3 5 9 22 24
3219 2412 5 3 5 9 22 24
4092 2475 4 3 5 9 24
4176 3054 4 3 5 9 24
5007 2397 5 3 5 12 21 22
3666 4704 5 3 5 13 22 24
4521 927 4 3 5 13 24
3711 4068 5 3 5 14 22 24
4566 1713 4 3 5 14 24
3774 2037 5 3 5 15 22 24
4650 2442 4 3 5 15 24
4149 5193 5 3 5 16 22 24
5025 807 4 3 5 16 24
4596 3393 5 3 5 20 22 24
3564 726 4 3 5 22 24
4437 2037 3 3 5 24
14283 1137 1 3
14226 627 1 4
14235 14169 1 5
4596 903 8 6 7 8 9 11 18 20 24
4617 2814 8 6 7 8 9 11 19 20 24
5046 3216 7 6 7 8 11 12 20 21
5361 3294 7 6 7 8 11 12 20 21
4395 2247 6 6 7 8 11 12 21
4023 5157 7 6 7 8 11 13 20 24
5523 2871 7 6 7 8 11 13 22 24
4068 4215 7 6 7 8 11 14 20 24
4131 3378 7 6 7 8 11 15 20 24
4506 2520 7 6 7 8 11 16 20 24
4191 4101 6 6 7 8 11 20 24
3927 2871 6 6 7 8 11 20 24
4188 2562 4 6 7 8 12
5133 3282 6 6 7 9 10 12 21
4653 4632 7 6 7 9 10 17 18 24
4677 2187 7 6 7 9 10 17 19 24
4278 3054 5 6 7 9 10 24
3705 4248 8 6 7 9 12 17 18 21 23
3726 3711 8 6 7 9 12 17 19 21 23
5295 2835 7 6 7 9 12 17 21 23
5052 2769 7 6 7 9 12 18 21 23
5076 681 7 6 7 9 12 19 21 23
4599 4269 8 6 7 9 17 18 19 23 24
4599 3306 8 6 7 9 17 18 19 23 24
4599 3297 8 6 7 9 17 18 19 23 24
2847 2916 7 6 7 9 17 18 23 24
2871 2544 7 6 7 9 17 19 23 24
4440 4341 6 6 7 9 17 23 24
4197 5115 6 6 7 9 18 23 24
4218 2139 6 6 7 9 19 23 24
2844 2139 3 6 7 9
5097 1734 6 6 7 10 12 17 21
4242 2736 5 6 7 10 17 24
3657 3981 8 6 7 11 17 20 21 23 24
5157 3786 8 6 7 11 17 21 22 23 24
5004 3021 7 6 7 11 20 21 23 24
4023 4221 7 6 7 12 13 17 21 23
5370 4653 6 6 7 12 13 21 23
4068 1947 7 6 7 12 14 17 21 23
5415 2061 6 6 7 12 14 21 23
4149 3090 7 6 7 12 15 17 21 23
4524 4437 7 6 7 12 16 17 21 23
5019 3444 7 6 7 12 17 18 21 23
5043 2415 7 6 7 12 17 19 21 23
4953 2586 7 6 7 12 17 20 21 23
3927 3426 6 6 7 12 17 21 23
3300 2109 6 6 7 12 17 21 23
4647 4506 5 6 7 12 21 23
2709 3705 7 6 7 13 14 17 23 24
4056 2775 6 6 7 13 14 23 24
2790 4338 7 6 7 13 15 17 23 24
4140 2574 6 6 7 13 15 23 24
3165 5361 7 6 7 13 16 17 23 24
4515 3765 6 6 7 13 16 23 24
3594 2064 7 6 7 13 17 20 23 24
5052 2229 7 6 7 13 17 22 23 24
2586 660 6 6 7 13 17 23 24
4941 2370 6 6 7 13 20 23 24
3936 4515 5 6 7 13 23 24
2835 5247 7 6 7 14 15 17 23 24
4185 2388 6 6 7 14 15 23 24
3210 1134 7 6 7 14 16 17 23 24
4560 3102 6 6 7 14 16 23 24
3639 951 7 6 7 14 17 20 23 24
5097 3366 7 6 7 14 17 22 23 24
2631 2325 6 6 7 14 17 23 24
4986 2037 6 6 7 14 20 23 24
3981 1491 5 6 7 14 23 24
3294 4197 7 6 7 15 16 17 23 24
4641 3681 6 6 7 15 16 23 24
3720 2058 7 6 7 15 17 20 23 24
5160 807 7 6 7 15 17 22 23 24
2715 4296 6 6 7 15 17 23 24
5070 3336 6 6 7 15 20 23 24
4062 903 5 6 7 15 23 24
4095 5097 7 6 7 16 17 20 23 24
3090 3504 6 6 7 16 17 23 24
5445 786 6 6 7 16 20 23 24
4437 750 5 6 7 16 23 24
4164 5046 6 6 7 17 18 23 24
4185 3870 6 6 7 17 19 23 24
3516 2541 6 6 7 17 20 23 24
4956 1158 6 6 7 17 22 23 24
2484 1356 5 6 7 17 23 24
2442 3264 5 6 7 17 23 24
2136 2313 3 6 7 17
4866 4914 5 6 7 20 23 24
3831 3705 4 6 7 23 24
3792 5178 4 6 7 23 24
3192 2715 2 6 7
14082 3192 1 6
14085 2370 1 7
3987 2466 6 8 9 10 12 18 24
4008 5292 6 8 9 10 12 19 24
2973 1512 7 8 9 11 12 18 20 21
4293 1860 7 8 9 11 12 18 21 22
4338 4521 6 8 9 11 12 18 21
2997 2244 7 8 9 11 12 19 20 21
4317 1713 7 8 9 11 12 19 21 22
4359 2748 6 8 9 11 12 19 21
4563 2577 6 8 9 11 12 20 21
4104 3987 7 8 9 11 17 18 20 24
5424 3432 7 8 9 11 17 18 22 24
4128 2535 7 8 9 11 17 19 20 24
5448 3234 7 8 9 11 17 19 22 24
3858 3075 7 8 9 11 18 19 20 24
3861 3363 7 8 9 11 18 19 20 24
5178 435 7 8 9 11 18 19 22 24
5178 2349 7 8 9 11 18 19 22 24
5229 3339 6 8 9 11 18 19 24
2118 918 6 8 9 11 18 20 24
3438 2955 6 8 9 11 18 22 24
3480 4347 5 8 9 11 18 24
2139 912 6 8 9 11 19 20 24
3459 2331 6 8 9 11 19 22 24
3504 4731 5 8 9 11 19 24
3711 4941 5 8 9 11 20 24
5031 624 5 8 9 11 22 24
5073 3465 4 8 9 11 24
4179 552 7 8 9 12 17 18 23 24
4200 4056 7 8 9 12 17 19 23 24
3930 2820 7 8 9 12 18 19 23 24
3930 3219 7 8 9 12 18 19 23 24
3780 3765 6 8 10 11 12 21 24
5298 2871 5 8 10 12 18 24
5322 4650 5 8 10 12 19 24
3573 3747 4 8 10 12 24
2265 711 6 8 11 12 13 20 21
3765 3390 6 8 11 12 13 21 22
4620 2958 5 8 11 12 13 21
2310 912 6 8 11 12 14 20 21
3810 3429 6 8 11 12 14 21 22
4665 4506 5 8 11 12 14 21
2373 4008 6 8 11 12 15 20 21
3873 4311 6 8 11 12 15 21 22
4749 2055 5 8 11 12 15 21
2748 4149 6 8 11 12 16 20 21
4248 3831 6 8 11 12 16 21 22
5124 2850 5 8 11 12 16 21
4557 3474 6 8 11 12 17 20 21
3972 648 7 8 11 12 17 21 23 24
4287 2370 6 8 11 12 18 20 21
3702 552 7 8 11 12 18 21 23 24
4308 2346 6 8 11 12 19 20 21
3726 3342 7 8 11 12 19 21 23 24
4635 3822 6 8 11 12 20 21 22
2163 4131 5 8 11 12 20 21
2565 1278 5 8 11 12 20 21
3663 2136 5 8 11 12 21 22
3885 1650 5 8 11 12 21 22
5292 570 6 8 11 12 21 23 24
4518 5073 4 8 11 12 21
3930 2472 4 8 11 12 21
1632 660 4 8 11 12 21
2454 2064 6 8 11 13 14 22 24
3309 2262 5 8 11 13 14 24
2535 3927 6 8 11 13 15 22 24
3390 2058 5 8 11 13 15 24
2064 3270 6 8 11 13 16 20 24
2910 3495 6 8 11 13 16 22 24
3765 5064 5 8 11 13 16 24
3357 3339 6 8 11 13 20 22 24
3297 3894 6 8 11 13 20 22 24
1830 4749 5 8 11 13 20 24
2325 5070 5 8 11 13 22 24
3180 4527 4 8 11 13 24
2580 1242 6 8 11 14 15 22 24
3435 2037 5 8 11 14 15 24
2064 648 6 8 11 14 16 20 24
2955 4104 6 8 11 14 16 22 24
3810 2163 5 8 11 14 16 24
3342 2037 6 8 11 14 20 22 24
3342 5322 6 8 11 14 20 22 24
1830 4653 5 8 11 14 20 24
2370 4203 5 8 11 14 22 24
3225 4815 4 8 11 14 24
2043 2310 6 8 11 15 16 20 24
3018 4191 6 8 11 15 16 22 24
3894 4794 5 8 11 15 16 24
3405 2349 6 8 11 15 20 22 24
3465 975 6 8 11 15 20 22 24
4311 3363 5 8 11 15 20 24
1809 5016 5 8 11 15 20 24
2433 405 5 8 11 15 22 24
3306 3780 4 8 11 15 24
3780 1827 6 8 11 16 20 22 24
3780 3759 6 8 11 16 20 22 24
1809 5007 5 8 11 16 20 24
2808 4563 5 8 11 16 22 24
3681 3816 4 8 11 16 24
3702 4242 5 8 11 17 20 24
5022 2061 5 8 11 17 22 24
5067 2511 4 8 11 17 24
5172 5043 6 8 11 18 19 20 24
3429 2415 5 8 11 18 20 24
4749 3600 5 8 11 18 22 24
4794 2037 4 8 11 18 24
3453 894 5 8 11 19 20 24
4773 3402 5 8 11 19 22 24
4815 2040 4 8 11 19 24
3195 3069 5 8 11 20 22 24
1713 1446 4 8 11 20 24
1575 882 4 8 11 20 24
2229 14892 4 8 11 22 24
3024 5133 4 8 11 22 24
3075 4725 3 8 11 24
3102 4647 3 8 11 24
3765 4317 5 8 12 17 23 24
5247 3702 6 8 12 18 19 23 24
5244 4200 6 8 12 18 19 23 24
3495 1803 5 8 12 18 23 24
3519 4242 5 8 12 19 23 24
5085 14283 4 8 12 23 24
1335 4722 2 8 12
14172 5235 1 8
3021 807 6 9 10 12 17 18 21
3045 333 6 9 10 12 17 19 21
4611 2955 5 9 10 12 17 21
2775 5088 6 9 10 12 18 19 21
2778 3885 6 9 10 12 18 19 21
1035 1968 5 9 10 12 18 21
4341 4266 5 9 10 12 18 21
1056 3345 5 9 10 12 19 21
4368 3972 5 9 10 12 19 21
2625 102 4 9 10 12 21
3915 1803 6 9 10 17 18 19 24
3915 3768 6 9 10 17 18 19 24
3915 2631 6 9 10 17 18 19 24
2166 5019 5 9 10 17 18 24
2187 4620 5 9 10 17 19 24
3759 3726 4 9 10 17 24
5238 2307 5 9 10 18 19 24
5238 3810 5 9 10 18 19 24
1917 396 5 9 10 18 19 24
5235 4680 5 9 10 18 19 24
1917 2415 5 9 10 18 19 24
666 2886 4 9 10 18 24
3489 3516 4 9 10 18 24
666 3663 4 9 10 19 24
3510 5025 4 9 10 19 24
1770 5370 3 9 10 24
2967 3915 7 9 12 17 18 19 21 23
2967 5004 7 9 12 17 18 19 21 23
4533 1245 6 9 12 17 18 21 23
1224 723 6 9 12 17 18 21 23
4533 1077 6 9 12 17 18 21 23
1245 3849 6 9 12 17 19 21 23
4557 2037 6 9 12 17 19 21 23
2814 2058 5 9 12 17 21 23
4287 1824 6 9 12 18 19 21 23
975 2454 6 9 12 18 19 21 23
975 3657 6 9 12 18 19 21 23
2544 1632 5 9 12 18 21 23
2565 4746 5 9 12 19 21 23
4137 4287 4 9 12 21 23
2109 3357 6 9 17 18 19 23 24
2109 4395 6 9 17 18 19 23 24
3681 2355 5 9 17 18 23 24
711 3384 5 9 17 18 23 24
3699 3453 5 9 17 19 23 24
711 4245 5 9 17 19 23 24
1959 4635 4 9 17 23 24
711 4599 5 9 18 19 23 24
3429 2058 5 9 18 19 23 24
3429 4665 5 9 18 19 23 24
3432 3666 5 9 18 19 23 24
1689 2058 4 9 18 23 24
1689 3018 4 9 18 23 24
183 5298 2 9 18
1713 1830 4 9 19 23 24
183 804 2 9 19
3282 3891 3 9 23 24
630 3774 1 9
1542 3054 6 10 11 13 21 22 24
2397 645 5 10 11 13 21 24
1587 2682 6 10 11 14 21 22 24
2442 915 5 10 11 14 21 24
1650 4128 6 10 11 15 21 22 24
2526 3930 5 10 11 15 21 24
2025 3480 6 10 11 16 21 22 24
2901 4776 5 10 11 16 21 24
2472 5022 6 10 11 20 21 22 24
2412 2292 6 10 11 20 21 22 24
810 882 5 10 11 20 21 24
3327 2370 5 10 11 20 21 24
1446 3780 5 10 11 21 22 24
4788 3828 5 10 11 21 22 24
2322 14169 4 10 11 21 24
1320 2844 5 10 12 13 20 21
2778 1275 5 10 12 13 21 22
822 111 4 10 12 13 21
1365 4128 5 10 12 14 20 21
2823 639 5 10 12 14 21 22
822 2517 4 10 12 14 21
1446 3942 5 10 12 15 20 21
2886 3318 5 10 12 15 21 22
804 915 4 10 12 15 21
1821 14085 5 10 12 16 20 21
3261 4524 5 10 12 16 21 22
804 1815 4 10 12 16 21
4338 3774 5 10 12 17 18 21
4359 3489 5 10 12 17 19 21
2616 3369 4 10 12 17 21
4089 1803 5 10 12 18 19 21
2346 2778 4 10 12 18 21
2370 3189 4 10 12 19 21
3708 5037 5 10 12 20 21 22
1242 4140 4 10 12 20 21
2682 5160 4 10 12 21 22
3987 4953 3 10 12 21
570 897 3 10 12 21
627 2538 3 10 12 21
2058 954 5 10 13 14 22 24
2058 3237 5 10 13 14 22 24
807 2808 4 10 13 14 24
2058 807 5 10 13 15 22 24
2058 5052 5 10 13 15 22 24
807 4695 4 10 13 15 24
807 882 4 10 13 15 24
2451 1857 4 10 13 15 24
2058 111 5 10 13 16 22 24
807 2037 4 10 13 16 24
807 5295 4 10 13 16 24
2349 5127 5 10 13 20 22 24
2349 1569 5 10 13 20 22 24
807 915 4 10 13 20 24
825 3243 4 10 13 20 24
1824 14298 4 10 13 22 24
4713 4137 4 10 13 22 24
573 414 3 10 13 24
2058 2979 5 10 14 15 22 24
2058 4260 5 10 14 15 22 24
2496 885 4 10 14 15 24
807 3726 4 10 14 15 24
2058 2601 5 10 14 16 22 24
2058 894 5 10 14 16 22 24
2058 1569 5 10 14 16 22 24
807 4176 4 10 14 16 24
807 5445 4 10 14 16 24
2871 1359 4 10 14 16 24
2415 4089 5 10 14 20 22 24
2394 2820 5 10 14 20 22 24
825 2037 4 10 14 20 24
807 5031 4 10 14 20 24
1824 4701 4 10 14 22 24
573 2058 3 10 14 24
2037 3750 5 10 15 16 22 24
2037 4704 5 10 15 16 22 24
786 3519 4 10 15 16 24
786 1803 4 10 15 16 24
2934 2286 4 10 15 16 24
2478 1917 5 10 15 20 22 24
2478 4941 5 10 15 20 22 24
807 4359 4 10 15 20 24
807 3405 4 10 15 20 24
1803 4746 4 10 15 22 24
552 3915 3 10 15 24
2853 4062 5 10 16 20 22 24
2853 807 5 10 16 20 22 24
807 2391 4 10 16 20 24
807 3738 4 10 16 20 24
1827 2415 4 10 16 22 24
1827 3882 4 10 16 22 24
552 3405 3 10 16 24
5232 930 5 10 17 18 19 24
3480 2451 4 10 17 18 24
3504 3792 4 10 17 19 24
1764 4800 3 10 17 24
3234 5448 4 10 18 19 24
1491 375 3 10 18 24
1512 2847 3 10 19 24
2274 4557 4 10 20 22 24
573 3276 3 10 20 24
1569 3321 3 10 22 24
318 2538 2 10 24
366 5100 2 10 24
2151 2040 2 10 24
15342 882 1 10
2466 5424 7 11 13 17 21 22 23 24
3321 807 6 11 13 17 21 23 24
2469 3366 7 11 13 18 21 22 23 24
3324 4233 6 11 13 18 21 23 24
2493 1803 7 11 13 19 21 22 23 24
3348 2037 6 11 13 19 21 23 24
2061 4023 6 11 13 20 21 23 24
2961 1254 6 11 13 21 22 23 24
3816 2367 5 11 13 21 23 24
2511 2895 7 11 14 17 21 22 23 24
3366 3447 6 11 14 17 21 23 24
2514 2394 7 11 14 18 21 22 23 24
3369 1803 6 11 14 18 21 23 24
2538 3036 7 11 14 19 21 22 23 24
3393 3453 6 11 14 19 21 23 24
2061 2058 6 11 14 20 21 23 24
3006 2043 6 11 14 21 22 23 24
3861 915 5 11 14 21 23 24
2574 3936 7 11 15 17 21 22 23 24
3450 903 6 11 15 17 21 23 24
2577 4224 7 11 15 18 21 22 23 24
3453 5238 6 11 15 18 21 23 24
2601 1830 7 11 15 19 21 22 23 24
3474 1824 6 11 15 19 21 23 24
2040 3510 6 11 15 20 21 23 24
3069 4218 6 11 15 21 22 23 24
3942 3327 5 11 15 21 23 24
2949 4209 7 11 16 17 21 22 23 24
3825 3930 6 11 16 17 21 23 24
2952 4068 7 11 16 18 21 22 23 24
3828 825 6 11 16 18 21 23 24
2976 2661 7 11 16 19 21 22 23 24
3849 4293 6 11 16 19 21 23 24
2040 3240 6 11 16 20 21 23 24
3444 5052 6 11 16 21 22 23 24
4317 4911 5 11 16 21 23 24
3336 1305 7 11 17 20 21 22 23 24
3336 3225 7 11 17 20 21 22 23 24
885 4566 6 11 17 20 21 23 24
4233 915 6 11 17 20 21 23 24
2364 3690 6 11 17 21 22 23 24
3237 3426 5 11 17 21 23 24
3339 1827 7 11 18 20 21 22 23 24
897 5361 6 11 18 20 21 23 24
4254 2772 6 11 18 20 21 23 24
2367 1824 6 11 18 21 22 23 24
3240 2436 5 11 18 21 23 24
3363 3402 7 11 19 20 21 22 23 24
3363 2745 7 11 19 20 21 22 23 24
918 3438 6 11 19 20 21 23 24
4296 648 6 11 19 20 21 23 24
2388 3054 6 11 19 21 22 23 24
3264 4296 5 11 19 21 23 24
3891 4788 6 11 20 21 22 23 24
3831 3054 6 11 20 21 22 23 24
4725 3711 5 11 20 21 23 24
1806 660 5 11 20 21 23 24
333 3240 3 11 20 21
2865 2109 5 11 21 22 23 24
639 3915 3 11 21 22
3738 894 4 11 21 23 24
1305 4233 2 11 21
14169 804 1 11
2055 2742 5 12 13 14 21 23
2055 3795 5 12 13 15 21 23
1815 3639 6 12 13 16 17 21 23
2310 1758 5 12 13 16 21 23
2244 915 6 12 13 17 20 21 23
3702 1764 6 12 13 17 21 22 23
1230 2304 5 12 13 17 21 23
2247 2184 6 12 13 18 20 21 23
3705 2433 6 12 13 18 21 22 23
1233 2118 5 12 13 18 21 23
2268 4212 6 12 13 19 20 21 23
3729 807 6 12 13 19 21 22 23
1254 108 5 12 13 19 21 23
2736 2037 5 12 13 20 21 23
4197 3933 5 12 13 21 22 23
1821 3837 4 12 13 21 23
2055 4281 5 12 14 15 21 23
1860 3927 6 12 14 16 17 21 23
1863 1824 6 12 14 16 18 21 23
1887 894 6 12 14 16 19 21 23
2355 2865 5 12 14 16 21 23
2289 1542 6 12 14 17 20 21 23
3747 4533 6 12 14 17 21 22 23
1275 5067 5 12 14 17 21 23
2292 2790 6 12 14 18 20 21 23
3750 3426 6 12 14 18 21 22 23
1278 4650 5 12 14 18 21 23
2313 1944 6 12 14 19 20 21 23
3774 2778 6 12 14 19 21 22 23
1299 1683 5 12 14 19 21 23
2781 4677 5 12 14 20 21 23
4242 3405 5 12 14 21 22 23
1821 3459 4 12 14 21 23
1944 2037 6 12 15 16 17 21 23
1947 3192 6 12 15 16 18 21 23
1968 14541 6 12 15 16 19 21 23
2436 4866 5 12 15 16 21 23
2370 1689 6 12 15 17 20 21 23
3810 1821 6 12 15 17 21 22 23
1356 3447 5 12 15 17 21 23
2373 3423 6 12 15 18 20 21 23
3813 1434 6 12 15 18 21 22 23
1359 3426 5 12 15 18 21 23
2397 2058 6 12 15 19 20 21 23
3837 1365 6 12 15 19 21 22 23
1383 2892 5 12 15 19 21 23
2865 4359 5 12 15 20 21 23
4305 4368 5 12 15 21 22 23
1857 5151 4 12 15 21 23
2745 3720 6 12 16 17 20 21 23
4185 819 6 12 16 17 21 22 23
1731 786 5 12 16 17 21 23
2748 3594 6 12 16 18 20 21 23
4188 3573 6 12 16 18 21 22 23
1734 915 5 12 16 18 21 23
2772 3165 6 12 16 19 20 21 23
4212 3348 6 12 16 19 21 22 23
1758 4650 5 12 16 19 21 23
3240 4713 5 12 16 20 21 23
4680 1917 5 12 16 21 22 23
2232 2478 4 12 16 21 23
4281 2322 6 12 17 18 19 21 23
4281 3435 6 12 17 18 19 21 23
2538 4287 5 12 17 18 21 23
2562 3894 5 12 17 19 21 23
4632 3054 6 12 17 20 21 22 23
2160 3810 5 12 17 20 21 23
3600 5172 5 12 17 21 22 23
4128 3750 4 12 17 21 23
1134 825 4 12 17 21 23
819 810 4 12 17 21 23
4179 3825 4 12 17 21 23
2292 894 5 12 18 19 21 23
4635 2997 6 12 18 20 21 22 23
2163 2565 5 12 18 20 21 23
3603 711 5 12 18 21 22 23
624 2472 4 12 18 21 23
1137 1323 4 12 18 21 23
4659 2373 6 12 19 20 21 22 23
2184 3765 5 12 19 20 21 23
3624 2478 5 12 19 21 22 23
1158 807 4 12 19 21 23
3882 2496 4 12 19 21 23
645 1863 4 12 19 21 23
5127 5064 5 12 20 21 22 23
2661 3300 4 12 20 21 23
4101 2292 4 12 21 22 23
2139 4164 3 12 21 23
1626 3339 3 12 21 23
14541 4023 1 12
2037 1299 5 13 14 16 23 24
2058 2367 5 13 14 16 23 24
2388 2475 6 13 14 17 22 23 24
882 366 5 13 14 17 23 24
2412 4683 6 13 14 18 22 23 24
2391 2166 6 13 14 18 22 23 24
894 2916 5 13 14 18 23 24
894 4338 5 13 14 18 23 24
2415 1806 6 13 14 19 22 23 24
2415 2853 6 13 14 19 22 23 24
2415 3375 6 13 14 19 22 23 24
915 3024 5 13 14 19 23 24
915 318 5 13 14 19 23 24
2037 882 5 13 14 20 23 24
2037 1335 5 13 14 20 23 24
3054 1731 5 13 14 22 23 24
3054 5151 5 13 14 22 23 24
1803 5076 4 13 14 23 24
2037 3624 5 13 15 16 23 24
2037 2892 5 13 15 16 23 24
2472 3810 6 13 15 17 22 23 24
2472 2364 6 13 15 17 22 23 24
903 3798 5 13 15 17 23 24
3375 2916 5 13 15 17 23 24
882 2058 5 13 15 17 23 24
2475 4671 6 13 15 18 22 23 24
2475 3300 6 13 15 18 22 23 24
894 4095 5 13 15 18 23 24
3378 1302 5 13 15 18 23 24
3399 3861 5 13 15 18 23 24
2517 2472 6 13 15 19 22 23 24
2496 807 6 13 15 19 22 23 24
915 3426 5 13 15 19 23 24
2037 3801 5 13 15 20 23 24
2076 1686 5 13 15 20 23 24
2058 2934 5 13 15 20 23 24
3054 4188 5 13 15 22 23 24
3054 4185 5 13 15 22 23 24
1803 1821 4 13 15 23 24
3870 5229 4 13 15 23 24
2847 2961 6 13 16 17 22 23 24
2847 1803 6 13 16 17 22 23 24
903 2394 5 13 16 17 23 24
882 807 5 13 16 17 23 24
2850 2055 6 13 16 18 22 23 24
894 1689 5 13 16 18 23 24
2871 1803 6 13 16 19 22 23 24
2871 2469 6 13 16 19 22 23 24
2871 2442 6 13 16 19 22 23 24
915 630 5 13 16 19 23 24
936 1803 5 13 16 19 23 24
3795 3861 5 13 16 19 23 24
2058 4533 5 13 16 20 23 24
2037 894 5 13 16 20 23 24
3360 3654 5 13 16 22 23 24
3339 15342 5 13 16 22 23 24
1803 2055 4 13 16 23 24
4245 573 4 13 16 23 24
3273 2289 6 13 17 20 22 23 24
3273 4197 6 13 17 20 22 23 24
882 1569 5 13 17 20 23 24
2259 1569 5 13 17 22 23 24
648 2973 4 13 17 23 24
3276 4317 6 13 18 20 22 23 24
3276 2058 6 13 18 20 22 23 24
894 915 5 13 18 20 23 24
912 2565 5 13 18 20 23 24
2262 822 5 13 18 22 23 24
660 108 4 13 18 23 24
3300 4296 6 13 19 20 22 23 24
915 1233 5 13 19 20 23 24
936 807 5 13 19 20 23 24
2286 3849 5 13 19 22 23 24
681 5415 4 13 19 23 24
3768 2412 5 13 20 22 23 24
3768 2163 5 13 20 22 23 24
3786 2895 5 13 20 22 23 24
1803 2166 4 13 20 23 24
1824 2526 4 13 20 23 24
2820 2163 4 13 22 23 24
1569 4269 3 13 23 24
111 936 1 13
2058 3480 5 14 15 16 23 24
2037 14082 5 14 15 16 23 24
2517 2949 6 14 15 17 22 23 24
882 2517 5 14 15 17 23 24
2520 1587 6 14 15 18 22 23 24
912 2259 5 14 15 18 23 24
894 2823 5 14 15 18 23 24
2541 183 6 14 15 19 22 23 24
2541 882 6 14 15 19 22 23 24
915 3411 5 14 15 19 23 24
936 4599 5 14 15 19 23 24
2037 1803 5 14 15 20 23 24
3054 3729 5 14 15 22 23 24
3054 4245 5 14 15 22 23 24
3933 4659 4 14 15 23 24
1803 2373 4 14 15 23 24
2892 3699 6 14 16 17 22 23 24
2892 4986 6 14 16 17 22 23 24
903 3831 5 14 16 17 23 24
882 2853 5 14 16 17 23 24
2895 4599 6 14 16 18 22 23 24
2895 1575 6 14 16 18 22 23 24
2895 2781 6 14 16 18 22 23 24
912 2388 5 14 16 18 23 24
894 3315 5 14 16 18 23 24
2916 3324 6 14 16 19 22 23 24
2916 4248 6 14 16 19 22 23 24
2916 2151 6 14 16 19 22 23 24
915 3045 5 14 16 19 23 24
3822 3273 5 14 16 19 23 24
2037 3930 5 14 16 20 23 24
3384 2496 5 14 16 22 23 24
1824 1446 4 14 16 23 24
1803 3777 4 14 16 23 24
3339 2397 6 14 17 20 22 23 24
3339 2058 6 14 17 20 22 23 24
3318 3336 6 14 17 20 22 23 24
4224 3450 5 14 17 20 23 24
882 3363 5 14 17 20 23 24
2304 2037 5 14 17 22 23 24
648 5178 4 14 17 23 24
3321 15210 6 14 18 20 22 23 24
3342 894 6 14 18 20 22 23 24
894 3768 5 14 18 20 23 24
4227 14259 5 14 18 20 23 24
2307 3195 5 14 18 22 23 24
660 3339 4 14 18 23 24
3363 5124 6 14 19 20 22 23 24
3345 894 6 14 19 20 22 23 24
915 618 5 14 19 20 23 24
4248 429 5 14 19 20 23 24
2331 4611 5 14 19 22 23 24
681 3780 4 14 19 23 24
3831 2847 5 14 20 22 23 24
3813 3429 5 14 20 22 23 24
3813 894 5 14 20 22 23 24
1803 2484 4 14 20 23 24
1824 4092 4 14 20 23 24
2820 2058 4 14 22 23 24
1569 1305 3 14 23 24
111 936 1 14
2955 1770 6 15 16 17 22 23 24
2955 2616 6 15 16 17 22 23 24
882 2910 5 15 16 17 23 24
2958 2895 6 15 16 18 22 23 24
894 4254 5 15 16 18 23 24
894 2955 5 15 16 18 23 24
2979 2190 6 15 16 19 22 23 24
2979 3813 6 15 16 19 22 23 24
915 2748 5 15 16 19 23 24
915 3894 5 15 16 19 23 24
2058 1368 5 15 16 20 23 24
2037 4518 5 15 16 20 23 24
3447 2979 5 15 16 22 23 24
3447 4440 5 15 16 22 23 24
1803 2625 4 15 16 23 24
3402 948 6 15 17 20 22 23 24
3402 2232 6 15 17 20 22 23 24
948 915 5 15 17 20 23 24
927 3342 5 15 17 20 23 24
2367 3801 5 15 17 22 23 24
648 3309 4 15 17 23 24
3405 681 6 15 18 20 22 23 24
3405 4200 6 15 18 20 22 23 24
930 5244 5 15 18 20 23 24
951 4554 5 15 18 20 23 24
2370 4773 5 15 18 22 23 24
660 2058 4 15 18 23 24
3426 2274 6 15 19 20 22 23 24
3426 4617 6 15 19 20 22 23 24
3426 648 6 15 19 20 22 23 24
954 5106 5 15 19 20 23 24
2394 2265 5 15 19 22 23 24
681 4143 4 15 19 23 24
3894 1224 5 15 20 22 23 24
3894 2865 5 15 20 22 23 24
4800 4188 4 15 20 23 24
1803 1959 4 15 20 23 24
2868 3261 4 15 22 23 24
1569 2901 3 15 23 24
108 3006 1 15
3777 660 6 16 17 20 22 23 24
4701 4596 5 16 17 20 23 24
1302 4596 5 16 17 20 23 24
1323 4278 5 16 17 20 23 24
2742 1329 5 16 17 22 23 24
648 4557 4 16 17 23 24
3780 573 6 16 18 20 22 23 24
3798 4281 6 16 18 20 22 23 24
1305 3813 5 16 18 20 23 24
4704 936 5 16 18 20 23 24
4683 2160 5 16 18 20 23 24
2745 4149 5 16 18 22 23 24
660 4305 4 16 18 23 24
3801 14235 6 16 19 20 22 23 24
3801 822 6 16 19 20 22 23 24
1329 912 5 16 19 20 23 24
2769 3873 5 16 19 22 23 24
681 1887 4 16 19 23 24
4269 807 5 16 20 22 23 24
4269 1320 5 16 20 22 23 24
1803 1317 4 16 20 23 24
5193 4437 4 16 20 23 24
3243 1383 4 16 22 23 24
1569 3708 3 16 23 24
108 3180 1 16
3426 3429 5 17 18 19 23 24
3426 3504 5 17 18 19 23 24
1683 666 4 17 18 23 24
1686 4635 4 17 18 23 24
1704 3072 4 17 19 23 24
5016 3813 4 17 19 23 24
3189 4641 5 17 20 22 23 24
723 3795 4 17 20 23 24
2163 5232 4 17 22 23 24
414 807 3 17 23 24
396 1824 3 17 23 24
618 3780 1 17
4746 882 4 18 19 23 24
4746 681 4 18 19 23 24
1434 5085 4 18 19 23 24
3192 2847 5 18 20 22 23 24
726 183 4 18 20 23 24
2166 573 4 18 22 23 24
3072 1803 3 18 23 24
3036 5523 3 18 23 24
405 3702 3 18 23 24
411 3273 3 18 23 24
351 4170 1 18
3216 1809 5 19 20 22 23 24
750 14226 4 19 20 23 24
2190 3474 4 19 22 23 24
429 3798 3 19 23 24
435 666 3 19 23 24
375 2058 1 19
3690 1230 4 20 22 23 24
1569 2514 3 20 23 24
102 1704 1 20
14892 14172 1 21
2658 3276 3 22 23 24
1077 3564 1 22
1368 1821 2 23 24
1317 2025 2 23 24
14169 4179 1 23
15210 4179 1 24
