19 294 
3384 5067 1 1
6993 5505 2 2 9
2793 3057 2 2 9
2793 5700 2 2 9
5346 5634 2 2 13
5295 6375 4 3 4 7 15
6378 3810 5 3 6 7 8 12
6258 3636 5 3 6 7 11 12
4293 6993 5 3 6 7 11 15
4248 5169 6 3 7 8 12 14 17
6348 5361 5 3 7 8 12 14
6198 4923 5 3 7 11 12 14
4230 5346 5 3 7 11 14 15
5595 5157 5 3 7 12 16 17
3648 2025 5 3 7 15 16 17
5649 3063 4 3 7 15 16
4215 3513 3 3 7 15
630 6150 1 3
6210 5982 6 4 5 6 7 11 12
5592 1323 6 4 5 6 7 11 15
5370 5292 6 4 5 6 9 11 18
3885 4233 4 4 5 6 11
6204 2802 4 4 5 7 12
5595 3885 4 4 5 7 15
5619 4542 6 4 5 9 12 18 19
5001 2847 6 4 5 9 15 18 19
4758 4122 6 4 5 9 16 17 18
6369 2727 5 4 5 9 17 18
5373 4011 4 4 5 9 18
5400 1338 5 4 5 10 12 19
5463 2109 5 4 5 10 13 18
4782 2151 5 4 5 10 15 19
4542 1065 5 4 5 10 16 17
6150 3261 4 4 5 10 17
5157 6153 3 4 5 10
5286 4887 6 4 5 11 12 14 19
5346 6348 6 4 5 11 13 14 18
4665 5595 6 4 5 11 14 15 19
4371 1116 6 4 5 11 14 16 17
5982 4656 5 4 5 11 14 17
5337 5205 4 4 5 11 14
6099 3384 5 4 5 15 16 19
2112 5901 3 4 5 16
3675 1110 2 4 5
5292 2511 5 4 6 7 11 15
6015 5838 6 4 6 9 11 17 18
3369 5286 3 4 6 11
5211 2343 5 4 7 11 14 15
4629 4542 5 4 7 15 16 17
5208 3942 3 4 7 15
4656 4278 6 4 8 13 14 17 18
4587 5553 5 4 8 14 15 19
4296 3024 4 4 8 14 17
4848 5865 5 4 9 15 18 19
5700 6372 4 4 9 17 18
5838 5742 5 4 10 13 17 18
4638 3234 4 4 10 15 19
5532 5577 3 4 10 17
5994 6192 6 4 11 13 14 17 18
4548 4323 5 4 11 14 15 19
5634 1047 4 4 11 14 17
4848 6054 5 4 13 15 18 19
4260 5919 4 4 13 17 18
5967 6249 4 4 15 16 19
5946 1125 4 4 15 16 19
4542 2229 3 4 15 19
2511 2595 3 4 16 17
4014 171 2 4 17
204 5295 1 4
6345 4338 6 5 6 7 11 15 16
6120 5592 6 5 6 9 11 16 18
4638 1815 4 5 6 11 16
5595 2841 3 5 6 11
6348 5538 4 5 7 15 16
5007 6345 6 5 8 13 14 16 18
4662 1146 4 5 8 14 16
6372 4449 6 5 9 12 16 18 19
5751 6012 6 5 9 15 16 18 19
6054 4881 4 5 9 16 18
6153 4899 5 5 10 12 16 19
6192 1671 5 5 10 13 16 18
5532 1233 5 5 10 15 16 19
6492 1581 4 5 10 15 19
6249 6204 4 5 10 16 17
5883 4548 3 5 10 16
6036 5211 6 5 11 12 14 16 19
6099 4782 6 5 11 13 14 16 18
5418 6318 6 5 11 14 15 16 19
6375 1716 5 5 11 14 15 19
6081 5751 5 5 11 14 16 17
6012 4161 4 5 11 14 16
4611 4887 4 5 13 16 18
3810 4188 2 5 16
5385 2793 1 5
6327 2793 6 6 7 8 11 12 14
5784 1710 4 6 7 8 12
5166 4740 4 6 7 8 15
5382 3498 7 6 7 9 11 12 17 18
4764 2148 7 6 7 9 11 15 17 18
6486 3165 6 6 7 11 12 16 17
2727 4011 4 6 7 11 12
5865 2502 6 6 7 11 15 16 17
5649 1767 5 6 7 11 15 16
2109 204 4 6 7 11 15
5187 2193 6 6 8 9 12 18 19
4578 4458 6 6 8 9 15 18 19
4338 1500 6 6 8 9 16 17 18
5937 6198 5 6 8 9 17 18
4944 6378 4 6 8 9 18
6291 3615 5 6 8 12 16 19
5682 2163 5 6 8 15 16 19
3459 3459 2 6 8
4323 1887 6 6 9 10 11 17 18
2151 2814 6 6 9 11 12 18 19
1581 4638 6 6 9 11 15 18 19
5919 4254 6 6 9 11 15 18 19
1500 5058 6 6 9 11 16 17 18
2910 3570 5 6 9 11 17 18
1887 3633 4 6 9 11 18
5427 2625 5 6 10 11 16 17
3552 3780 7 6 11 12 13 16 18 19
3234 5640 5 6 11 12 16 19
2931 5385 7 6 11 13 15 16 18 19
4299 6120 6 6 11 13 16 17 18
3306 3567 5 6 11 13 16 18
2625 4662 5 6 11 15 16 19
3981 5532 4 6 11 16 17
2952 1605 3 6 11 16
1083 3552 2 6 11
4011 3849 7 7 8 12 13 14 17 18
5577 5784 6 7 8 12 14 15 19
5583 5463 6 7 8 12 14 16 17
3654 5994 5 7 8 12 14 17
3402 630 7 7 8 13 14 15 17 18
3033 5967 5 7 8 14 15 17
5058 3009 5 7 9 12 17 18
4449 3675 5 7 9 15 17 18
5196 4260 6 7 10 12 13 17 18
4887 1836 4 7 10 12 17
4587 4587 6 7 10 13 15 17 18
4278 4299 4 7 10 15 17
5361 1245 7 7 11 12 13 14 17 18
5532 2565 6 7 11 12 14 16 17
4992 1455 5 7 11 12 14 17
4740 6369 7 7 11 13 14 15 17 18
3633 5418 6 7 11 14 15 16 17
5568 6081 5 7 11 14 15 16
4383 4992 5 7 11 14 15 17
4233 5562 4 7 11 14 15
3615 3648 5 7 12 13 17 18
2247 1197 4 7 12 16 17
3510 1500 3 7 12 17
2847 2907 2 7 12
5892 2268 6 7 13 15 16 17 18
3009 4215 5 7 13 15 17 18
1671 2913 4 7 15 16 17
5562 1335 3 7 15 16
2931 5595 3 7 15 17
2268 4758 2 7 15
3057 3786 7 8 9 12 14 17 18 19
5901 6036 6 8 9 12 14 18 19
2448 6099 7 8 9 14 15 17 18 19
2814 5649 5 8 9 14 17 18
2841 4848 6 8 10 12 14 17 19
5688 4371 5 8 10 12 14 19
2913 1905 6 8 10 13 14 17 18
2229 5883 6 8 10 14 15 17 19
2595 5937 4 8 10 14 17
5067 3264 6 8 12 13 14 18 19
2070 5337 6 8 12 13 14 18 19
5916 3402 6 8 12 13 14 18 19
5169 5892 6 8 12 13 14 18 19
4158 2958 6 8 12 14 16 17 19
4899 3765 6 8 12 14 16 17 19
6318 1863 5 8 12 14 17 19
1815 1878 4 8 12 14 19
2703 4251 4 8 12 14 19
4458 4014 6 8 13 14 15 18 19
1500 2112 6 8 13 14 15 18 19
1419 2070 6 8 13 14 16 17 18
4215 1401 6 8 13 14 16 17 18
2829 5946 5 8 13 14 17 18
1605 6099 4 8 13 14 18
3549 5688 6 8 14 15 16 17 19
4923 3306 5 8 14 15 16 19
1245 4578 4 8 14 15 19
3498 2652 4 8 14 15 19
1110 5682 4 8 14 16 17
2520 1311 3 8 14 17
1047 6486 2 8 14
4254 1188 6 9 10 12 17 18 19
3636 6348 6 9 10 15 17 18 19
4011 5889 4 9 10 17 18
4407 2931 7 9 11 12 14 17 18 19
5751 4629 6 9 11 12 14 18 19
3786 2472 7 9 11 14 15 17 18 19
3783 4611 6 9 11 14 15 18 19
4161 2703 5 9 11 14 17 18
5574 156 6 9 12 16 17 18 19
1803 5145 6 9 12 16 17 18 19
3063 3033 5 9 12 17 18 19
1818 3573 4 9 12 18 19
5067 6327 6 9 15 16 17 18 19
1233 4587 6 9 15 16 17 18 19
5205 4992 5 9 15 16 18 19
2496 2952 5 9 15 17 18 19
1206 2598 4 9 15 18 19
3780 1698 4 9 15 18 19
5292 5001 4 9 16 17 18
1125 4890 4 9 16 17 18
1338 4935 4 9 16 17 18
2565 5067 3 9 17 18
1572 5187 2 9 18
4188 6291 6 10 11 12 14 17 19
5538 3654 5 10 11 12 14 19
4251 2520 6 10 11 13 14 17 18
3570 4296 6 10 11 14 15 17 19
3573 1572 5 10 11 14 15 19
3942 2931 4 10 11 14 17
2163 4764 7 10 12 13 16 17 18 19
2802 2910 6 10 12 13 17 18 19
2025 5595 5 10 12 13 18 19
6249 4293 5 10 12 13 18 19
5463 5292 5 10 12 16 17 19
4935 1818 5 10 12 16 17 19
5517 2952 5 10 12 16 17 19
1905 4215 5 10 12 16 17 19
3165 5568 4 10 12 17 19
5514 1206 3 10 12 19
1767 3783 3 10 12 19
2193 3510 6 10 13 15 17 18 19
5742 2559 5 10 13 15 18 19
1455 5196 5 10 13 15 18 19
5640 5463 5 10 13 15 18 19
1374 3873 5 10 13 16 17 18
1698 4248 5 10 13 16 17 18
5466 6348 5 10 13 16 17 18
2559 2829 4 10 13 17 18
2958 5649 4 10 13 17 18
1710 3369 3 10 13 18
4773 4848 5 10 15 16 17 19
1335 4944 5 10 15 16 17 19
4992 6210 4 10 15 16 19
2598 2598 4 10 15 17 19
6348 6015 4 10 15 17 19
5889 5427 4 10 15 17 19
3567 5466 3 10 15 19
1197 1986 3 10 15 19
5121 5370 3 10 16 17
5145 2448 3 10 16 17
1116 3981 3 10 16 17
2502 1374 2 10 17
1401 4638 1 10
2148 5532 6 11 12 13 14 18 19
5505 4773 6 11 12 14 16 17 19
1893 1497 4 11 12 14 19
5901 1578 6 11 13 14 15 18 19
3765 5583 6 11 13 14 15 18 19
1578 3444 6 11 13 14 15 18 19
1497 1803 6 11 13 14 16 17 18
5553 1083 6 11 13 14 16 17 18
2907 5532 5 11 13 14 17 18
1863 5373 4 11 13 14 18
4887 5517 6 11 14 15 16 17 19
4890 5916 5 11 14 15 16 19
4881 3459 5 11 14 15 16 19
1323 1251 4 11 14 15 19
3459 5400 4 11 14 15 19
1188 4665 4 11 14 16 17
2598 4230 3 11 14 17
171 4158 2 11 14
4122 5121 6 12 13 16 17 18 19
3261 5751 5 12 13 16 18 19
1716 6249 4 12 13 18 19
3873 5574 4 12 16 17 19
2952 2247 3 12 16 19
1878 5514 2 12 19
3513 4383 6 13 15 16 17 18 19
2652 5007 5 13 15 16 18 19
4164 3246 4 13 15 18 19
1146 1893 4 13 15 18 19
1065 2496 4 13 16 17 18
3849 1419 4 13 16 17 18
3024 5166 3 13 16 18
2472 4164 3 13 17 18
1251 3549 2 13 18
3264 5901 4 15 16 17 19
2343 5346 3 15 16 19
3444 6492 2 15 19
1311 5208 2 15 19
1836 5619 2 16 17
1986 4407 2 16 17
156 6258 1 16
3246 5382 1 17
