40 3103 
3300 9432 6 1 4 5 11 34 38
3006 1368 6 1 4 5 11 34 38
2620 3528 4 1 4 10 11
9484 3138 1 1
3438 2688 6 2 12 13 21 29 32
2168 3874 5 2 21 37 39 40
2830 2918 4 2 21 37 39
2152 2182 4 2 21 39 40
2830 3002 3 2 21 39
9424 1576 1 2
2336 3376 5 3 4 5 13 32
3516 1920 6 3 4 5 13 36 38
3546 3154 5 3 4 5 13 38
3222 3590 8 3 4 10 13 25 32 35 36
3448 1570 7 3 4 10 13 25 32 35
3178 3908 6 3 4 10 13 29 32
2750 3376 6 3 4 10 13 29 32
9576 3502 1 3
9478 3282 1 4
3636 3990 6 5 11 20 21 35 38
3878 2936 4 5 11 24 38
3068 3018 6 5 11 30 33 35 38
3436 3764 4 5 11 30 33
3100 2942 4 5 11 32 34
2364 2380 4 5 11 34 38
2064 2728 4 5 11 34 38
9516 2854 1 5
3642 3612 7 6 7 9 28 34 36 38
3558 3122 6 6 7 9 28 34 38
2718 1954 7 6 7 10 11 26 28 33
3246 2634 8 6 7 10 11 28 34 36 38
3160 3474 7 6 7 10 11 28 34 38
1666 2852 6 6 7 10 11 37 40
2228 1244 5 6 7 10 11 37
2408 3538 5 6 7 10 11 40
2528 2410 4 6 7 10 11
2708 2418 6 6 7 26 28 33 40
3064 2650 5 6 7 26 28 33
2012 2932 4 6 7 37 40
2574 3606 3 6 7 37
2514 3246 3 6 7 40
1622 3694 2 6 7
9402 2654 1 6
9390 1314 1 7
2806 2836 6 8 12 13 14 29 32
4000 2902 9 8 12 13 15 28 32 36 39 40
3834 3584 9 8 12 13 15 28 32 36 39 40
3742 2894 8 8 12 13 15 28 32 39 40
2694 1622 8 8 12 13 15 29 32 39 40
2990 3774 8 8 12 13 15 29 32 39 40
3752 2630 7 8 12 13 15 29 32 39
3448 2384 7 8 12 13 19 29 32 37
3524 3664 8 8 12 13 22 32 37 39 40
3456 3140 8 8 12 13 22 32 37 39 40
3682 3732 8 8 12 13 22 37 38 39 40
3834 3096 8 8 12 13 25 32 35 36 40
3574 3508 6 8 12 13 28 32 36
3488 1404 5 8 12 13 28 32
3238 3490 7 8 12 13 29 32 37 40
2440 3508 5 8 12 13 29 32
2730 1528 5 8 12 13 29 32
3340 3420 9 8 12 13 31 32 36 37 39 40
3162 3632 9 8 12 13 31 32 36 37 39 40
3674 2766 8 8 12 13 31 32 36 39 40
3394 2520 8 8 12 13 31 32 37 39 40
4074 3012 8 8 19 28 34 36 37 38 39
3990 3144 7 8 19 28 34 37 38 39
3288 1446 7 8 19 29 34 37 38 39
3910 2818 6 8 19 29 34 38 39
3168 2410 7 8 20 21 29 37 39 40
3870 2332 8 8 24 27 28 36 37 39 40
3786 3130 7 8 24 27 28 37 39 40
3028 666 7 8 24 27 29 37 39 40
3744 3406 6 8 24 27 29 39 40
3654 3148 8 8 24 28 36 37 38 39 40
3682 2002 7 8 24 28 37 38 39 40
2896 2712 8 8 24 29 36 37 38 39 40
3994 1704 7 8 24 29 36 37 38 39
3612 3408 7 8 24 29 36 38 39 40
2924 2856 7 8 24 29 37 38 39 40
3642 1890 6 8 24 29 38 39 40
3824 3110 8 8 25 34 35 36 38 39 40
4052 2370 7 8 25 34 35 38 39 40
3206 3290 8 8 26 28 33 36 37 39 40
3120 2430 7 8 26 28 33 37 39 40
2362 3162 7 8 26 29 33 37 39 40
3460 2862 6 8 26 29 33 37 39
3080 3594 6 8 26 29 33 39 40
2930 1082 8 8 28 30 33 36 37 39 40
3648 3598 7 8 28 30 33 36 39 40
2844 2764 7 8 28 30 33 37 39 40
3562 3654 6 8 28 30 33 39 40
3792 2384 8 8 28 34 36 37 38 39 40
3360 2416 6 8 28 34 36 38 39
3708 3300 7 8 28 34 37 38 39 40
3580 1860 5 8 28 34 38 39
2088 2514 7 8 29 30 33 37 39 40
3186 1654 6 8 29 30 33 37 39
2804 2914 6 8 29 30 33 39 40
3552 3670 5 8 29 32 34 39
2950 1948 7 8 29 34 37 38 39 40
3664 1808 6 8 29 34 38 39 40
2906 3324 5 8 29 34 38 39
1034 3840 4 8 37 39 40
1738 2476 3 8 37 39
1020 2292 3 8 39 40
1696 1994 2 8 39
9466 2792 1 8
3550 3734 7 9 12 13 15 28 32 36
3458 2498 6 9 12 13 15 28 32
3390 3774 7 9 15 28 34 36 38 39
3664 2722 6 9 15 28 34 38 39
3246 1034 6 9 16 20 21 26 28
3272 3482 6 9 16 20 21 28 30
2806 2696 7 9 16 25 30 34 35 38
3020 3788 6 9 16 26 28 34 38
3046 2446 6 9 16 28 30 34 38
2810 1000 8 9 17 18 25 34 35 36 38
3010 2608 7 9 17 18 25 34 35 38
2946 1954 7 9 19 20 21 28 36 37
3060 3056 6 9 19 20 21 28 37
2390 2920 6 9 19 20 21 29 37
3760 2140 7 9 19 28 32 34 36 37
3668 2720 6 9 19 28 32 34 37
2724 3590 7 9 19 28 34 36 37 38
2640 1342 6 9 19 28 34 37 38
2918 1902 6 9 19 29 32 34 37
1884 3774 6 9 19 29 34 37 38
2238 2644 7 9 20 21 22 37 39 40
3216 3294 6 9 20 21 22 37 39
3200 3092 5 9 20 21 23 25
3516 566 6 9 20 21 25 28 34
3742 2438 6 9 20 21 25 35 36
2950 3752 6 9 20 21 25 35 36
3268 2930 5 9 20 21 25 35
2886 2352 7 9 20 21 27 28 35 36
2910 2036 6 9 20 21 27 28 35
3838 3086 7 9 20 21 28 32 35 36
3746 3094 6 9 20 21 28 32 35
2668 2518 7 9 20 21 28 35 36 38
3008 2754 6 9 20 21 28 35 38
2736 2598 7 9 20 21 28 36 37 40
2406 3278 5 9 20 21 28 36
2840 3452 6 9 20 21 28 37 40
2680 1784 4 9 20 21 28
2170 1866 6 9 20 21 29 37 40
2924 2828 5 9 20 21 29 37
2264 1992 8 9 20 21 31 36 37 39 40
2926 3660 7 9 20 21 31 36 37 39
2540 3522 7 9 20 21 31 37 39 40
3204 2094 6 9 20 21 31 37 39
2926 2716 7 9 22 32 34 37 39 40
1892 9790 7 9 22 34 37 38 39 40
2990 3740 6 9 22 34 37 38 39
3546 3434 5 9 23 25 26 33
2920 2972 7 9 23 25 27 34 35 38
3264 3882 5 9 23 25 30 33
3396 2286 7 9 23 25 32 34 37 40
3104 2080 5 9 23 25 32 34
2600 3728 5 9 23 25 34 38
3600 3804 6 9 24 25 27 35 36
3832 3428 5 9 24 25 27 35
3636 2772 7 9 24 25 28 34 36 38
3910 3672 6 9 24 25 28 34 38
3238 2970 6 9 24 25 29 34 38
3498 2416 6 9 24 25 35 36 38
3724 2666 5 9 24 25 35 38
2936 2880 6 9 25 26 33 35 36
3168 3364 5 9 25 26 33 35
3632 3140 6 9 25 27 34 35 36
3864 2038 5 9 25 27 34 35
2660 3328 6 9 25 30 33 35 36
2886 2974 5 9 25 30 33 35
2792 2196 8 9 25 32 34 35 36 37 40
3822 3664 7 9 25 32 34 35 36 37
3536 3592 7 9 25 32 34 35 36 40
2854 3438 6 9 25 32 34 35 36
3018 3086 7 9 25 32 34 35 37 40
3762 2672 6 9 25 32 34 35 40
3170 2748 5 9 25 32 34 35
3520 300 6 9 25 34 35 36 38
2350 836 6 9 25 34 35 36 38
2666 2586 5 9 25 34 35 38
3776 1834 5 9 25 34 35 38
3660 3072 5 9 26 28 33 36
3576 3406 4 9 26 28 33
3386 2208 5 9 28 30 33 36
3300 3742 4 9 28 30 33
3518 3248 7 9 28 32 34 36 37 40
3044 2160 5 9 28 32 34 36
3426 2866 6 9 28 32 34 37 40
2958 2328 4 9 28 32 34
2514 1972 7 9 28 34 36 37 38 40
3546 1950 6 9 28 34 36 37 38
2010 1546 5 9 28 34 36 38
2430 3324 6 9 28 34 37 38 40
3462 3694 5 9 28 34 37 38
2080 1646 4 9 28 34 38
2708 3082 6 9 29 32 34 37 40
3738 2992 5 9 29 32 34 37
1674 9500 6 9 29 34 37 38 40
2704 2678 5 9 29 34 37 38
2632 3316 8 9 31 32 34 36 37 39 40
3730 2330 7 9 31 32 34 36 37 39
2864 4052 7 9 31 32 34 37 39 40
1662 2940 8 9 31 34 36 37 38 39 40
2696 3600 7 9 31 34 36 37 38 39
1940 3186 7 9 31 34 37 38 39 40
2928 2154 6 9 31 34 37 38 39
76 2762 1 9
2974 9584 7 10 11 12 13 15 19 25
2594 3294 7 10 11 12 13 15 25 40
3002 2202 6 10 11 12 13 15 25
1948 3168 8 10 11 16 25 30 34 35 38
2654 2990 7 10 11 16 26 28 34 38
2680 2672 7 10 11 16 28 30 34 38
1092 2954 8 10 11 17 18 25 26 33 35
1132 2066 8 10 11 17 18 25 30 33 35
1952 2302 9 10 11 17 18 25 34 35 36 38
2154 1968 8 10 11 17 18 25 34 35 38
2360 3032 8 10 11 19 28 34 36 37 38
3036 2962 7 10 11 19 28 34 36 38
2420 2840 7 10 11 19 28 34 37 38
2952 2932 6 10 11 19 28 34 38
1748 3028 7 10 11 19 29 34 37 38
2196 2564 6 10 11 19 29 34 38
1764 3188 8 10 11 20 21 23 25 35 38
3048 3654 6 10 11 20 21 23 25
2562 2152 7 10 11 20 21 25 35 36
3302 2458 7 10 11 20 21 25 35 36
2886 3288 7 10 11 20 21 25 35 40
3132 3216 6 10 11 20 21 25 35
3534 2330 6 10 11 20 21 25 35
1500 1100 6 10 11 20 21 25 35
3258 9496 5 10 11 20 21 29
1596 3034 8 10 11 22 34 37 38 39 40
2624 3434 7 10 11 22 34 37 38 39
2244 2930 7 10 11 22 34 38 39 40
3332 2754 6 10 11 22 34 38 39
2420 3320 8 10 11 23 24 25 27 35 38
3774 2996 6 10 11 23 24 25 27
3636 2242 7 10 11 23 24 25 36 38
3414 2562 7 10 11 23 24 25 36 38
1764 3334 6 10 11 23 24 25 38
3666 2848 6 10 11 23 24 25 38
2480 3642 6 10 11 23 25 26 33
3108 3608 6 10 11 23 25 26 33
2108 3864 8 10 11 23 25 27 34 35 38
956 2718 8 10 11 23 25 30 33 35 38
2480 1386 6 10 11 23 25 30 33
2828 2982 6 10 11 23 25 30 33
2960 1718 8 10 11 23 25 32 34 37 40
1808 3686 8 10 11 23 25 32 34 37 40
2376 2596 7 10 11 23 25 32 34 37
3702 2306 7 10 11 23 25 32 34 40
2552 972 7 10 11 23 25 32 34 40
2656 1816 6 10 11 23 25 32 34
2486 3034 6 10 11 23 25 32 34
3668 2256 7 10 11 23 25 34 36 38
1966 3442 8 10 11 23 25 34 37 38 40
2534 3556 7 10 11 23 25 34 37 38
2714 2230 7 10 11 23 25 34 38 40
2710 3716 7 10 11 23 25 34 38 40
1742 1862 6 10 11 23 25 34 38
2814 2844 6 10 11 23 25 34 38
3688 2708 6 10 11 23 25 34 38
3164 1954 7 10 11 24 25 27 35 36
3458 974 7 10 11 24 25 27 35 36
3396 3524 6 10 11 24 25 27 35
1770 3214 6 10 11 24 25 27 35
2944 1868 8 10 11 24 25 28 34 36 38
3054 3198 7 10 11 24 25 28 34 38
2380 2004 7 10 11 24 25 29 34 38
3416 3256 7 10 11 24 25 32 35 36
3564 3040 7 10 11 24 25 35 36 38
3060 2680 7 10 11 24 25 35 36 38
3498 3204 7 10 11 24 25 35 36 38
3288 3366 6 10 11 24 25 35 38
1170 2694 4 10 11 24 25
3120 2648 5 10 11 24 27 29
3744 3444 6 10 11 24 28 36 38
2988 2986 6 10 11 24 29 36 38
3016 2730 5 10 11 24 29 38
2416 3690 7 10 11 25 26 28 33 34
1996 3414 7 10 11 25 26 33 35 36
2498 3168 7 10 11 25 26 33 35 36
2566 2424 6 10 11 25 26 33 35
2730 1322 6 10 11 25 26 33 35
3194 3548 7 10 11 25 27 34 35 36
1972 3792 8 10 11 25 27 34 35 37 40
2540 3792 7 10 11 25 27 34 35 37
2716 3336 7 10 11 25 27 34 35 40
2820 2200 6 10 11 25 27 34 35
3426 3280 6 10 11 25 27 34 35
1996 2444 7 10 11 25 30 33 35 36
2224 2886 7 10 11 25 30 33 35 36
2566 3452 6 10 11 25 30 33 35
2450 2194 6 10 11 25 30 33 35
612 3804 6 10 11 25 30 33 35
2356 3092 9 10 11 25 32 34 35 36 37 40
1324 3632 9 10 11 25 32 34 35 36 37 40
1890 1806 8 10 11 25 32 34 35 36 37
3386 3628 8 10 11 25 32 34 35 36 37
3098 3442 8 10 11 25 32 34 35 36 40
2066 3652 8 10 11 25 32 34 35 36 40
1998 3106 7 10 11 25 32 34 35 36
2170 2706 7 10 11 25 32 34 35 36
2582 9478 8 10 11 25 32 34 35 37 40
1906 3214 8 10 11 25 32 34 35 37 40
2474 2884 7 10 11 25 32 34 35 37
3612 3074 7 10 11 25 32 34 35 37
3324 2222 7 10 11 25 32 34 35 40
2650 2498 7 10 11 25 32 34 35 40
2754 3020 6 10 11 25 32 34 35
2314 2188 6 10 11 25 32 34 35
2110 3588 8 10 11 25 34 35 36 38 40
1492 1652 7 10 11 25 34 35 36 38
2368 3018 7 10 11 25 34 35 36 38
3092 2884 7 10 11 25 34 35 36 38
3084 3080 7 10 11 25 34 35 36 38
2336 3414 7 10 11 25 34 35 38 40
3318 2670 6 10 11 25 34 35 38
2938 2810 6 10 11 25 34 35 38
3310 3636 6 10 11 25 34 35 38
1810 3664 6 10 11 25 34 35 38
1322 2544 6 10 11 25 34 37 40
1884 1718 5 10 11 25 34 37
2066 2534 5 10 11 25 34 40
2170 2680 4 10 11 25 34
3296 2862 6 10 11 26 28 33 36
3210 2568 5 10 11 26 28 33
2454 3376 5 10 11 26 29 33
3150 3844 5 10 11 27 29 34
3020 3530 6 10 11 28 30 33 36
2934 2590 5 10 11 28 30 33
3152 3288 8 10 11 28 32 34 36 37 40
2680 3804 6 10 11 28 32 34 36
3062 2184 7 10 11 28 32 34 37 40
2594 3586 5 10 11 28 32 34
2150 2528 8 10 11 28 34 36 37 38 40
3182 3150 7 10 11 28 34 36 37 38
2866 3194 7 10 11 28 34 36 38 40
1764 2974 6 10 11 28 34 36 38
2200 2720 7 10 11 28 34 37 38 40
3096 3762 6 10 11 28 34 37 38
2782 3040 6 10 11 28 34 38 40
2040 2624 5 10 11 28 34 38
2180 3076 5 10 11 29 30 33
2312 2152 7 10 11 29 32 34 37 40
3342 2078 6 10 11 29 32 34 37
3054 3744 6 10 11 29 32 34 40
1874 1428 5 10 11 29 32 34
3018 3154 6 10 11 29 34 36 38
1528 2120 7 10 11 29 34 37 38 40
2338 3238 6 10 11 29 34 37 38
2026 1596 6 10 11 29 34 38 40
1368 2612 5 10 11 29 34 38
1622 3482 9 10 11 31 34 36 37 38 39 40
2330 2140 8 10 11 31 34 36 37 38 39
1950 3766 8 10 11 31 34 36 38 39 40
3038 3576 7 10 11 31 34 36 38 39
1900 3202 8 10 11 31 34 37 38 39 40
2562 2890 7 10 11 31 34 37 38 39
2182 3206 7 10 11 31 34 38 39 40
3270 3588 6 10 11 31 34 38 39
150 1884 2 10 11
9602 536 1 10
9790 1864 1 11
3282 1524 8 12 13 14 15 19 28 32 36
3838 2502 7 12 13 14 15 19 28 32
1970 3132 7 12 13 14 15 19 29 32
2902 2144 8 12 13 14 15 28 32 36 40
3310 3404 7 12 13 14 15 28 32 36
3458 1436 7 12 13 14 15 28 32 40
1596 3660 7 12 13 14 15 29 32 40
2018 3916 6 12 13 14 15 29 32
3856 1528 8 12 13 15 16 19 26 28 32
3882 2412 8 12 13 15 16 19 28 30 32
3658 2302 8 12 13 15 16 26 28 32 40
3684 3642 8 12 13 15 16 28 30 32 40
2768 3678 9 12 13 15 16 30 31 32 39 40
3826 1266 8 12 13 15 16 30 31 32 39
2518 3330 10 12 13 15 17 18 31 32 36 39 40
3576 3518 9 12 13 15 17 18 31 32 36 39
2474 1932 9 12 13 15 17 18 31 32 39 40
3532 3560 8 12 13 15 17 18 31 32 39
2688 3442 9 12 13 15 19 22 32 37 39 40
2730 3342 9 12 13 15 19 22 32 37 39 40
3786 3342 8 12 13 15 19 22 32 37 39
3828 3336 8 12 13 15 19 22 32 37 39
3446 3346 8 12 13 15 19 22 32 39 40
3030 1748 8 12 13 15 19 22 32 39 40
3582 3310 7 12 13 15 19 22 32 39
2846 3000 9 12 13 15 19 22 37 38 39 40
3944 1108 8 12 13 15 19 22 37 38 39
3188 1572 8 12 13 15 19 22 38 39 40
3740 2104 7 12 13 15 19 22 38 39
3490 3062 8 12 13 15 19 23 25 32 40
3916 3526 8 12 13 15 19 23 25 32 40
3844 3374 7 12 13 15 19 23 25 32
3648 2954 8 12 13 15 19 23 25 38 40
3654 2712 8 12 13 15 19 25 27 35 40
3312 3404 9 12 13 15 19 25 32 35 36 40
3004 1066 9 12 13 15 19 25 32 35 36 40
3360 2310 8 12 13 15 19 25 32 35 36
3588 2270 8 12 13 15 19 25 32 35 40
3538 3576 8 12 13 15 19 25 32 35 40
2998 2592 6 12 13 15 19 25 40
3354 2480 5 12 13 15 19 25
3936 3674 6 12 13 15 19 27 29
3318 3838 6 12 13 15 19 27 29
3152 2174 9 12 13 15 19 27 31 37 39 40
3494 3266 8 12 13 15 19 27 31 39 40
3352 3626 9 12 13 15 19 28 32 36 37 40
2910 3902 7 12 13 15 19 28 32 36
2848 3264 7 12 13 15 19 28 32 36
3262 3512 8 12 13 15 19 28 32 37 40
3468 2854 6 12 13 15 19 28 32
2762 3300 6 12 13 15 19 28 32
3248 3188 7 12 13 15 19 29 32 36
2512 2398 8 12 13 15 19 29 32 37 40
3516 3302 7 12 13 15 19 29 32 37
3200 2732 7 12 13 15 19 29 32 40
1620 2790 6 12 13 15 19 29 32
2006 3238 6 12 13 15 19 29 32
3186 2384 7 12 13 15 19 29 36 38
3406 3126 7 12 13 15 19 29 36 38
3216 9464 6 12 13 15 19 29 38
2436 1928 10 12 13 15 19 31 32 36 37 39 40
2504 3498 10 12 13 15 19 31 32 36 37 39 40
3534 3860 9 12 13 15 19 31 32 36 37 39
3602 2092 9 12 13 15 19 31 32 36 37 39
2844 2800 9 12 13 15 19 31 32 36 39 40
3152 2462 9 12 13 15 19 31 32 36 39 40
3396 2858 8 12 13 15 19 31 32 36 39
3086 3488 9 12 13 15 19 31 32 37 39 40
2668 3560 9 12 13 15 19 31 32 37 39 40
3766 3848 8 12 13 15 19 31 32 37 39
3428 2668 8 12 13 15 19 31 32 39 40
3384 3502 8 12 13 15 19 31 32 39 40
2686 3042 9 12 13 15 22 23 32 38 39 40
3744 3132 8 12 13 15 22 23 32 38 39
3344 3464 7 12 13 15 22 27 39 40
2082 3342 10 12 13 15 22 32 35 36 38 39 40
3140 3198 9 12 13 15 22 32 35 36 38 39
2308 2178 9 12 13 15 22 32 35 38 39 40
3366 2958 8 12 13 15 22 32 35 38 39
2722 3384 8 12 13 15 22 32 37 39 40
3524 3750 8 12 13 15 22 32 37 39 40
3820 2790 7 12 13 15 22 32 37 39
2032 3754 7 12 13 15 22 32 39 40
3056 3386 7 12 13 15 22 32 39 40
3090 2492 6 12 13 15 22 32 39
3614 1888 6 12 13 15 22 32 39
3212 3230 8 12 13 15 22 36 38 39 40
2880 3376 8 12 13 15 22 37 38 39 40
3236 9672 7 12 13 15 22 38 39 40
3214 2220 7 12 13 15 22 38 39 40
3772 1710 6 12 13 15 22 38 39
3464 3624 7 12 13 15 23 25 32 40
3622 3464 7 12 13 15 23 25 38 40
2992 3796 9 12 13 15 23 27 31 32 39 40
3628 1916 7 12 13 15 25 27 35 40
2980 3798 8 12 13 15 25 32 35 36 40
3388 612 7 12 13 15 25 32 35 36
3562 2374 7 12 13 15 25 32 35 40
2978 3028 5 12 13 15 25 40
3386 3802 4 12 13 15 25
3120 1360 6 12 13 15 27 29 40
3562 3094 6 12 13 15 27 29 40
2388 2616 10 12 13 15 27 31 32 35 36 39 40
3446 2942 9 12 13 15 27 31 32 35 36 39
2614 3208 9 12 13 15 27 31 32 35 39 40
3672 3724 8 12 13 15 27 31 32 35 39
3044 3140 8 12 13 15 27 31 36 39 40
3186 9520 8 12 13 15 27 31 37 39 40
3670 2642 7 12 13 15 27 31 39 40
3282 1808 7 12 13 15 27 31 39 40
3520 3288 7 12 13 15 27 31 39 40
2650 2516 7 12 13 15 28 32 36 40
2536 3386 7 12 13 15 28 32 36 40
3642 3092 6 12 13 15 28 32 36
2944 2552 6 12 13 15 28 32 36
2564 2886 6 12 13 15 28 32 40
3092 1002 6 12 13 15 28 32 40
3556 3140 5 12 13 15 28 32
3500 1588 5 12 13 15 28 32
3744 3396 7 12 13 15 28 36 38 40
3774 2408 6 12 13 15 28 38 40
2874 1718 7 12 13 15 29 32 36 40
3282 2624 6 12 13 15 29 32 36
3306 2620 7 12 13 15 29 32 37 40
3476 3120 6 12 13 15 29 32 40
1808 3562 6 12 13 15 29 32 40
1334 2122 6 12 13 15 29 32 40
2798 3494 5 12 13 15 29 32
1862 3160 5 12 13 15 29 32
3032 3176 7 12 13 15 29 36 38 40
2988 3594 7 12 13 15 29 36 38 40
3440 3472 6 12 13 15 29 36 38
3018 3582 6 12 13 15 29 38 40
3666 2118 6 12 13 15 29 38 40
2536 1752 9 12 13 15 31 32 36 37 39 40
3230 3448 9 12 13 15 31 32 36 37 39 40
3634 3134 8 12 13 15 31 32 36 37 39
1732 2648 8 12 13 15 31 32 36 39 40
2872 3856 8 12 13 15 31 32 36 39 40
2790 2828 7 12 13 15 31 32 36 39
3428 2008 7 12 13 15 31 32 36 39
3810 2462 8 12 13 15 31 32 37 39 40
3462 2554 8 12 13 15 31 32 37 39 40
3120 1952 8 12 13 15 31 32 37 39 40
1970 2406 7 12 13 15 31 32 39 40
3454 3352 7 12 13 15 31 32 39 40
3028 2806 6 12 13 15 31 32 39
2942 3048 8 12 13 15 31 36 38 39 40
3174 1620 7 12 13 15 31 38 39 40
3464 3518 8 12 13 16 17 18 26 31 32
3504 2464 8 12 13 16 17 18 30 31 32
3018 2748 8 12 13 16 22 30 32 35 38
3334 2312 8 12 13 16 27 30 31 32 35
2718 3360 6 12 13 16 30 31 32
3900 2284 7 12 13 16 30 31 36 38
3124 3442 9 12 13 17 18 27 31 32 35 36
3080 3196 8 12 13 17 18 27 31 32 35
3780 2192 7 12 13 17 18 27 31 36
3742 2080 6 12 13 17 18 27 31
2468 1918 7 12 13 17 18 31 32 36
2430 2008 6 12 13 17 18 31 32
3610 3134 7 12 13 17 18 31 36 38
3634 2154 6 12 13 17 18 31 38
3804 2950 7 12 13 20 21 25 31 40
3716 3568 8 12 13 20 21 28 31 32 36
2410 2972 7 12 13 20 21 29 31 32
3732 3160 7 12 13 20 21 29 31 32
3282 3536 8 12 13 22 23 27 32 35 38
2626 1340 6 12 13 22 23 32 38
3276 3194 7 12 13 22 24 29 32 38
2990 2422 7 12 13 22 24 29 32 38
3334 3086 7 12 13 22 27 35 36 38
3566 1892 6 12 13 22 27 35 38
3284 2960 4 12 13 22 27
2022 962 7 12 13 22 32 35 36 38
2254 2298 6 12 13 22 32 35 38
1972 3322 4 12 13 22 32
3152 2666 5 12 13 22 36 38
3182 1942 4 12 13 22 38
2988 3030 9 12 13 23 27 31 32 35 36 38
3214 3534 8 12 13 23 27 31 32 35 38
2942 2476 6 12 13 23 27 31 32
3644 3152 7 12 13 23 27 31 36 38
3306 2678 7 12 13 24 27 29 31 32
3592 1220 7 12 13 24 27 29 31 32
3282 3334 7 12 13 25 30 31 33 40
3636 3074 6 12 13 25 30 31 33
2338 2030 7 12 13 27 31 32 35 36
2570 2822 6 12 13 27 31 32 35
3548 2880 7 12 13 27 31 35 36 38
3774 3534 6 12 13 27 31 35 38
3000 2602 5 12 13 27 31 36
3232 3204 4 12 13 27 31
3140 2820 8 12 13 28 30 31 32 33 36
3194 2450 8 12 13 28 30 31 32 33 36
3750 1334 7 12 13 28 30 31 32 33
3050 2924 7 12 13 28 30 31 32 33
1888 2446 7 12 13 29 30 31 32 33
2300 1476 7 12 13 29 30 31 32 33
1688 2562 5 12 13 31 32 36
1920 3078 4 12 13 31 32
2892 2376 5 12 13 31 36 38
3130 3190 4 12 13 31 38
9500 2338 1 12
9500 1256 1 13
2908 550 7 14 16 20 21 26 28 36
3452 2260 6 14 16 20 21 26 28
3490 1378 6 14 16 20 21 26 28
2200 1042 6 14 16 20 21 26 29
3516 3804 6 14 16 20 21 28 30
3804 3474 7 14 16 24 26 27 28 36
2486 2746 6 14 16 24 26 27 29
3762 3016 7 14 16 24 26 28 32 36
3832 3132 7 14 16 24 26 28 36 38
3818 2762 7 14 16 24 26 28 36 38
2442 3728 6 14 16 24 26 29 32
1956 3322 7 14 16 24 26 29 36 38
2590 2960 6 14 16 24 26 29 38
3882 1418 7 14 16 24 28 30 36 38
2346 3090 7 14 16 26 28 30 33 36
2890 2070 6 14 16 26 28 30 33
2904 1948 6 14 16 26 28 30 33
1724 3828 9 14 16 26 28 32 34 36 37 40
2242 2742 8 14 16 26 28 32 34 36 37
2418 3638 8 14 16 26 28 32 34 36 40
2522 2488 7 14 16 26 28 32 34 36
2218 2122 8 14 16 26 28 32 34 37 40
2786 1390 7 14 16 26 28 32 34 37
2962 3656 7 14 16 26 28 32 34 40
3066 2718 6 14 16 26 28 32 34
2720 2708 7 14 16 26 28 34 36 38
3264 2898 6 14 16 26 28 34 38
3300 2938 6 14 16 26 28 34 38
1278 3842 7 14 16 26 29 32 34 37
1928 2100 6 14 16 26 29 32 34
1546 2820 6 14 16 26 29 34 38
2282 1890 8 14 16 28 30 32 34 37 40
2848 1936 7 14 16 28 30 32 34 37
3024 3448 7 14 16 28 30 32 34 40
3128 3376 6 14 16 28 30 32 34
3326 2994 6 14 16 28 30 34 38
3016 3744 7 14 17 18 26 28 33 36
3574 1492 6 14 17 18 26 28 33
1710 3168 6 14 17 18 26 29 33
3056 3518 7 14 17 18 28 30 33 36
3614 2028 6 14 17 18 28 30 33
1750 2868 6 14 17 18 29 30 33
2642 3160 7 14 20 21 22 37 39 40
3740 3032 6 14 20 21 22 37 39
2978 2990 6 14 20 21 22 39 40
3534 3244 5 14 20 21 22 39
3438 1286 6 14 20 21 23 25 40
3446 3392 7 14 20 21 23 28 32 36
2330 2886 6 14 20 21 23 29 32
2952 3002 7 14 20 21 25 35 36 40
3314 2538 6 14 20 21 25 35 36
3536 3476 6 14 20 21 25 35 40
3514 9576 7 14 20 21 27 28 35 36
2234 3396 6 14 20 21 27 29 35
3442 2040 7 14 20 21 28 32 35 36
3542 304 7 14 20 21 28 35 36 38
2864 3634 5 14 20 21 28 36
3422 1888 4 14 20 21 28
2160 2920 6 14 20 21 29 32 35
1914 3736 7 14 20 21 29 35 36 38
2338 2746 6 14 20 21 29 35 38
3202 3018 5 14 20 21 29 36
3570 3224 5 14 20 21 29 40
2004 3432 4 14 20 21 29
2458 3248 8 14 20 21 31 36 37 39 40
3556 3578 7 14 20 21 31 36 37 39
2792 2870 7 14 20 21 31 36 39 40
3350 2348 6 14 20 21 31 36 39
3040 3184 7 14 20 21 31 37 39 40
3376 3564 6 14 20 21 31 39 40
3538 3004 7 14 22 24 27 37 39 40
3874 3078 6 14 22 24 27 39 40
3496 3272 7 14 22 24 32 37 39 40
3008 3186 8 14 22 24 36 37 38 39 40
3344 2622 7 14 22 24 36 38 39 40
3644 1936 7 14 22 24 37 38 39 40
2080 2688 7 14 22 26 33 37 39 40
3178 2224 6 14 22 26 33 37 39
2416 3714 6 14 22 26 33 39 40
2972 2854 5 14 22 26 33 39
2080 2708 7 14 22 30 33 37 39 40
3178 3454 6 14 22 30 33 37 39
2416 3882 6 14 22 30 33 39 40
2972 2480 5 14 22 30 33 39
2302 3658 7 14 22 32 34 37 39 40
2250 3026 7 14 22 32 34 37 39 40
2864 2866 6 14 22 32 34 37 39
2592 2380 6 14 22 32 34 39 40
3148 1756 5 14 22 32 34 39
2448 2184 7 14 22 34 37 38 39 40
3546 3480 6 14 22 34 37 38 39
2790 3206 6 14 22 34 38 39 40
3346 9500 5 14 22 34 38 39
3804 3372 7 14 23 24 25 36 38 40
3036 2234 6 14 23 24 27 29 32
3098 2790 6 14 23 24 27 29 38
2506 2010 7 14 23 24 29 32 36 38
3056 2702 6 14 23 24 29 32 38
3140 3504 6 14 23 24 29 32 38
2876 3840 6 14 23 25 26 33 40
3232 3418 5 14 23 25 26 33
2876 3284 6 14 23 25 30 33 40
3232 3090 5 14 23 25 30 33
2560 3120 7 14 23 25 32 34 37 40
3126 2382 6 14 23 25 32 34 37
3052 1998 6 14 23 25 32 34 40
3406 3460 5 14 23 25 32 34
3250 2486 6 14 23 25 34 38 40
3604 3236 5 14 23 25 34 38
2884 3534 7 14 23 26 28 32 33 36
3440 3262 6 14 23 26 28 32 33
1578 3160 6 14 23 26 29 32 33
2884 2110 7 14 23 28 30 32 33 36
3440 2356 6 14 23 28 30 32 33
3256 3854 7 14 23 28 32 34 36 38
3814 3360 6 14 23 28 32 34 38
1578 2868 6 14 23 29 30 32 33
1950 3120 6 14 23 29 32 34 38
3848 3140 7 14 24 25 27 35 36 40
3806 2282 7 14 24 25 32 35 36 40
3902 3420 7 14 24 25 35 36 38 40
3032 2518 6 14 24 27 29 32 35
2574 2860 7 14 24 27 29 35 36 38
3210 3062 6 14 24 27 29 35 38
2454 2844 4 14 24 27 29
3354 2202 8 14 24 27 31 36 37 39 40
3688 1536 7 14 24 27 31 36 39 40
2412 1800 4 14 24 29 32
1924 3214 5 14 24 29 36 38
2560 2410 4 14 24 29 38
3310 3142 8 14 24 31 32 36 37 39 40
3646 3080 7 14 24 31 32 36 39 40
3406 3396 8 14 24 31 36 37 38 39 40
3742 2914 7 14 24 31 36 38 39 40
2392 720 7 14 25 26 33 35 36 40
2746 3540 6 14 25 26 33 35 36
2974 2978 6 14 25 26 33 35 40
3330 2896 5 14 25 26 33 35
2392 2146 7 14 25 30 33 35 36 40
2746 3414 6 14 25 30 33 35 36
2974 1078 6 14 25 30 33 35 40
3330 3218 5 14 25 30 33 35
2110 2468 8 14 25 32 34 35 36 37 40
2642 2250 7 14 25 32 34 35 36 37
2566 760 7 14 25 32 34 35 36 40
2922 2264 6 14 25 32 34 35 36
2658 1950 7 14 25 32 34 35 37 40
3224 3328 6 14 25 32 34 35 37
3150 2380 6 14 25 32 34 35 40
3504 2886 5 14 25 32 34 35
2764 3730 7 14 25 34 35 36 38 40
3120 3194 6 14 25 34 35 36 38
3348 3620 6 14 25 34 35 38 40
3702 2750 5 14 25 34 35 38
1418 2294 7 14 26 28 29 32 33 34
2302 2440 5 14 26 28 33 36
2860 2846 4 14 26 28 33
2640 3964 5 14 26 29 33 36
992 608 4 14 26 29 33
1896 1358 8 14 26 31 33 36 37 39 40
2994 2042 7 14 26 31 33 36 37 39
2232 2972 7 14 26 31 33 36 39 40
2788 3030 6 14 26 31 33 36 39
2478 3544 7 14 26 31 33 37 39 40
3576 2694 6 14 26 31 33 37 39
2814 3714 6 14 26 31 33 39 40
3370 2836 5 14 26 31 33 39
2952 2780 7 14 27 28 30 33 35 36
3508 2488 6 14 27 28 30 33 35
1646 3516 6 14 27 29 30 33 35
2656 2864 6 14 27 29 34 37 40
3218 2630 5 14 27 29 34 37
3400 3002 5 14 27 29 34 40
3504 3250 4 14 27 29 34
2878 1724 7 14 28 30 32 33 35 36
3436 3782 6 14 28 30 32 33 35
2978 2746 7 14 28 30 33 35 36 38
3614 2654 6 14 28 30 33 35 38
2302 1358 5 14 28 30 33 36
2860 3580 4 14 28 30 33
1630 2756 7 14 28 32 34 36 37 40
2192 2696 6 14 28 32 34 36 37
2374 3114 6 14 28 32 34 36 40
2472 2210 5 14 28 32 34 36
2188 3488 6 14 28 32 34 37 40
2750 3448 5 14 28 32 34 37
2930 850 5 14 28 32 34 40
3030 3162 4 14 28 32 34
2670 3726 5 14 28 34 36 38
3228 3420 4 14 28 34 38
1572 2910 6 14 29 30 32 33 35
1750 832 6 14 29 30 33 35 38
2640 3924 5 14 29 30 33 36
992 3554 4 14 29 30 33
1968 3232 7 14 29 32 34 36 37 40
2530 2200 6 14 29 32 34 36 37
2712 992 6 14 29 32 34 36 40
2816 906 5 14 29 32 34 36
1100 2614 6 14 29 32 34 37 40
1082 2180 5 14 29 32 34 37
3314 3008 5 14 29 32 34 40
1428 3364 5 14 29 32 34 40
1732 3646 4 14 29 32 34
2126 2984 7 14 29 34 36 37 38 40
2688 2622 6 14 29 34 36 37 38
2870 1866 6 14 29 34 36 38 40
2974 2940 5 14 29 34 36 38
2762 2934 6 14 29 34 37 38 40
3324 2460 5 14 29 34 37 38
3504 3376 5 14 29 34 38 40
1364 3274 4 14 29 34 38
1896 2200 8 14 30 31 33 36 37 39 40
2994 3428 7 14 30 31 33 36 37 39
2232 3314 7 14 30 31 33 36 39 40
2788 2894 6 14 30 31 33 36 39
2478 2300 7 14 30 31 33 37 39 40
3576 3134 6 14 30 31 33 37 39
2814 3192 6 14 30 31 33 39 40
3370 3610 5 14 30 31 33 39
2066 3672 8 14 31 32 34 36 37 39 40
2116 2406 8 14 31 32 34 36 37 39 40
2678 3618 7 14 31 32 34 36 37 39
2406 3164 7 14 31 32 34 36 39 40
2962 3742 6 14 31 32 34 36 39
2710 3446 7 14 31 32 34 37 39 40
2648 2164 7 14 31 32 34 37 39 40
3262 3646 6 14 31 32 34 37 39
2990 3034 6 14 31 32 34 39 40
3546 2798 5 14 31 32 34 39
2264 2790 8 14 31 34 36 37 38 39 40
3362 2150 7 14 31 34 36 37 38 39
2604 2988 7 14 31 34 36 38 39 40
3160 2592 6 14 31 34 36 38 39
2846 3198 7 14 31 34 37 38 39 40
3188 3100 6 14 31 34 38 39 40
3744 3740 5 14 31 34 38 39
70 3526 1 14
3442 2934 8 15 16 19 26 28 34 38 39
3468 2878 8 15 16 19 28 30 34 38 39
3244 3042 8 15 16 26 28 34 38 39 40
3270 3564 8 15 16 28 30 34 38 39 40
3084 3128 9 15 19 20 21 28 36 37 39 40
3164 2870 8 15 19 20 21 28 37 39 40
2494 3446 8 15 19 20 21 29 37 39 40
3342 830 7 15 19 20 21 29 37 39
2958 2430 7 15 19 20 21 29 39 40
3502 1214 8 15 19 23 25 34 38 39 40
2944 3346 9 15 19 24 27 28 36 37 39 40
3660 2486 8 15 19 24 27 28 36 39 40
3024 3566 8 15 19 24 27 28 37 39 40
3576 2674 7 15 19 24 27 28 39 40
2352 3462 8 15 19 24 27 29 37 39 40
3200 3574 7 15 19 24 27 29 37 39
2820 1880 7 15 19 24 27 29 39 40
3908 2122 6 15 19 24 27 29 39
3926 2592 9 15 19 24 28 32 36 37 39 40
3834 2952 8 15 19 24 28 32 37 39 40
2782 3086 9 15 19 24 28 36 37 38 39 40
3824 2978 8 15 19 24 28 36 37 38 39
3444 2274 8 15 19 24 28 36 38 39 40
3120 2218 8 15 19 24 28 37 38 39 40
3854 3580 7 15 19 24 28 37 38 39
3472 2352 7 15 19 24 28 38 39 40
3084 3110 8 15 19 24 29 32 37 39 40
3802 3382 7 15 19 24 29 32 39 40
2110 3496 9 15 19 24 29 36 37 38 39 40
3068 3436 8 15 19 24 29 36 37 38 39
2688 3786 8 15 19 24 29 36 38 39 40
3776 3446 7 15 19 24 29 36 38 39
2450 3638 8 15 19 24 29 37 38 39 40
3112 1122 7 15 19 24 29 37 38 39
2716 3124 7 15 19 24 29 38 39 40
3804 3052 6 15 19 24 29 38 39
2898 3550 9 15 19 25 34 35 36 38 39 40
3946 3250 8 15 19 25 34 35 36 38 39
3144 2182 8 15 19 25 34 35 38 39 40
2278 2830 9 15 19 26 28 33 36 37 39 40
3376 2188 8 15 19 26 28 33 36 37 39
2996 3470 8 15 19 26 28 33 36 39 40
2194 2714 8 15 19 26 28 33 37 39 40
3292 2120 7 15 19 26 28 33 37 39
2910 3652 7 15 19 26 28 33 39 40
1438 2426 8 15 19 26 29 33 37 39 40
2536 2612 7 15 19 26 29 33 37 39
2154 2870 7 15 19 26 29 33 39 40
3242 3894 6 15 19 26 29 33 39
2004 3774 9 15 19 28 30 33 36 37 39 40
3102 3500 8 15 19 28 30 33 36 37 39
2720 3662 8 15 19 28 30 33 36 39 40
3808 3290 7 15 19 28 30 33 36 39
1918 3124 8 15 19 28 30 33 37 39 40
3016 2926 7 15 19 28 30 33 37 39
2634 2494 7 15 19 28 30 33 39 40
3722 3194 6 15 19 28 30 33 39
3468 2592 7 15 19 28 32 34 36 39
3676 3340 6 15 19 28 32 34 39
3058 3052 9 15 19 28 34 36 37 38 39 40
2866 3538 9 15 19 28 34 36 37 38 39 40
3942 3028 8 15 19 28 34 36 37 38 39
3964 3434 8 15 19 28 34 36 37 38 39
3580 2978 8 15 19 28 34 36 38 39 40
2898 3544 7 15 19 28 34 36 38 39
2780 3524 8 15 19 28 34 37 38 39 40
3496 1732 7 15 19 28 34 38 39 40
3580 3818 7 15 19 28 34 38 39 40
3172 2658 6 15 19 28 34 38 39
1162 3096 8 15 19 29 30 33 37 39 40
2260 2534 7 15 19 29 30 33 37 39
1880 926 7 15 19 29 30 33 39 40
2968 2820 6 15 19 29 30 33 39
3042 9390 8 15 19 29 32 34 37 39 40
3774 2880 7 15 19 29 32 34 39 40
3006 3266 6 15 19 29 32 34 39
3806 2586 7 15 19 29 34 36 38 39
2024 2910 8 15 19 29 34 37 38 39 40
3122 2012 7 15 19 29 34 37 38 39
2740 3744 7 15 19 29 34 38 39 40
2800 3428 7 15 19 29 34 38 39 40
2502 3244 6 15 19 29 34 38 39
3776 3358 6 15 19 29 34 38 39
622 2844 5 15 19 37 39 40
1286 1874 4 15 19 37 39
608 2228 4 15 19 39 40
1286 3306 3 15 19 39
3036 3152 7 15 20 21 29 37 39 40
3738 3804 8 15 24 27 28 36 37 39 40
3652 3336 7 15 24 27 28 37 39 40
2894 3558 7 15 24 27 29 37 39 40
3612 2810 6 15 24 27 29 39 40
3520 3234 8 15 24 28 36 37 38 39 40
3550 2936 7 15 24 28 37 38 39 40
2762 1368 8 15 24 29 36 37 38 39 40
3860 2288 7 15 24 29 36 37 38 39
3480 3358 7 15 24 29 36 38 39 40
2792 2450 7 15 24 29 37 38 39 40
3508 2994 6 15 24 29 38 39 40
3690 3256 8 15 25 34 35 36 38 39 40
3916 2734 7 15 25 34 35 38 39 40
3072 3900 8 15 26 28 33 36 37 39 40
2988 2634 7 15 26 28 33 37 39 40
2230 2912 7 15 26 29 33 37 39 40
3328 2354 6 15 26 29 33 37 39
2946 3066 6 15 26 29 33 39 40
3740 2240 6 15 27 29 34 39 40
2798 3722 8 15 28 30 33 36 37 39 40
3514 3856 7 15 28 30 33 36 39 40
2712 3274 7 15 28 30 33 37 39 40
3428 3338 6 15 28 30 33 39 40
3270 1404 7 15 28 32 34 36 39 40
3398 1274 6 15 28 32 34 39 40
3660 2720 8 15 28 34 36 37 38 39 40
2620 2516 7 15 28 34 36 38 39 40
3226 3534 6 15 28 34 36 38 39
3574 2194 7 15 28 34 37 38 39 40
2894 3134 6 15 28 34 38 39 40
3446 3702 5 15 28 34 38 39
1954 622 7 15 29 30 33 37 39 40
3052 3138 6 15 29 30 33 37 39
2672 3744 6 15 29 30 33 39 40
2728 3148 6 15 29 32 34 39 40
3418 2982 5 15 29 32 34 39
3608 3702 7 15 29 34 36 38 39 40
2816 1216 7 15 29 34 37 38 39 40
2224 3552 6 15 29 34 38 39 40
3532 3176 6 15 29 34 38 39 40
3638 2482 6 15 29 34 38 39 40
2774 2000 5 15 29 34 38 39
866 3130 4 15 37 39 40
1528 3046 3 15 37 39
1000 2718 3 15 39 40
850 2358 3 15 39 40
1528 3744 2 15 39
9464 2368 1 15
2520 810 8 16 17 18 23 26 27 35 38
3496 1928 8 16 17 18 23 26 32 35 38
2560 3262 8 16 17 18 23 27 30 35 38
3536 2216 8 16 17 18 23 30 32 35 38
3160 1686 8 16 17 18 25 26 34 35 38
3200 3070 8 16 17 18 25 30 34 35 38
1872 2210 6 16 17 18 26 27 35
2734 2602 8 16 17 18 26 28 30 33 36
2688 3826 7 16 17 18 26 28 30 33
3278 2486 7 16 17 18 26 28 30 33
3302 2798 7 16 17 18 26 28 30 33
2702 3144 7 16 17 18 26 28 30 33
1420 3442 7 16 17 18 26 29 30 33
3040 1110 8 16 17 18 26 31 34 38 39
2818 3308 6 16 17 18 26 32 35
1740 2988 7 16 17 18 26 35 36 38
1768 2568 6 16 17 18 26 35 38
1276 3036 4 16 17 18 26
1912 3070 6 16 17 18 27 30 35
3080 2888 8 16 17 18 30 31 34 38 39
2858 3468 6 16 17 18 30 32 35
1780 2606 7 16 17 18 30 35 36 38
1808 3054 6 16 17 18 30 35 38
1316 3704 4 16 17 18 30
3774 3086 8 16 19 24 26 28 36 37 38
3804 2496 7 16 19 24 26 28 37 38
3800 3172 8 16 19 24 28 30 36 37 38
3830 3590 7 16 19 24 28 30 37 38
2966 2980 7 16 19 26 28 30 33 37
3642 3730 6 16 19 26 28 30 33
3774 3438 8 16 19 26 28 32 34 37 40
3828 2474 7 16 19 26 28 34 37 38
3800 3352 8 16 19 28 30 32 34 37 40
3854 866 7 16 19 28 30 34 37 38
2320 3272 8 16 20 21 22 26 37 39 40
3418 3240 7 16 20 21 22 26 37 39
2656 1422 7 16 20 21 22 26 39 40
3212 2694 6 16 20 21 22 26 39
3116 2604 7 16 20 21 23 25 26 40
3476 3166 6 16 20 21 23 25 26
3124 2398 8 16 20 21 23 26 28 32 36
3680 3440 7 16 20 21 23 26 28 32
2382 3052 7 16 20 21 23 26 29 32
2630 3112 8 16 20 21 25 26 35 36 40
3066 3340 7 16 20 21 25 26 35 36
3200 3882 7 16 20 21 25 26 35 40
3562 1580 6 16 20 21 25 26 35
3198 3200 7 16 20 21 25 30 35 40
3558 2694 6 16 20 21 25 30 35
3190 1922 6 16 20 21 25 30 35
3192 3022 8 16 20 21 26 27 28 35 36
3736 3034 7 16 20 21 26 27 28 35
2274 3336 7 16 20 21 26 27 29 35
3856 2754 8 16 20 21 26 28 35 36 38
3206 2404 8 16 20 21 26 28 35 36 38
3842 2972 7 16 20 21 26 28 35 38
2542 2600 6 16 20 21 26 28 36
3338 3140 5 16 20 21 26 28
3086 3494 5 16 20 21 26 28
1954 3762 8 16 20 21 26 29 35 36 38
2378 2308 7 16 20 21 26 29 35 38
2878 3562 6 16 20 21 26 29 36
3234 2630 6 16 20 21 26 29 40
2044 2942 5 16 20 21 26 29
3474 2876 5 16 20 21 26 29
2330 3212 9 16 20 21 26 31 36 37 39 40
3234 2954 8 16 20 21 26 31 36 37 39
2470 2910 8 16 20 21 26 31 36 39 40
3028 3566 7 16 20 21 26 31 36 39
2706 3666 8 16 20 21 26 31 37 39 40
3804 3086 7 16 20 21 26 31 37 39
3040 3234 7 16 20 21 26 31 39 40
3598 3546 6 16 20 21 26 31 39
3800 2566 7 16 20 21 27 28 30 35
3882 2872 8 16 20 21 28 30 35 36 38
3270 1194 8 16 20 21 28 30 35 36 38
3904 2522 7 16 20 21 28 30 35 38
3150 3786 5 16 20 21 28 30
3364 2788 5 16 20 21 28 30
3488 1694 5 16 20 21 29 30
2742 3068 8 16 20 21 30 31 37 39 40
2952 1912 8 16 20 21 30 31 37 39 40
3840 3072 7 16 20 21 30 31 37 39
3078 1924 7 16 20 21 30 31 39 40
3666 3192 7 16 20 21 30 31 39 40
3634 3546 6 16 20 21 30 31 39
3216 3610 8 16 22 24 26 27 37 39 40
3552 2864 7 16 22 24 26 27 39 40
2686 3780 9 16 22 24 26 36 37 38 39 40
3784 2640 8 16 22 24 26 36 37 38 39
3022 3668 8 16 22 24 26 36 38 39 40
3578 2192 7 16 22 24 26 36 38 39
3322 2368 8 16 22 24 26 37 38 39 40
3656 3812 7 16 22 24 26 38 39 40
1758 3624 8 16 22 26 30 33 37 39 40
2856 2756 7 16 22 26 30 33 37 39
2094 2428 7 16 22 26 30 33 39 40
2650 2620 6 16 22 26 30 33 39
2126 3262 8 16 22 26 34 37 38 39 40
3224 3086 7 16 22 26 34 37 38 39
2468 2044 7 16 22 26 34 38 39 40
3024 1096 6 16 22 26 34 38 39
3482 3338 8 16 23 24 25 26 36 38 40
3842 2724 7 16 23 24 25 26 36 38
4020 3724 8 16 23 24 26 27 28 32 36
3846 2866 7 16 23 24 26 27 28 38
2714 2638 7 16 23 24 26 27 29 32
2764 3532 7 16 23 24 26 27 29 38
2184 830 8 16 23 24 26 29 32 36 38
2818 2872 7 16 23 24 26 29 32 38
3872 3216 7 16 23 24 27 28 30 38
2554 3170 7 16 23 25 26 30 33 40
2910 2040 6 16 23 25 26 30 33
2928 2526 7 16 23 25 26 34 38 40
3282 1984 6 16 23 25 26 34 38
3844 3352 7 16 23 26 27 28 34 38
2562 2384 8 16 23 26 28 30 32 33 36
3118 2702 7 16 23 26 28 30 32 33
2934 1950 8 16 23 26 28 32 34 36 38
3492 3092 7 16 23 26 28 32 34 38
1728 3036 7 16 23 26 29 32 34 38
1736 3634 6 16 23 27 30 35 38
2712 3456 6 16 23 30 32 35 38
3526 2296 8 16 24 25 26 27 35 36 40
3888 2920 7 16 24 25 26 27 35 36
3566 3398 8 16 24 25 26 35 36 38 40
3648 9516 7 16 24 25 27 30 35 40
3564 3278 8 16 24 25 30 35 36 38 40
3510 1948 8 16 24 25 30 35 36 38 40
3540 2990 7 16 24 25 30 35 38 40
3714 3910 8 16 24 26 27 28 35 36 38
3744 3188 7 16 24 26 27 28 35 38
3438 1986 6 16 24 26 27 28 36
3702 2772 7 16 24 26 27 28 37 40
3196 2688 5 16 24 26 27 28
2240 2752 8 16 24 26 27 29 35 36 38
2874 2764 7 16 24 26 27 29 35 38
3764 3378 6 16 24 26 27 29 36
2120 2670 5 16 24 26 27 29
3032 2802 9 16 24 26 27 31 36 37 39 40
3366 352 8 16 24 26 27 31 36 39 40
3924 2910 7 16 24 26 27 31 36 39
3602 3174 8 16 24 26 27 31 37 39 40
3564 2364 8 16 24 26 28 36 37 38 40
3452 3454 6 16 24 26 28 36 38
3064 2046 6 16 24 26 28 36 38
3594 3332 7 16 24 26 28 37 38 40
3094 3744 5 16 24 26 28 38
3720 3742 6 16 24 26 29 32 36
3840 2870 6 16 24 26 29 36 38
1624 3038 6 16 24 26 29 36 38
2224 3224 5 16 24 26 29 38
3072 3792 9 16 24 26 31 36 37 38 39 40
3406 3384 8 16 24 26 31 36 38 39 40
3706 2798 8 16 24 26 31 37 38 39 40
3740 3408 8 16 24 27 28 30 35 36 38
3770 3434 7 16 24 27 28 30 35 38
3728 3846 7 16 24 27 28 30 37 40
3222 2510 5 16 24 27 28 30
3638 2068 8 16 24 27 30 31 37 39 40
2810 3242 8 16 24 27 30 31 37 39 40
3908 3036 7 16 24 27 30 31 37 39
3528 1160 7 16 24 27 30 31 39 40
3590 3104 8 16 24 28 30 36 37 38 40
3516 3774 6 16 24 28 30 36 38
3090 3440 6 16 24 28 30 36 38
3620 3566 7 16 24 28 30 37 38 40
3120 1688 5 16 24 28 30 38
3854 3450 6 16 24 29 30 36 38
3786 3538 8 16 24 30 31 32 37 39 40
3108 2594 9 16 24 30 31 36 37 38 39 40
2674 3258 9 16 24 30 31 36 37 38 39 40
3772 2816 8 16 24 30 31 36 37 38 39
3444 2692 8 16 24 30 31 36 38 39 40
3390 1158 8 16 24 30 31 36 38 39 40
2702 2870 8 16 24 30 31 37 38 39 40
3744 3152 8 16 24 30 31 37 38 39 40
3800 2530 7 16 24 30 31 37 38 39
3420 3762 7 16 24 30 31 38 39 40
2070 2024 8 16 25 26 30 33 35 36 40
2424 3296 7 16 25 26 30 33 35 36
2624 2188 7 16 25 26 30 33 35 40
2982 2684 7 16 25 26 30 33 35 40
2978 3514 6 16 25 26 30 33 35
2442 3238 8 16 25 26 34 35 36 38 40
2798 2392 7 16 25 26 34 35 36 38
3012 2232 7 16 25 26 34 35 38 40
3368 3310 6 16 25 26 34 35 38
3864 2766 8 16 25 30 32 34 35 37 40
3408 3258 6 16 25 30 32 34 35
3562 2680 7 16 25 30 34 35 38 40
3010 2650 7 16 25 30 34 35 38 40
2590 3636 6 16 25 30 34 35 38
3364 2494 6 16 25 30 34 35 38
2630 3058 8 16 26 27 28 30 33 35 36
2518 3174 7 16 26 27 28 30 33 35
3174 2474 7 16 26 27 28 30 33 35
3714 2848 8 16 26 27 28 34 35 36 38
3742 3610 7 16 26 27 28 34 35 38
3640 3238 8 16 26 27 28 34 36 37 40
3700 1630 7 16 26 27 28 34 37 40
3196 2798 5 16 26 27 28 34
2322 3176 7 16 26 27 29 34 37 40
2884 3394 6 16 26 27 29 34 37
3064 3492 6 16 26 27 29 34 40
3168 1454 5 16 26 27 29 34
3464 3326 7 16 26 28 30 32 33 35
2680 3610 8 16 26 28 30 33 35 36 38
2380 3054 8 16 26 28 30 33 35 36 38
2644 3848 8 16 26 28 30 33 35 36 38
2410 3222 7 16 26 28 30 33 35 38
3278 2832 7 16 26 28 30 33 35 38
1980 2296 6 16 26 28 30 33 36
2756 3272 7 16 26 28 30 33 37 40
3472 3072 6 16 26 28 30 33 40
2558 2988 5 16 26 28 30 33
2524 3424 5 16 26 28 30 33
2256 2572 5 16 26 28 30 33
2562 2536 5 16 26 28 30 33
3496 2974 8 16 26 28 32 34 36 37 40
2382 2054 7 16 26 28 32 34 37 40
3414 2488 6 16 26 28 32 34 37
3126 3774 6 16 26 28 32 34 40
1882 2432 5 16 26 28 32 34
3654 1970 8 16 26 28 34 36 37 38 40
3564 2962 8 16 26 28 34 36 37 38 40
3064 2910 6 16 26 28 34 36 38
2348 3664 6 16 26 28 34 36 38
3592 3118 7 16 26 28 34 37 38 40
3092 3028 5 16 26 28 34 38
2892 3834 5 16 26 28 34 38
3118 2070 5 16 26 28 34 38
2306 1914 6 16 26 29 30 33 36
666 3376 5 16 26 29 30 33
2912 1874 5 16 26 29 30 33
1974 2936 8 16 26 29 32 34 36 37 40
2196 3066 7 16 26 29 32 34 36 37
2376 2318 7 16 26 29 32 34 36 40
2606 3328 6 16 26 29 32 34 36
2236 2350 7 16 26 29 32 34 37 40
2798 2950 6 16 26 29 32 34 37
2980 1778 6 16 26 29 32 34 40
3084 2666 5 16 26 29 32 34
1792 3226 8 16 26 29 34 36 37 38 40
2354 3198 7 16 26 29 34 36 37 38
2534 2004 7 16 26 29 34 36 38 40
2638 3418 6 16 26 29 34 36 38
2426 2872 7 16 26 29 34 37 38 40
2988 3178 6 16 26 29 34 37 38
3170 2690 6 16 26 29 34 38 40
3274 1648 5 16 26 29 34 38
1390 3314 5 16 26 29 34 38
2672 3354 8 16 26 30 31 33 36 37 39
1910 1710 8 16 26 30 31 33 36 39 40
2466 2934 7 16 26 30 31 33 36 39
2146 2466 8 16 26 30 31 33 37 39 40
2144 1696 8 16 26 30 31 33 37 39 40
3242 3510 7 16 26 30 31 33 37 39
3244 3108 7 16 26 30 31 33 37 39
2862 2640 7 16 26 30 31 33 39 40
2480 1314 7 16 26 30 31 33 39 40
3036 3464 6 16 26 30 31 33 39
1942 2044 9 16 26 31 34 36 37 38 39 40
3040 2210 8 16 26 31 34 36 37 38 39
2282 1808 8 16 26 31 34 36 38 39 40
2838 2980 7 16 26 31 34 36 38 39
2512 3504 8 16 26 31 34 37 38 39 40
3610 3508 7 16 26 31 34 37 38 39
2852 1950 7 16 26 31 34 38 39 40
3408 3146 6 16 26 31 34 38 39
120 2060 2 16 26
3726 2784 7 16 27 28 30 34 37 40
2910 2984 8 16 27 30 31 34 35 38 39
1216 2390 4 16 27 30 35
3560 1870 8 16 28 30 32 34 36 37 40
2408 1578 7 16 28 30 32 34 37 40
3440 3642 6 16 28 30 32 34 37
3152 2054 6 16 28 30 32 34 40
3718 1640 8 16 28 30 34 36 37 38 40
3590 2196 8 16 28 30 34 36 37 38 40
3618 3062 7 16 28 30 34 37 38 40
3144 3574 5 16 28 30 34 38
2956 3056 5 16 28 30 34 38
3298 3562 5 16 29 30 34 38
3744 2794 8 16 30 31 32 34 37 39 40
3802 3574 8 16 30 31 32 34 37 39 40
3328 2928 6 16 30 31 32 34 39
2728 3426 8 16 30 31 34 37 38 39 40
2548 3004 8 16 30 31 34 37 38 39 40
3826 2776 7 16 30 31 34 37 38 39
3646 3202 7 16 30 31 34 37 38 39
3442 3742 7 16 30 31 34 38 39 40
2890 3610 7 16 30 31 34 38 39 40
2550 3590 6 16 30 31 34 38 39
3446 1992 6 16 30 31 34 38 39
2038 2088 4 16 30 32 35
974 2806 5 16 30 35 36 38
1314 3516 4 16 30 35 38
830 3360 2 16 30
9532 1614 1 16
2364 2084 8 17 18 19 26 28 33 36 37
3040 2762 7 17 18 19 26 28 33 36
2278 2668 7 17 18 19 26 28 33 37
2954 3228 6 17 18 19 26 28 33
1538 2834 7 17 18 19 26 29 33 37
2200 1936 6 17 18 19 26 29 33
2404 3564 8 17 18 19 28 30 33 36 37
3080 2776 7 17 18 19 28 30 33 36
2318 3744 7 17 18 19 28 30 33 37
2994 2050 6 17 18 19 28 30 33
1578 986 7 17 18 19 29 30 33 37
2240 2004 6 17 18 19 29 30 33
3570 3292 8 17 18 20 21 25 35 36 40
3366 3436 8 17 18 20 21 25 35 36 40
3728 1872 7 17 18 20 21 25 35 36
3194 3722 7 17 18 20 21 25 35 36
3532 3504 7 17 18 20 21 25 35 40
3396 3528 6 17 18 20 21 25 35
3590 2032 6 17 18 20 21 29 36
2696 2748 9 17 18 20 21 31 36 37 39 40
2872 9466 9 17 18 20 21 31 36 37 39 40
3794 2420 8 17 18 20 21 31 36 37 39
3410 2688 8 17 18 20 21 31 36 39 40
3206 1526 8 17 18 20 21 31 36 39 40
3764 2358 7 17 18 20 21 31 36 39
3442 2814 8 17 18 20 21 31 37 39 40
2682 2378 8 17 18 20 21 31 37 39 40
3754 2910 7 17 18 20 21 31 37 39
3372 3388 7 17 18 20 21 31 39 40
3776 2560 7 17 18 20 21 31 39 40
1536 3422 8 17 18 22 26 33 37 39 40
2428 3446 8 17 18 22 26 33 37 39 40
3526 2170 7 17 18 22 26 33 37 39
2634 2270 7 17 18 22 26 33 37 39
2764 3776 7 17 18 22 26 33 39 40
2252 2036 7 17 18 22 26 33 39 40
3320 1438 6 17 18 22 26 33 39
3340 3204 6 17 18 22 26 33 39
1576 1846 8 17 18 22 30 33 37 39 40
2468 3666 8 17 18 22 30 33 37 39 40
3566 1396 7 17 18 22 30 33 37 39
2674 3678 7 17 18 22 30 33 37 39
2804 3004 7 17 18 22 30 33 39 40
2292 2282 7 17 18 22 30 33 39 40
3380 9522 6 17 18 22 30 33 39
3360 814 6 17 18 22 30 33 39
1766 2964 9 17 18 23 25 26 33 35 38 40
2120 2170 8 17 18 23 25 26 33 35 38
2718 3130 7 17 18 23 25 26 33 40
3224 2322 7 17 18 23 25 26 33 40
3580 3742 6 17 18 23 25 26 33
1806 3648 9 17 18 23 25 30 33 35 38 40
2160 3268 8 17 18 23 25 30 33 35 38
3264 3320 7 17 18 23 25 30 33 40
2758 3824 7 17 18 23 25 30 33 40
3620 2026 6 17 18 23 25 30 33
3232 3116 8 17 18 23 26 28 32 33 36
1926 2416 7 17 18 23 26 29 32 33
3762 2724 7 17 18 23 27 35 36 38
1524 2322 7 17 18 23 27 35 36 38
1686 2992 6 17 18 23 27 35 38
3272 1724 8 17 18 23 28 30 32 33 36
1966 3776 7 17 18 23 29 30 32 33
2502 2512 7 17 18 23 32 35 36 38
2462 2578 6 17 18 23 32 35 38
3432 3572 8 17 18 24 25 27 35 36 40
3392 3576 7 17 18 24 25 27 35 40
3260 3562 8 17 18 24 25 35 36 38 40
3284 1552 7 17 18 24 25 35 38 40
2554 3532 9 17 18 24 27 31 36 37 39 40
3768 3508 9 17 18 24 27 31 36 37 39 40
3652 1694 8 17 18 24 27 31 36 37 39
3272 3082 8 17 18 24 27 31 36 39 40
2540 2808 8 17 18 24 27 31 37 39 40
3614 2744 7 17 18 24 27 31 37 39
3232 3556 7 17 18 24 27 31 39 40
3536 2946 9 17 18 24 31 32 36 37 39 40
3724 2184 9 17 18 24 31 32 36 37 39 40
3492 3688 8 17 18 24 31 32 37 39 40
2384 2574 9 17 18 24 31 36 37 38 39 40
3808 3000 9 17 18 24 31 36 37 38 39 40
3482 3462 8 17 18 24 31 36 37 38 39
3100 3510 8 17 18 24 31 36 38 39 40
2638 2734 8 17 18 24 31 37 38 39 40
3506 3740 7 17 18 24 31 37 38 39
3124 2790 7 17 18 24 31 38 39 40
2740 3776 8 17 18 25 26 33 35 36 40
2114 3264 8 17 18 25 26 33 35 36 40
3162 3210 7 17 18 25 26 33 35 36
3094 10672 7 17 18 25 26 33 35 36
3310 2760 7 17 18 25 26 33 35 40
1122 1476 7 17 18 25 26 33 35 40
2344 2578 7 17 18 25 26 33 35 40
3376 3002 7 17 18 25 26 33 35 40
3664 2452 6 17 18 25 26 33 35
3776 3042 6 17 18 25 26 33 35
3714 3450 6 17 18 25 26 33 35
3392 3634 6 17 18 25 26 33 35
1532 944 6 17 18 25 26 33 35
2154 2562 8 17 18 25 30 33 35 36 40
2806 3440 8 17 18 25 30 33 35 36 40
2492 3098 8 17 18 25 30 33 35 36 40
2780 3452 8 17 18 25 30 33 35 36 40
3540 2378 7 17 18 25 30 33 35 36
3134 2872 7 17 18 25 30 33 35 36
3202 1020 7 17 18 25 30 33 35 36
3376 1974 7 17 18 25 30 33 35 40
2384 3482 7 17 18 25 30 33 35 40
1162 3426 7 17 18 25 30 33 35 40
3496 2536 6 17 18 25 30 33 35
3730 1790 6 17 18 25 30 33 35
3432 2524 6 17 18 25 30 33 35
3704 3780 6 17 18 25 30 33 35
1572 2874 6 17 18 25 30 33 35
2488 3648 9 17 18 25 32 34 35 36 37 40
3654 2806 9 17 18 25 32 34 35 36 37 40
3672 2966 9 17 18 25 32 34 35 36 37 40
3056 3640 8 17 18 25 32 34 35 36 37
2980 3786 8 17 18 25 32 34 35 36 40
3336 1428 7 17 18 25 32 34 35 36
3198 2886 7 17 18 25 32 34 35 36
3610 3438 8 17 18 25 32 34 35 37 40
3072 2580 8 17 18 25 32 34 35 37 40
3628 3186 8 17 18 25 32 34 35 37 40
3638 3238 7 17 18 25 32 34 35 37
3564 2350 7 17 18 25 32 34 35 40
3300 3524 6 17 18 25 32 34 35
3178 3272 8 17 18 25 34 35 36 38 40
3352 3494 8 17 18 25 34 35 36 38 40
2594 2962 7 17 18 25 34 35 36 38
3534 3420 7 17 18 25 34 35 36 38
3308 1178 7 17 18 25 34 35 38 40
3748 2180 7 17 18 25 34 35 38 40
2794 1928 6 17 18 25 34 35 38
3366 3638 8 17 18 26 27 28 33 35 36
2288 2566 8 17 18 26 27 28 33 35 36
2202 2814 7 17 18 26 27 28 33 35
2060 2694 7 17 18 26 27 29 33 35
1446 1908 7 17 18 26 27 29 33 35
2374 2626 9 17 18 26 27 31 33 35 37 39
1612 3052 9 17 18 26 27 31 33 35 39 40
2168 3524 8 17 18 26 27 31 33 35 39
3292 2380 8 17 18 26 28 32 33 35 36
3240 2700 8 17 18 26 28 32 33 35 36
3148 3516 7 17 18 26 28 32 33 35
2184 2828 8 17 18 26 28 33 35 36 38
3380 3008 8 17 18 26 28 33 35 36 38
2070 3516 8 17 18 26 28 33 35 36 38
2150 2296 7 17 18 26 28 33 35 38
2154 3278 8 17 18 26 28 33 36 37 40
3186 3578 7 17 18 26 28 33 36 37
2870 3050 7 17 18 26 28 33 36 40
2650 3642 6 17 18 26 28 33 36
1654 3140 6 17 18 26 28 33 36
2068 2626 7 17 18 26 28 33 37 40
3100 9584 6 17 18 26 28 33 37
2784 2656 6 17 18 26 28 33 40
1828 2902 5 17 18 26 28 33
3194 2134 5 17 18 26 28 33
2398 3394 7 17 18 26 29 32 33 35
1986 3334 7 17 18 26 29 32 33 35
1314 1966 8 17 18 26 29 33 35 36 38
1530 3058 8 17 18 26 29 33 35 36 38
2164 3278 7 17 18 26 29 33 35 38
1478 3534 7 17 18 26 29 33 35 38
2988 2958 6 17 18 26 29 33 36
1318 1286 7 17 18 26 29 33 37 40
2342 2782 6 17 18 26 29 33 37
2030 3596 6 17 18 26 29 33 40
1158 3432 5 17 18 26 29 33
3598 1170 5 17 18 26 29 33
3050 2082 5 17 18 26 29 33
1340 1992 5 17 18 26 29 33
2310 2856 9 17 18 26 31 33 36 37 39 40
1412 3496 9 17 18 26 31 33 36 37 39 40
2244 3178 9 17 18 26 31 33 36 37 39 40
1890 3024 9 17 18 26 31 33 36 37 39 40
3408 3486 8 17 18 26 31 33 36 37 39
2334 3354 8 17 18 26 31 33 36 37 39
3342 3032 8 17 18 26 31 33 36 37 39
1954 3800 8 17 18 26 31 33 36 39 40
2580 1518 8 17 18 26 31 33 36 39 40
2606 2664 8 17 18 26 31 33 36 39 40
2646 2534 8 17 18 26 31 33 36 39 40
3042 3040 7 17 18 26 31 33 36 39
3136 1900 7 17 18 26 31 33 36 39
3694 2638 7 17 18 26 31 33 36 39
2814 2618 8 17 18 26 31 33 37 39 40
2880 3328 8 17 18 26 31 33 37 39 40
1688 1938 8 17 18 26 31 33 37 39 40
770 2678 8 17 18 26 31 33 37 39 40
2572 3400 7 17 18 26 31 33 37 39
1718 1742 7 17 18 26 31 33 37 39
2950 2594 7 17 18 26 31 33 37 39
2568 2382 7 17 18 26 31 33 39 40
3150 3528 7 17 18 26 31 33 39 40
2190 2894 7 17 18 26 31 33 39 40
962 2682 7 17 18 26 31 33 39 40
3278 3262 6 17 18 26 31 33 39
1512 3742 6 17 18 26 31 33 39
3406 2106 8 17 18 27 28 30 33 35 36
2328 1354 8 17 18 27 28 30 33 35 36
2242 2436 7 17 18 27 28 30 33 35
1486 3370 7 17 18 27 29 30 33 35
2100 3390 7 17 18 27 29 30 33 35
2414 3576 9 17 18 27 30 31 33 35 37 39
1652 3408 9 17 18 27 30 31 33 35 39 40
2208 1966 8 17 18 27 30 31 33 35 39
2834 2064 9 17 18 27 31 34 35 36 38 39
3034 2640 8 17 18 27 31 34 35 38 39
1220 3106 5 17 18 27 35 36
1422 2836 4 17 18 27 35
3332 2540 8 17 18 28 30 32 33 35 36
3280 3642 8 17 18 28 30 32 33 35 36
3188 2820 7 17 18 28 30 32 33 35
3420 3800 8 17 18 28 30 33 35 36 38
2110 2578 8 17 18 28 30 33 35 36 38
2190 2640 7 17 18 28 30 33 35 38
2194 1896 8 17 18 28 30 33 36 37 40
3226 3722 7 17 18 28 30 33 36 37
2910 3022 7 17 18 28 30 33 36 40
1694 2336 6 17 18 28 30 33 36
2690 2042 6 17 18 28 30 33 36
2108 2710 7 17 18 28 30 33 37 40
3140 2100 6 17 18 28 30 33 37
2824 3608 6 17 18 28 30 33 40
1868 1850 5 17 18 28 30 33
3234 2150 5 17 18 28 30 33
2438 3790 7 17 18 29 30 32 33 35
2026 3698 7 17 18 29 30 32 33 35
1570 3648 8 17 18 29 30 33 35 36 38
1354 3384 8 17 18 29 30 33 35 36 38
2204 2650 7 17 18 29 30 33 35 38
1518 1928 7 17 18 29 30 33 35 38
3028 3814 6 17 18 29 30 33 36
1358 2630 7 17 18 29 30 33 37 40
2382 2928 6 17 18 29 30 33 37
2070 2730 6 17 18 29 30 33 40
3090 2110 5 17 18 29 30 33
1380 3604 5 17 18 29 30 33
1198 3306 5 17 18 29 30 33
2356 3854 8 17 18 29 32 34 36 37 40
2918 3678 7 17 18 29 32 34 36 37
3100 1928 7 17 18 29 32 34 36 40
3204 3318 6 17 18 29 32 34 36
2940 3140 7 17 18 29 32 34 37 40
3502 3072 6 17 18 29 32 34 37
3682 2064 6 17 18 29 32 34 40
3402 4074 6 17 18 29 34 36 38
1452 1318 9 17 18 30 31 33 36 37 39 40
2284 1998 9 17 18 30 31 33 36 37 39 40
2374 3356 8 17 18 30 31 33 36 37 39
3382 2764 8 17 18 30 31 33 36 37 39
2620 3458 8 17 18 30 31 33 36 39 40
1994 3458 8 17 18 30 31 33 36 39 40
3082 3546 7 17 18 30 31 33 36 39
3176 2790 7 17 18 30 31 33 36 39
3420 2424 7 17 18 30 31 33 36 39
3202 2672 7 17 18 30 31 33 36 39
810 1286 8 17 18 30 31 33 37 39 40
2902 2692 8 17 18 30 31 33 37 39 40
1570 3694 8 17 18 30 31 33 37 39 40
2612 3358 7 17 18 30 31 33 37 39
1758 3200 7 17 18 30 31 33 37 39
2668 3442 7 17 18 30 31 33 37 39
3216 1718 7 17 18 30 31 33 39 40
2230 3762 7 17 18 30 31 33 39 40
1002 2276 7 17 18 30 31 33 39 40
3238 2204 7 17 18 30 31 33 39 40
2288 3100 7 17 18 30 31 33 39 40
1552 3314 6 17 18 30 31 33 39
3318 1956 6 17 18 30 31 33 39
3512 3600 9 17 18 31 32 34 36 37 39 40
2480 3908 9 17 18 31 32 34 36 37 39 40
3494 3240 9 17 18 31 32 34 36 37 39 40
3588 3838 9 17 18 31 32 34 36 37 39 40
2530 3168 9 17 18 31 32 34 36 37 39 40
3092 2170 8 17 18 31 32 34 36 37 39
2820 2430 8 17 18 31 32 34 36 39 40
3376 3200 7 17 18 31 32 34 36 39
3078 3124 7 17 18 31 32 34 36 39
3124 2754 8 17 18 31 32 34 37 39 40
3450 3078 8 17 18 31 32 34 37 39 40
3114 3178 8 17 18 31 32 34 37 39 40
3508 2566 8 17 18 31 32 34 37 39 40
3062 3270 8 17 18 31 32 34 37 39 40
3676 3692 7 17 18 31 32 34 37 39
3404 3550 7 17 18 31 32 34 39 40
3194 9440 6 17 18 31 32 34 39
2678 2476 9 17 18 31 34 36 37 38 39 40
2476 3568 9 17 18 31 34 36 37 38 39 40
3776 2746 8 17 18 31 34 36 37 38 39
3574 3460 8 17 18 31 34 36 37 38 39
3192 3562 8 17 18 31 34 36 38 39 40
3018 3690 8 17 18 31 34 36 38 39 40
2488 3192 7 17 18 31 34 36 38 39
3574 2696 7 17 18 31 34 36 38 39
2432 2110 8 17 18 31 34 37 38 39 40
3248 2476 8 17 18 31 34 37 38 39 40
3530 2866 7 17 18 31 34 37 38 39
3148 3408 7 17 18 31 34 38 39 40
3588 2650 7 17 18 31 34 38 39 40
2690 3182 6 17 18 31 34 38 39
1828 3292 5 17 18 32 35 36
1784 3336 4 17 18 32 35
1180 2898 5 17 18 35 36 38
3032 2798 5 17 18 35 36 38
1518 2190 4 17 18 35 38
996 3030 3 17 18 36
1198 3418 2 17 18
9496 2540 1 17
9472 9402 1 18
3600 3192 7 19 20 21 22 37 39 40
3502 2684 8 19 20 21 25 35 36 37 40
3734 3612 7 19 20 21 25 35 37 40
3692 1932 8 19 20 21 27 28 35 36 37
3608 3602 7 19 20 21 27 28 35 37
2852 2468 7 19 20 21 27 29 35 37
3526 3192 6 19 20 21 27 29 35
3476 3214 8 19 20 21 28 35 36 37 38
3504 3808 7 19 20 21 28 35 37 38
3042 1546 6 19 20 21 28 36 37
2958 1966 5 19 20 21 28 37
2720 3472 8 19 20 21 29 35 36 37 38
3394 2110 7 19 20 21 29 35 36 38
2748 2838 7 19 20 21 29 35 37 38
3424 3576 6 19 20 21 29 35 38
3376 2338 6 19 20 21 29 37 40
2202 3334 5 19 20 21 29 37
2876 2136 4 19 20 21 29
3300 3678 8 19 20 21 31 36 37 39 40
3538 2808 7 19 20 21 31 37 39 40
3460 1758 7 19 22 24 27 37 39 40
3328 3554 8 19 22 24 36 37 38 39 40
3352 1622 7 19 22 24 37 38 39 40
2796 2058 7 19 22 26 33 37 39 40
3514 1882 6 19 22 26 33 39 40
2516 3556 7 19 22 30 33 37 39 40
3614 2680 6 19 22 30 33 37 39
3232 1738 6 19 22 30 33 39 40
3376 3750 7 19 22 34 37 38 39 40
3834 3646 8 19 23 24 25 36 37 38 40
3546 2866 8 19 23 24 27 28 36 37 38
3460 3334 7 19 23 24 27 28 37 38
2704 612 7 19 23 24 27 29 37 38
3382 2750 6 19 23 24 27 29 38
3686 3064 7 19 23 24 29 32 37 38
3306 3270 7 19 23 25 26 33 37 40
3026 3490 7 19 23 25 30 33 37 40
3702 3476 6 19 23 25 30 33 40
3362 3408 8 19 24 25 27 35 36 37 40
3594 3594 7 19 24 25 27 35 37 40
3404 3124 7 19 24 25 29 34 37 38
3258 2148 8 19 24 25 35 36 37 38 40
3486 3380 7 19 24 25 35 37 38 40
3334 1660 8 19 24 27 28 35 36 37 38
3364 1194 7 19 24 27 28 35 37 38
2902 1196 6 19 24 27 28 36 37
3578 3904 5 19 24 27 28 36
2816 1186 5 19 24 27 28 37
3494 3056 4 19 24 27 28
3662 120 7 19 24 27 29 32 35 37
2578 3168 8 19 24 27 29 35 36 37 38
3256 2652 7 19 24 27 29 35 36 38
2608 3702 7 19 24 27 29 35 37 38
3284 2208 6 19 24 27 29 35 38
3238 3338 6 19 24 27 29 37 40
3238 3504 6 19 24 27 29 37 40
2060 2996 5 19 24 27 29 37
2738 3810 4 19 24 27 29
3162 3776 8 19 24 27 31 36 37 39 40
3398 3800 7 19 24 27 31 37 39 40
2684 3306 6 19 24 28 36 37 38
3362 3632 5 19 24 28 36 38
2798 1530 5 19 24 28 37 38
3386 3588 4 19 24 28 38
3038 3240 5 19 24 29 32 37
3106 2878 7 19 24 29 36 37 38 40
3106 3526 7 19 24 29 36 37 38 40
1928 3666 6 19 24 29 36 37 38
2606 2918 5 19 24 29 36 38
3134 2966 6 19 24 29 37 38 40
2128 3282 5 19 24 29 37 38
2630 1454 4 19 24 29 38
3058 3480 8 19 24 31 36 37 38 39 40
3776 1710 7 19 24 31 36 38 39 40
3290 3594 7 19 24 31 37 38 39 40
2696 3802 8 19 25 26 33 35 36 37 40
3744 616 7 19 25 26 33 35 36 37
3374 1758 7 19 25 26 33 35 36 40
2928 3400 7 19 25 26 33 35 37 40
3606 3768 6 19 25 26 33 35 40
2422 3118 8 19 25 30 33 35 36 37 40
3470 9492 7 19 25 30 33 35 36 37
3098 3494 7 19 25 30 33 35 36 40
2648 3532 7 19 25 30 33 35 37 40
3696 2706 6 19 25 30 33 35 37
3324 3766 6 19 25 30 33 35 40
3284 3062 8 19 25 34 35 36 37 38 40
3510 2448 7 19 25 34 35 37 38 40
2174 1940 8 19 26 28 29 32 33 34 37
2850 3036 7 19 26 28 29 32 33 34
3414 3212 7 19 26 28 33 36 37 40
3414 3028 7 19 26 28 33 36 37 40
2236 2738 6 19 26 28 33 36 37
2914 3928 5 19 26 28 33 36
3328 2440 6 19 26 28 33 37 40
2152 3448 5 19 26 28 33 37
2828 2814 4 19 26 28 33
2572 2784 6 19 26 29 33 37 40
2572 3468 6 19 26 29 33 37 40
1396 3022 5 19 26 29 33 37
3602 2492 5 19 26 29 33 37
3290 1972 5 19 26 29 33 40
2072 3744 4 19 26 29 33
2496 1722 8 19 26 31 33 36 37 39 40
3594 3406 7 19 26 31 33 36 37 39
3214 1848 7 19 26 31 33 36 39 40
2734 2552 7 19 26 31 33 37 39 40
3450 3944 6 19 26 31 33 39 40
2218 2240 8 19 27 28 30 33 35 36 37
2894 1806 7 19 27 28 30 33 35 36
2148 2110 7 19 27 28 30 33 35 37
2810 2574 6 19 27 28 30 33 35
1476 3216 7 19 27 29 30 33 35 37
2054 2472 6 19 27 29 30 33 35
3236 1910 6 19 27 29 34 37 40
3170 3094 8 19 28 30 32 33 35 36 37
3078 3280 7 19 28 30 32 33 35 37
2000 1360 8 19 28 30 33 35 36 37 38
2678 2066 7 19 28 30 33 35 36 38
2244 3558 7 19 28 30 33 35 37 38
2706 3472 6 19 28 30 33 35 38
3178 3344 7 19 28 30 33 36 37 40
3138 2126 7 19 28 30 33 36 37 40
1956 2562 6 19 28 30 33 36 37
2634 3576 5 19 28 30 33 36
3052 3178 6 19 28 30 33 37 40
3092 3668 6 19 28 30 33 37 40
1870 1728 5 19 28 30 33 37
2548 3242 4 19 28 30 33
2766 1780 7 19 28 32 34 36 37 40
3508 3460 6 19 28 32 34 36 40
2680 3160 6 19 28 32 34 37 40
3422 3720 5 19 28 32 34 40
2818 2564 6 19 28 34 36 37 38
3494 2878 5 19 28 34 36 38
2734 3314 5 19 28 34 37 38
3408 3342 4 19 28 34 38
2328 2984 7 19 29 30 32 33 35 37
3006 3024 6 19 29 30 32 33 35
1244 2808 8 19 29 30 33 35 36 37 38
1922 3694 7 19 29 30 33 35 36 38
1574 3626 7 19 29 30 33 35 37 38
1950 3754 6 19 29 30 33 35 38
2338 3094 6 19 29 30 33 37 40
2298 1476 6 19 29 30 33 37 40
3328 2880 5 19 29 30 33 37
1116 2436 5 19 29 30 33 37
3014 2632 5 19 29 30 33 40
1792 3174 4 19 29 30 33
1924 3730 6 19 29 32 34 37 40
2954 3586 5 19 29 32 34 37
2668 3394 5 19 29 32 34 40
3104 3774 7 19 29 34 36 37 38 40
3200 3114 6 19 29 34 37 38 40
3160 3188 6 19 29 34 37 38 40
3134 3298 6 19 29 34 37 38 40
1978 456 5 19 29 34 37 38
2652 3428 4 19 29 34 38
2222 2170 8 19 30 31 33 36 37 39 40
3320 9532 7 19 30 31 33 36 37 39
2938 2972 7 19 30 31 33 36 39 40
2454 2328 7 19 30 31 33 37 39 40
3552 74 6 19 30 31 33 37 39
3170 3546 6 19 30 31 33 39 40
3082 3518 8 19 31 34 36 37 38 39 40
3798 3284 7 19 31 34 36 38 39 40
3314 1980 7 19 31 34 37 38 39 40
300 2990 2 19 37
472 1770 1 19
2858 3288 8 20 21 22 23 32 37 39 40
3192 2644 7 20 21 22 23 32 39 40
3750 2328 6 20 21 22 23 32 39
2870 3492 8 20 21 22 23 37 38 39 40
2920 2668 8 20 21 22 23 37 38 39 40
3584 3528 7 20 21 22 23 38 39 40
3256 252 7 20 21 22 23 38 39 40
2864 3200 8 20 21 22 27 35 37 39 40
2926 3490 8 20 21 22 27 35 37 39 40
3262 3200 7 20 21 22 27 35 39 40
3580 3458 7 20 21 22 27 35 39 40
3818 1688 6 20 21 22 27 35 39
2854 3776 8 20 21 22 32 35 37 39 40
3812 3648 8 20 21 22 32 35 37 39 40
3188 3270 7 20 21 22 32 35 39 40
2732 3496 9 20 21 22 35 36 37 38 39 40
2396 3226 9 20 21 22 35 36 37 38 39 40
2350 1578 9 20 21 22 35 36 37 38 39 40
2436 3622 9 20 21 22 35 36 37 38 39 40
3534 9500 8 20 21 22 35 36 37 38 39
3358 2626 8 20 21 22 35 36 37 38 39
3494 4044 8 20 21 22 35 36 37 38 39
2974 2154 8 20 21 22 35 36 38 39 40
2732 3980 8 20 21 22 35 36 38 39 40
3288 2864 7 20 21 22 35 36 38 39
3016 3546 8 20 21 22 35 37 38 39 40
2666 2952 8 20 21 22 35 37 38 39 40
3006 2232 8 20 21 22 35 37 38 39 40
2756 2740 8 20 21 22 35 37 38 39 40
3590 1246 7 20 21 22 35 37 38 39
3346 2320 7 20 21 22 35 38 39 40
3472 1662 7 20 21 22 35 38 39 40
3340 1554 7 20 21 22 35 38 39 40
3206 1850 7 20 21 22 35 38 39 40
2210 3406 6 20 21 22 37 39 40
2272 3700 6 20 21 22 37 39 40
3370 2744 5 20 21 22 37 39
3308 3546 5 20 21 22 37 39
2612 2864 5 20 21 22 39 40
2924 3102 5 20 21 22 39 40
3168 2316 4 20 21 22 39
3722 2624 7 20 21 23 25 27 35 40
3214 2302 6 20 21 23 25 27 35
3168 2620 8 20 21 23 25 32 35 36 40
3528 2990 7 20 21 23 25 32 35 36
3648 1374 7 20 21 23 25 32 35 40
3192 3300 8 20 21 23 25 35 36 38 40
3434 2558 8 20 21 23 25 35 36 38 40
2972 2630 7 20 21 23 25 35 36 38
3552 2110 7 20 21 23 25 35 36 38
1718 1760 7 20 21 23 25 35 38 40
3666 3018 7 20 21 23 25 35 38 40
3826 2128 7 20 21 23 25 35 38 40
2398 3646 6 20 21 23 25 35 38
3312 3514 6 20 21 23 25 35 38
3396 2804 5 20 21 23 25 40
3072 2988 5 20 21 23 25 40
3428 3282 4 20 21 23 25
2984 3580 4 20 21 23 25
3730 2388 8 20 21 23 27 28 32 35 36
3792 3612 8 20 21 23 27 28 35 36 38
3626 3496 8 20 21 23 27 28 35 36 38
3542 3196 7 20 21 23 27 28 35 38
2424 3518 7 20 21 23 27 29 32 35
2784 686 7 20 21 23 27 29 35 38
2486 3246 7 20 21 23 27 29 35 38
1982 2116 10 20 21 23 27 31 35 37 38 39 40
2800 2858 9 20 21 23 27 31 35 37 38 39
2038 3216 9 20 21 23 27 31 35 38 39 40
2644 2474 8 20 21 23 27 31 35 38 39
3226 3440 8 20 21 23 27 31 37 39 40
3176 3080 8 20 21 23 27 31 37 39 40
3562 3872 7 20 21 23 27 31 39 40
3750 3750 8 20 21 23 28 32 35 36 38
3080 2196 6 20 21 23 28 32 36
2084 2050 8 20 21 23 29 32 35 36 38
2444 3398 7 20 21 23 29 32 35 38
3766 2620 7 20 21 23 29 32 35 38
3418 2066 6 20 21 23 29 32 36
3784 3018 6 20 21 23 29 32 40
2174 3754 5 20 21 23 29 32
3480 3098 6 20 21 23 29 36 38
2672 2750 9 20 21 23 31 32 36 37 39 40
3770 2198 8 20 21 23 31 32 36 37 39
3008 2732 8 20 21 23 31 32 36 39 40
3564 3124 7 20 21 23 31 32 36 39
3256 3188 8 20 21 23 31 32 37 39 40
3590 3138 7 20 21 23 31 32 39 40
3622 3494 5 20 21 24 25 29
3428 9510 7 20 21 25 29 34 35 38
3358 2954 7 20 21 25 29 34 37 40
2586 3624 6 20 21 25 35 36 40
2790 1978 6 20 21 25 35 36 40
2734 1198 5 20 21 25 35 36
2942 854 5 20 21 25 35 36
1454 3188 5 20 21 25 35 40
3018 3580 5 20 21 25 35 40
3270 2604 5 20 21 25 35 40
2134 3444 4 20 21 25 35
3052 800 4 20 21 25 35
3522 3182 4 20 21 25 35
2912 2836 6 20 21 26 28 29 33
3482 3458 8 20 21 27 28 35 36 37 40
2982 3028 6 20 21 27 28 35 36
3148 2244 6 20 21 27 28 35 36
3398 3552 7 20 21 27 28 35 37 40
2898 3264 5 20 21 27 28 35
3486 3362 6 20 21 27 29 35 36
2642 3234 7 20 21 27 29 35 37 40
3672 3186 6 20 21 27 29 35 37
3854 1010 6 20 21 27 29 35 40
3356 3120 6 20 21 27 29 35 40
2078 2988 5 20 21 27 29 35
2140 3508 5 20 21 27 29 35
2566 1784 9 20 21 27 31 35 36 37 39 40
2742 2964 9 20 21 27 31 35 36 37 39 40
2566 1998 9 20 21 27 31 35 36 37 39 40
2742 3528 9 20 21 27 31 35 36 37 39 40
3840 2958 8 20 21 27 31 35 36 37 39
3664 3410 8 20 21 27 31 35 36 37 39
3280 3048 8 20 21 27 31 35 36 39 40
3076 3742 8 20 21 27 31 35 36 39 40
3280 3608 8 20 21 27 31 35 36 39 40
3634 2378 7 20 21 27 31 35 36 39
2798 1746 8 20 21 27 31 35 37 39 40
1718 2126 8 20 21 27 31 35 37 39 40
2382 2924 7 20 21 27 31 35 37 39
3512 2956 7 20 21 27 31 35 39 40
1704 3700 7 20 21 27 31 35 39 40
3646 2026 7 20 21 27 31 35 39 40
3518 2150 7 20 21 27 31 35 39 40
3702 2362 7 20 21 27 31 35 39 40
2380 2730 6 20 21 27 31 35 39
2938 3428 6 20 21 28 29 30 33
3076 3672 6 20 21 28 32 35 36
3266 2592 8 20 21 28 35 36 37 38 40
2766 2340 6 20 21 28 35 36 38
3254 1596 6 20 21 28 35 36 38
2874 2854 6 20 21 28 35 36 38
3162 3750 6 20 21 28 35 36 38
3294 3468 7 20 21 28 35 37 38 40
2790 2550 5 20 21 28 35 38
2832 1478 6 20 21 28 36 37 40
2332 2094 4 20 21 28 36
2498 2994 4 20 21 28 36
2748 2510 5 20 21 28 37 40
2462 3866 3 20 21 28
3042 3386 3 20 21 28
3308 3442 7 20 21 29 31 34 38 39
3414 1492 6 20 21 29 32 35 36
3594 3154 7 20 21 29 32 35 37 40
3086 3256 5 20 21 29 32 35
2004 2292 5 20 21 29 32 35
2510 2958 8 20 21 29 35 36 37 38 40
3540 2834 7 20 21 29 35 36 37 38
3224 1884 7 20 21 29 35 36 38 40
3324 2774 7 20 21 29 35 36 38 40
1758 3258 6 20 21 29 35 36 38
2008 326 6 20 21 29 35 36 38
3566 3776 6 20 21 29 35 36 38
2538 2732 7 20 21 29 35 37 38 40
3568 3676 6 20 21 29 35 37 38
3254 3322 6 20 21 29 35 38 40
2116 3816 5 20 21 29 35 38
2182 3396 5 20 21 29 35 38
2836 3212 4 20 21 29 36
1992 3060 5 20 21 29 37 40
3022 3186 4 20 21 29 37
2706 2444 4 20 21 29 40
3198 2478 4 20 21 29 40
1790 1706 3 20 21 29
1848 2134 3 20 21 29
2668 1538 9 20 21 31 32 35 36 37 39 40
3518 2924 9 20 21 31 32 35 36 37 39 40
3766 1976 8 20 21 31 32 35 36 37 39
3004 3520 8 20 21 31 32 35 36 39 40
3560 1940 7 20 21 31 32 35 36 39
3750 2382 8 20 21 31 32 35 37 39 40
3252 3364 8 20 21 31 32 35 37 39 40
3586 2886 7 20 21 31 32 35 39 40
2782 4012 9 20 21 31 35 36 37 38 39 40
2462 3800 9 20 21 31 35 36 37 38 39 40
3880 2384 8 20 21 31 35 36 37 38 39
3560 3638 8 20 21 31 35 36 37 38 39
3386 3496 8 20 21 31 35 36 38 39 40
3116 3580 8 20 21 31 35 36 38 39 40
3178 2336 8 20 21 31 35 36 38 39 40
3674 1174 7 20 21 31 35 36 38 39
3416 2994 8 20 21 31 35 37 38 39 40
2694 2342 8 20 21 31 35 37 38 39 40
3792 2326 7 20 21 31 35 37 38 39
3410 1758 7 20 21 31 35 38 39 40
3752 2314 7 20 21 31 35 38 39 40
2046 3330 7 20 21 31 36 37 39 40
2122 3024 7 20 21 31 36 37 39 40
3014 4012 6 20 21 31 36 37 39
3184 2246 6 20 21 31 36 37 39
2426 2032 6 20 21 31 36 39 40
2630 3306 6 20 21 31 36 39 40
2984 2518 5 20 21 31 36 39
3514 3050 6 20 21 31 37 39 40
1368 2934 6 20 21 31 37 39 40
2322 3014 6 20 21 31 37 39 40
2032 2236 5 20 21 31 37 39
3246 2224 5 20 21 31 37 39
3052 2786 5 20 21 31 39 40
2862 2444 5 20 21 31 39 40
1354 76 5 20 21 31 39 40
2030 3092 4 20 21 31 39
9462 3002 1 20
9424 3680 1 21
3754 2810 8 22 23 24 27 32 37 39 40
2718 3024 8 22 23 24 27 37 38 39 40
3816 2680 8 22 23 24 27 37 38 39 40
3816 1996 8 22 23 24 27 37 38 39 40
3816 2026 7 22 23 24 27 37 38 39
3434 2160 7 22 23 24 27 38 39 40
3224 2824 9 22 23 24 32 36 37 38 39 40
3558 2850 8 22 23 24 32 36 38 39 40
3694 3084 8 22 23 24 32 37 38 39 40
3774 3540 8 22 23 24 32 37 38 39 40
3704 3318 8 22 23 24 32 37 38 39 40
2296 2980 8 22 23 26 32 33 37 39 40
3394 3494 7 22 23 26 32 33 37 39
2632 3380 7 22 23 26 32 33 39 40
3188 3830 6 22 23 26 32 33 39
2358 3746 8 22 23 26 33 37 38 39 40
2064 1206 8 22 23 26 33 37 38 39 40
3162 3344 7 22 23 26 33 37 38 39
3456 3754 7 22 23 26 33 37 38 39
2780 3046 7 22 23 26 33 38 39 40
2694 3714 7 22 23 26 33 38 39 40
3250 3216 6 22 23 26 33 38 39
2296 3574 8 22 23 30 32 33 37 39 40
3394 2566 7 22 23 30 32 33 37 39
2632 2478 7 22 23 30 32 33 39 40
3188 3632 6 22 23 30 32 33 39
1782 2696 8 22 23 30 33 37 38 39 40
2358 2026 8 22 23 30 33 37 38 39 40
3456 2416 7 22 23 30 33 37 38 39
2880 3528 7 22 23 30 33 37 38 39
2500 3426 7 22 23 30 33 38 39 40
2694 9662 7 22 23 30 33 38 39 40
3588 2238 6 22 23 30 33 38 39
3250 2968 6 22 23 30 33 38 39
3662 3256 8 22 23 32 34 37 38 39 40
2590 3694 8 22 23 32 34 37 38 39 40
3680 2876 8 22 23 32 34 37 38 39 40
2528 3064 8 22 23 32 34 37 38 39 40
3142 2208 7 22 23 32 34 37 38 39
3322 3684 7 22 23 32 34 38 39 40
2870 3770 7 22 23 32 34 38 39 40
3246 3038 6 22 23 32 34 38 39
3426 3816 6 22 23 32 34 38 39
3356 4064 8 22 24 25 34 37 38 39 40
3670 1736 8 22 24 27 32 35 37 39 40
3750 3558 8 22 24 27 32 35 37 39 40
2208 2668 9 22 24 27 35 36 37 38 39 40
3332 2368 9 22 24 27 35 36 37 38 39 40
2592 3090 9 22 24 27 35 36 37 38 39 40
3292 2912 9 22 24 27 35 36 37 38 39 40
3216 2442 8 22 24 27 35 36 37 38 39
3308 2470 8 22 24 27 35 36 38 39 40
3628 2806 8 22 24 27 35 36 38 39 40
2836 2658 8 22 24 27 35 36 38 39 40
3924 3872 7 22 24 27 35 36 38 39
2526 3590 8 22 24 27 35 37 38 39 40
1694 2548 8 22 24 27 35 37 38 39 40
2616 3254 8 22 24 27 35 37 38 39 40
3928 1896 8 22 24 27 35 37 38 39 40
3448 3062 7 22 24 27 35 37 38 39
2746 2108 7 22 24 27 35 37 38 39
1984 2844 7 22 24 27 35 38 39 40
3068 1276 7 22 24 27 35 38 39 40
2540 2782 6 22 24 27 35 38 39
3172 3564 6 22 24 27 37 39 40
2068 2286 6 22 24 27 37 39 40
3166 2918 5 22 24 27 37 39
3508 1964 5 22 24 27 39 40
2786 1508 5 22 24 27 39 40
3288 2706 9 22 24 32 35 36 37 38 39 40
3100 3638 9 22 24 32 35 36 37 38 39 40
3818 2724 8 22 24 32 35 36 38 39 40
3624 2038 8 22 24 32 35 36 38 39 40
3872 3482 8 22 24 32 35 37 38 39 40
3326 2098 8 22 24 32 35 37 38 39 40
3130 9472 6 22 24 32 37 39 40
3050 3326 6 22 24 32 37 39 40
3464 2778 5 22 24 32 39 40
1936 2804 7 22 24 36 37 38 39 40
2642 2938 7 22 24 36 37 38 39 40
3740 2606 6 22 24 36 37 38 39
3034 3240 6 22 24 36 37 38 39
2978 9424 6 22 24 36 38 39 40
2654 3116 6 22 24 36 38 39 40
3534 3660 5 22 24 36 38 39
3742 3276 5 22 24 36 38 39
1374 3344 6 22 24 37 38 39 40
1976 2816 6 22 24 37 38 39 40
2092 1732 5 22 24 37 38 39
3064 3192 5 22 24 37 38 39
1358 1790 5 22 24 38 39 40
2682 3250 5 22 24 38 39 40
2036 2094 4 22 24 38 39
2182 3176 9 22 26 28 32 33 34 37 39 40
2136 2988 9 22 26 28 32 33 34 37 39 40
3280 3308 8 22 26 28 32 33 34 37 39
3234 3614 8 22 26 28 32 33 34 37 39
2898 3428 8 22 26 28 32 33 34 39 40
2472 3152 8 22 26 28 32 33 34 39 40
3028 1116 7 22 26 28 32 33 34 39
2294 3030 9 22 26 28 33 34 37 38 39 40
3392 2962 8 22 26 28 33 34 37 38 39
2630 2396 8 22 26 28 33 34 38 39 40
3186 1850 7 22 26 28 33 34 38 39
1454 3826 9 22 26 33 35 36 37 38 39 40
1874 3250 9 22 26 33 35 36 37 38 39 40
2552 3398 8 22 26 33 35 36 37 38 39
2972 3696 8 22 26 33 35 36 37 38 39
2170 2600 8 22 26 33 35 36 38 39 40
2210 3506 8 22 26 33 35 36 38 39 40
2766 2946 7 22 26 33 35 36 38 39
3258 2368 7 22 26 33 35 36 38 39
2444 3040 8 22 26 33 35 37 38 39 40
1686 3392 8 22 26 33 35 37 38 39 40
2784 2442 7 22 26 33 35 37 38 39
3542 3242 7 22 26 33 35 37 38 39
2402 3124 7 22 26 33 35 38 39 40
2780 1528 7 22 26 33 35 38 39 40
3336 1578 6 22 26 33 35 38 39
3490 3670 6 22 26 33 35 38 39
3358 3732 7 22 26 33 36 37 39 40
3694 3516 6 22 26 33 36 39 40
3638 3826 6 22 26 33 37 39 40
1710 2892 6 22 26 33 37 39 40
1404 2898 6 22 26 33 37 39 40
2808 2988 5 22 26 33 37 39
2502 3034 5 22 26 33 37 39
2050 3144 5 22 26 33 39 40
2122 3076 5 22 26 33 39 40
3210 3058 4 22 26 33 39
2602 3504 4 22 26 33 39
1390 2442 8 22 27 30 33 35 37 39 40
2364 3376 8 22 27 30 33 35 37 39 40
2488 3542 7 22 27 30 33 35 37 39
3462 3600 7 22 27 30 33 35 37 39
2106 3818 7 22 27 30 33 35 39 40
2700 2024 7 22 27 30 33 35 39 40
3194 2668 6 22 27 30 33 35 39
3256 2218 6 22 27 30 33 35 39
3954 2278 7 22 27 34 35 36 38 39
2692 2642 8 22 27 34 35 37 38 39 40
2744 2738 8 22 27 34 35 37 38 39 40
3306 3592 7 22 27 34 35 37 38 39
3034 3468 7 22 27 34 35 38 39 40
3590 3104 6 22 27 34 35 38 39
2336 3312 8 22 30 32 33 35 37 39 40
2290 3270 8 22 30 32 33 35 37 39 40
3388 2120 7 22 30 32 33 35 37 39
3434 1458 7 22 30 32 33 35 37 39
3054 3634 7 22 30 32 33 35 39 40
2626 3444 7 22 30 32 33 35 39 40
3182 3806 6 22 30 32 33 35 39
1834 2800 9 22 30 33 35 36 37 38 39 40
1178 2252 9 22 30 33 35 36 37 38 39 40
2932 3450 8 22 30 33 35 36 37 38 39
2276 2642 8 22 30 33 35 36 37 38 39
2972 2572 8 22 30 33 35 36 37 38 39
2210 3100 8 22 30 33 35 36 38 39 40
1974 2998 8 22 30 33 35 36 38 39 40
2170 3494 8 22 30 33 35 36 38 39 40
1896 2242 8 22 30 33 35 36 38 39 40
2726 2986 7 22 30 33 35 36 38 39
3062 2874 7 22 30 33 35 36 38 39
2766 3284 7 22 30 33 35 36 38 39
2984 3434 7 22 30 33 35 36 38 39
1422 3780 8 22 30 33 35 37 38 39 40
2444 3946 8 22 30 33 35 37 38 39 40
1404 3744 8 22 30 33 35 37 38 39 40
814 2708 8 22 30 33 35 37 38 39 40
2380 1526 7 22 30 33 35 37 38 39
1478 3486 7 22 30 33 35 37 38 39
2780 3704 7 22 30 33 35 38 39 40
1998 3222 7 22 30 33 35 38 39 40
800 3224 7 22 30 33 35 38 39 40
2122 2154 7 22 30 33 35 38 39 40
1476 3614 6 22 30 33 35 38 39
3086 3520 6 22 30 33 35 38 39
3336 3636 6 22 30 33 35 38 39
3358 2382 7 22 30 33 36 37 39 40
3694 3514 6 22 30 33 36 39 40
1128 2694 6 22 30 33 37 39 40
3358 2606 6 22 30 33 37 39 40
3434 3438 6 22 30 33 37 39 40
1710 3234 6 22 30 33 37 39 40
2808 3456 5 22 30 33 37 39
2226 3324 5 22 30 33 37 39
1846 3540 5 22 30 33 39 40
2050 870 5 22 30 33 39 40
2602 2152 4 22 30 33 39
2934 2346 4 22 30 33 39
2104 2914 9 22 32 34 35 36 37 38 39 40
2184 1354 9 22 32 34 35 36 37 38 39 40
3058 2392 9 22 32 34 35 36 37 38 39 40
3076 3580 9 22 32 34 35 36 37 38 39 40
2656 3520 8 22 32 34 35 36 37 38 39
3790 3426 8 22 32 34 35 36 38 39 40
2384 3170 8 22 32 34 35 36 38 39 40
2862 2394 7 22 32 34 35 36 38 39
2940 626 7 22 32 34 35 36 38 39
3378 2986 8 22 32 34 35 37 38 39 40
2626 2800 8 22 32 34 35 37 38 39 40
3302 2454 8 22 32 34 35 37 38 39 40
3626 2844 8 22 32 34 35 37 38 39 40
3284 2384 8 22 32 34 35 37 38 39 40
3240 3628 7 22 32 34 35 37 38 39
2968 3502 7 22 32 34 35 38 39 40
3178 3366 6 22 32 34 35 38 39
3524 2850 6 22 32 34 35 38 39
3528 3608 7 22 32 34 36 37 39 40
3102 2106 6 22 32 34 37 39 40
1884 3452 6 22 32 34 37 39 40
2880 3554 6 22 32 34 37 39 40
3008 2122 6 22 32 34 37 39 40
2498 2480 5 22 32 34 37 39
2220 3040 5 22 32 34 39 40
2776 2338 4 22 32 34 39
2592 2470 4 22 32 34 39
3726 2208 7 22 34 36 37 38 39 40
3686 3718 7 22 34 36 37 38 39 40
2082 2788 6 22 34 37 38 39 40
2042 3140 6 22 34 37 38 39 40
1990 2682 6 22 34 37 38 39 40
2098 3232 6 22 34 37 38 39 40
2656 1828 5 22 34 37 38 39
3088 2288 5 22 34 37 38 39
3140 2454 5 22 34 37 38 39
2418 2632 5 22 34 38 39 40
2706 3006 5 22 34 38 39 40
2378 3842 5 22 34 38 39 40
2028 3444 4 22 34 38 39
2934 3278 4 22 34 38 39
9672 2818 1 22
4064 2512 8 23 24 25 27 32 35 36 40
3296 2750 8 23 24 25 27 35 36 38 40
3528 3352 7 23 24 25 27 35 38 40
2444 2174 7 23 24 25 27 35 38 40
3528 3022 7 23 24 25 27 35 38 40
2800 3310 6 23 24 25 27 35 38
3256 3296 5 23 24 25 27 40
3438 2264 6 23 24 25 36 38 40
3124 3028 6 23 24 25 36 38 40
1794 3224 5 23 24 25 38 40
3154 3172 5 23 24 25 38 40
2150 3624 4 23 24 25 38
3336 2514 8 23 24 27 28 36 37 38 40
2836 2380 6 23 24 27 28 36 38
3250 3808 7 23 24 27 28 37 38 40
2750 3738 5 23 24 27 28 38
2790 3182 8 23 24 27 29 32 35 36 38
3624 3236 7 23 24 27 29 32 35 38
3310 2398 7 23 24 27 29 32 35 38
3594 2766 7 23 24 27 29 32 35 38
2670 3246 5 23 24 27 29 32
2494 3218 7 23 24 27 29 37 38 40
3524 2590 6 23 24 27 29 37 38
3212 3150 6 23 24 27 29 38 40
1992 3092 5 23 24 27 29 38
2732 3032 5 23 24 27 29 38
3568 3740 9 23 24 27 31 32 36 37 39 40
3904 2880 8 23 24 27 31 32 36 39 40
3632 3654 9 23 24 27 31 36 37 38 39 40
3592 150 9 23 24 27 31 36 37 38 39 40
2418 3634 9 23 24 27 31 36 37 38 39 40
3516 3936 8 23 24 27 31 36 37 38 39
3136 2766 8 23 24 27 31 36 38 39 40
3928 3822 8 23 24 27 31 36 38 39 40
2656 3634 8 23 24 27 31 37 38 39 40
1948 3580 8 23 24 27 31 37 38 39 40
3046 3588 7 23 24 27 31 37 38 39
3754 2938 7 23 24 27 31 37 38 39
2284 2896 7 23 24 27 31 38 39 40
3372 3428 7 23 24 27 31 38 39 40
2840 992 6 23 24 27 31 38 39
2140 3278 6 23 24 29 32 36 38
3476 1740 7 23 24 29 32 37 38 40
2690 3224 5 23 24 29 32 38
2970 3488 5 23 24 29 32 38
3588 2656 9 23 24 31 32 36 37 38 39 40
3400 2842 9 23 24 31 32 36 37 38 39 40
3622 1924 9 23 24 31 32 36 37 38 39 40
3924 3190 8 23 24 31 32 36 38 39 40
3632 3702 8 23 24 31 32 37 38 39 40
3160 3040 7 23 25 26 27 33 35 40
3246 3692 7 23 25 26 27 33 35 40
3516 2418 6 23 25 26 27 33 35
2932 3238 8 23 25 26 28 32 33 34 40
3368 1792 8 23 25 26 28 32 33 34 40
3286 3820 7 23 25 26 28 32 33 34
3090 3744 8 23 25 26 28 33 34 38 40
3444 2948 7 23 25 26 28 33 34 38
2606 2776 8 23 25 26 32 33 35 36 40
2962 3772 7 23 25 26 32 33 35 36
3190 2064 7 23 25 26 32 33 35 40
3544 1742 6 23 25 26 32 33 35
2670 3308 8 23 25 26 33 35 36 38 40
2630 2548 8 23 25 26 33 35 36 38 40
3678 3792 7 23 25 26 33 35 36 38
3024 3786 7 23 25 26 33 35 36 38
2862 3008 7 23 25 26 33 35 38 40
3240 3744 7 23 25 26 33 35 38 40
3594 3250 6 23 25 26 33 35 38
2510 2374 5 23 25 26 33 40
2592 2804 5 23 25 26 33 40
2866 1316 4 23 25 26 33
2966 1794 7 23 25 27 30 33 35 40
3160 2396 7 23 25 27 30 33 35 40
2578 3414 7 23 25 27 30 33 35 40
3514 9424 6 23 25 27 30 33 35
3626 2402 6 23 25 27 30 33 35
2844 2792 8 23 25 27 32 34 35 37 40
3410 2922 7 23 25 27 32 34 35 37
3336 3848 7 23 25 27 32 34 35 40
3672 3406 6 23 25 27 32 34 35
3690 1970 6 23 25 27 32 34 35
3214 3064 8 23 25 27 34 35 37 38 40
3002 1622 8 23 25 27 34 35 37 38 40
3568 2884 7 23 25 27 34 35 37 38
3494 2278 7 23 25 27 34 35 38 40
3826 2630 7 23 25 27 34 35 38 40
3494 3148 7 23 25 27 34 35 38 40
2704 3804 6 23 25 27 34 35 38
3848 3410 6 23 25 27 34 35 38
2606 2110 8 23 25 30 32 33 35 36 40
2962 770 7 23 25 30 32 33 35 36
3524 3834 7 23 25 30 32 33 35 40
3086 2182 7 23 25 30 32 33 35 40
3442 3088 6 23 25 30 32 33 35
2630 3362 8 23 25 30 33 35 36 38 40
2356 1986 8 23 25 30 33 35 36 38 40
2984 3226 7 23 25 30 33 35 36 38
3404 3514 7 23 25 30 33 35 36 38
986 3586 7 23 25 30 33 35 38 40
2470 2798 7 23 25 30 33 35 38 40
1510 2780 6 23 25 30 33 35 38
3518 3266 6 23 25 30 33 35 38
3600 3644 6 23 25 30 33 35 38
2510 2170 5 23 25 30 33 40
2316 2436 5 23 25 30 33 40
2866 3420 4 23 25 30 33
3364 2784 4 23 25 30 33
2352 2254 9 23 25 32 34 35 36 37 38 40
3518 2952 9 23 25 32 34 35 36 37 38 40
2564 3390 9 23 25 32 34 35 36 37 38 40
2920 2570 8 23 25 32 34 35 36 37 38
2844 2066 8 23 25 32 34 35 36 38 40
3062 3516 7 23 25 32 34 35 36 38
3200 2196 7 23 25 32 34 35 36 38
3762 2528 8 23 25 32 34 35 37 38 40
2936 3276 8 23 25 32 34 35 37 38 40
3744 3300 8 23 25 32 34 35 37 38 40
3502 2904 7 23 25 32 34 35 37 38
3428 3024 7 23 25 32 34 35 38 40
3562 3564 7 23 25 32 34 35 38 40
3294 3642 6 23 25 32 34 35 38
2198 2082 6 23 25 32 34 37 40
3472 3662 6 23 25 32 34 37 40
2756 3044 5 23 25 32 34 37
2680 2818 5 23 25 32 34 40
3022 2796 4 23 25 32 34
3040 2444 4 23 25 32 34
2352 1364 6 23 25 34 37 38 40
2914 3350 5 23 25 34 37 38
3094 1782 5 23 25 34 38 40
3176 3752 5 23 25 34 38 40
2838 2164 5 23 25 34 38 40
3198 2974 4 23 25 34 38
2384 2860 4 23 25 34 38
3238 3016 4 23 25 34 38
3448 2734 5 23 26 27 29 33
2370 9442 8 23 26 27 31 33 37 39 40
2664 2952 8 23 26 27 31 33 37 39 40
3762 3200 7 23 26 27 31 33 37 39
3468 2574 7 23 26 27 31 33 37 39
3086 2436 7 23 26 27 31 33 39 40
3000 3006 7 23 26 27 31 33 39 40
3556 2022 6 23 26 27 31 33 39
2518 3620 6 23 26 28 32 33 36
3074 3738 5 23 26 28 32 33
2856 2226 6 23 26 29 32 33 36
3406 2786 5 23 26 29 32 33
1206 3238 5 23 26 29 32 33
2918 2472 6 23 26 29 33 36 38
3554 2060 5 23 26 29 33 38
2110 3644 9 23 26 31 32 33 36 37 39 40
3208 3924 8 23 26 31 32 33 36 37 39
2446 2758 8 23 26 31 32 33 36 39 40
3002 3328 7 23 26 31 32 33 36 39
2694 1572 8 23 26 31 32 33 37 39 40
3792 3522 7 23 26 31 32 33 37 39
3030 2360 7 23 26 31 32 33 39 40
3586 3880 6 23 26 31 32 33 39
3166 2742 8 23 27 28 30 32 33 35 36
3724 2816 7 23 27 28 30 32 33 35
2152 3676 8 23 27 28 30 33 35 36 38
3230 3472 8 23 27 28 30 33 35 36 38
3774 3492 7 23 27 28 30 33 35 38
2066 2944 7 23 27 28 30 33 35 38
3334 3824 8 23 27 28 34 36 37 38 40
3250 3230 7 23 27 28 34 37 38 40
2750 3170 5 23 27 28 34 38
1860 3282 7 23 27 29 30 32 33 35
1360 2106 7 23 27 29 30 33 35 38
1924 3662 7 23 27 29 30 33 35 38
3448 3414 5 23 27 29 30 33
2776 2748 7 23 27 29 32 34 37 40
3338 3258 6 23 27 29 32 34 37
3520 2926 6 23 27 29 32 34 40
3624 2852 5 23 27 29 32 34
2934 3292 7 23 27 29 34 37 38 40
2494 3564 7 23 27 29 34 37 38 40
3524 2498 6 23 27 29 34 37 38
3496 2890 6 23 27 29 34 37 38
3236 2224 6 23 27 29 34 38 40
3678 3590 6 23 27 29 34 38 40
3782 1884 5 23 27 29 34 38
2238 3762 9 23 27 30 31 33 35 37 38 39
1476 3018 9 23 27 30 31 33 35 38 39 40
2032 2932 8 23 27 30 31 33 35 38 39
2664 1686 8 23 27 30 31 33 37 39 40
2088 3502 8 23 27 30 31 33 37 39 40
3762 3514 7 23 27 30 31 33 37 39
3186 9440 7 23 27 30 31 33 37 39
2806 4020 7 23 27 30 31 33 39 40
3000 1144 7 23 27 30 31 33 39 40
3556 2518 6 23 27 30 31 33 39
2834 2302 8 23 27 31 32 34 37 39 40
2886 3332 8 23 27 31 32 34 37 39 40
3448 2690 7 23 27 31 32 34 37 39
3176 3552 7 23 27 31 32 34 39 40
3732 2600 6 23 27 31 32 34 39
3552 3300 6 23 27 31 32 34 39
3032 3524 8 23 27 31 34 37 38 39 40
2992 3366 8 23 27 31 34 37 38 39 40
2952 2114 8 23 27 31 34 37 38 39 40
3606 3324 7 23 27 31 34 37 38 39
3334 1982 7 23 27 31 34 38 39 40
3666 3348 7 23 27 31 34 38 39 40
2624 3404 6 23 27 31 34 38 39
2302 3362 4 23 27 32 35
1024 3510 5 23 27 35 36 38
1342 3332 4 23 27 35 38
1428 2980 4 23 27 35 38
1010 2474 2 23 27
3272 2974 8 23 28 30 32 33 35 36 38
3134 3270 8 23 28 30 32 33 35 36 38
3186 1452 8 23 28 30 32 33 35 36 38
3042 2800 7 23 28 30 32 33 35 38
3744 3370 7 23 28 30 32 33 35 38
2518 2426 6 23 28 30 32 33 36
3074 2558 5 23 28 30 32 33
2886 3166 6 23 28 32 34 36 38
3442 3026 5 23 28 32 34 38
1966 1246 7 23 29 30 32 33 35 38
2292 3748 7 23 29 30 32 33 35 38
1880 2026 7 23 29 30 32 33 35 38
2856 2854 6 23 29 30 32 33 36
1206 3666 5 23 29 30 32 33
3406 2590 5 23 29 30 32 33
2918 3150 6 23 29 30 33 36 38
3554 3566 5 23 29 30 33 38
2246 2494 8 23 29 32 34 36 37 38 40
2808 1956 7 23 29 32 34 36 37 38
2990 1510 7 23 29 32 34 36 38 40
3094 3280 6 23 29 32 34 36 38
3188 1162 6 23 29 32 34 36 38
2882 2680 7 23 29 32 34 37 38 40
3476 2766 7 23 29 32 34 37 38 40
3444 3556 6 23 29 32 34 37 38
3454 3592 6 23 29 32 34 37 38
3634 3010 6 23 29 32 34 38 40
3624 2962 6 23 29 32 34 38 40
1580 2454 5 23 29 32 34 38
2110 3564 9 23 30 31 32 33 36 37 39 40
3208 2716 8 23 30 31 32 33 36 37 39
2446 2790 8 23 30 31 32 33 36 39 40
3002 2454 7 23 30 31 32 33 36 39
2694 2560 8 23 30 31 32 33 37 39 40
3792 2680 7 23 30 31 32 33 37 39
3030 3208 7 23 30 31 32 33 39 40
3586 1924 6 23 30 31 32 33 39
2478 3754 9 23 31 32 34 36 37 38 39 40
3576 2512 8 23 31 32 34 36 37 38 39
2820 3072 8 23 31 32 34 36 38 39 40
3376 3716 7 23 31 32 34 36 38 39
3062 2030 8 23 31 32 34 37 38 39 40
3402 3626 7 23 31 32 34 38 39 40
1722 3190 5 23 32 35 36 38
1948 1518 4 23 32 35 38
252 3472 2 23 32
768 3062 3 23 36 38
1108 1512 2 23 38
9522 3676 1 23
3234 3552 6 24 25 26 29 33 40
4130 956 8 24 25 27 28 34 35 36 38
4044 2772 7 24 25 27 28 34 35 38
3342 3392 7 24 25 27 29 34 35 38
3482 2334 6 24 25 27 35 36 40
2652 3672 6 24 25 27 35 36 40
3700 2018 5 24 25 27 35 36
2878 3592 5 24 25 27 35 40
1800 2168 5 24 25 27 35 40
2156 1342 4 24 25 27 35
3802 3586 7 24 25 28 30 33 36 40
3716 2768 6 24 25 28 30 33 40
3980 3178 8 24 25 28 34 36 37 38 40
3474 2792 6 24 25 28 34 36 38
3894 2814 7 24 25 28 34 37 38 40
3694 3204 5 24 25 28 34 38
2960 2964 6 24 25 29 30 33 40
3666 3148 5 24 25 29 32 34
3184 2594 7 24 25 29 34 37 38 40
3820 3740 6 24 25 29 34 38 40
3022 3232 5 24 25 29 34 38
3278 3178 9 24 25 31 34 36 37 38 39 40
3780 2380 8 24 25 31 34 36 38 39 40
3554 3448 8 24 25 31 34 37 38 39 40
3628 2036 6 24 25 32 35 36 40
3440 3280 6 24 25 32 35 36 40
2544 2400 6 24 25 35 36 38 40
2746 3682 6 24 25 35 36 38 40
3522 3654 6 24 25 35 36 38 40
3592 3160 5 24 25 35 36 38
2776 3118 5 24 25 35 38 40
1144 2498 3 24 25 40
1806 3674 2 24 25
2772 3000 6 24 26 27 28 29 33
3754 3298 6 24 26 28 29 32 33
2640 1704 7 24 26 28 29 33 36 38
2668 2692 6 24 26 28 29 33 38
2798 3162 6 24 27 28 29 30 33
4010 3496 8 24 27 28 31 34 36 38 39
3934 2426 7 24 27 28 31 34 38 39
3788 3256 6 24 27 28 32 35 36
3124 3638 8 24 27 28 35 36 37 38 40
3842 1300 7 24 27 28 35 36 38 40
2624 1532 6 24 27 28 35 36 38
3154 3820 7 24 27 28 35 37 38 40
2738 2642 5 24 27 28 35 38
2692 2530 6 24 27 28 36 37 40
3408 2742 5 24 27 28 36 40
3394 3588 4 24 27 28 36
2192 3100 4 24 27 28 36
2606 3124 5 24 27 28 37 40
3324 3460 4 24 27 28 40
2322 3084 3 24 27 28
3262 3440 7 24 27 29 31 34 38 39
3452 3246 7 24 27 29 32 35 37 40
2946 3216 5 24 27 29 32 35
2666 1092 5 24 27 29 32 35
2368 3312 8 24 27 29 35 36 37 38 40
3398 3602 7 24 27 29 35 36 37 38
3086 3082 7 24 27 29 35 36 38 40
1866 3854 6 24 27 29 35 36 38
2208 3056 6 24 27 29 35 36 38
2398 2926 7 24 27 29 35 37 38 40
3428 2322 6 24 27 29 35 37 38
3114 3038 6 24 27 29 35 38 40
2066 2968 5 24 27 29 35 38
2844 2418 5 24 27 29 35 38
1850 3614 5 24 27 29 37 40
2880 3708 4 24 27 29 37
2568 3014 4 24 27 29 40
2084 3168 3 24 27 29
1648 3318 3 24 27 29
3376 3366 9 24 27 31 32 35 36 37 39 40
3564 3060 9 24 27 31 32 35 36 37 39 40
3406 2218 9 24 27 31 32 35 36 37 39 40
3900 2918 8 24 27 31 32 35 36 39 40
3608 1764 8 24 27 31 32 35 37 39 40
3678 2164 9 24 27 31 35 36 37 38 39 40
3742 1390 9 24 27 31 35 36 37 38 39 40
3678 3842 9 24 27 31 35 36 37 38 39 40
2322 2352 9 24 27 31 35 36 37 38 39 40
3420 2460 8 24 27 31 35 36 37 38 39
3420 3476 8 24 27 31 35 36 37 38 39
3038 2068 8 24 27 31 35 36 38 39 40
4012 3614 8 24 27 31 35 36 38 39 40
4012 1756 8 24 27 31 35 36 38 39 40
3038 1390 8 24 27 31 35 36 38 39 40
2598 2836 8 24 27 31 35 37 38 39 40
3646 2880 7 24 27 31 35 37 38 39
3266 2156 7 24 27 31 35 38 39 40
1904 3104 7 24 27 31 36 37 39 40
2988 3364 7 24 27 31 36 37 39 40
2872 2450 6 24 27 31 36 37 39
2492 2348 6 24 27 31 36 39 40
3322 2322 6 24 27 31 36 39 40
3580 3590 5 24 27 31 36 39
3558 3052 6 24 27 31 37 39 40
1390 3100 6 24 27 31 37 39 40
2182 2234 6 24 27 31 37 39 40
3104 1272 5 24 27 31 37 39
2398 3702 5 24 27 31 37 39
1640 2032 5 24 27 31 39 40
2724 2780 5 24 27 31 39 40
2192 2006 4 24 27 31 39
3780 3324 6 24 28 29 30 32 33
2666 3260 7 24 28 29 30 33 36 38
2694 3006 6 24 28 29 30 33 38
3352 2656 4 24 28 32 36
3168 1880 4 24 28 32 36
3082 2712 3 24 28 32
2474 1666 6 24 28 36 37 38 40
3506 3386 5 24 28 36 37 38
3192 2826 5 24 28 36 38 40
2080 2244 4 24 28 36 38
3408 3832 4 24 28 36 38
2578 2736 5 24 28 37 38 40
3216 3120 4 24 28 38 40
2418 2278 3 24 28 38
2828 3926 5 24 29 32 37 40
3544 3358 4 24 29 32 40
2040 3724 3 24 29 32
2326 3902 3 24 29 32
1718 3184 6 24 29 36 37 38 40
2748 3772 5 24 29 36 37 38
2436 3784 5 24 29 36 38 40
1406 2780 4 24 29 36 38
1554 2502 4 24 29 36 38
1908 2094 5 24 29 37 38 40
2772 1904 4 24 29 37 38
2460 2710 4 24 29 38 40
1746 2304 3 24 29 38
2188 3456 3 24 29 38
2944 2854 7 24 31 32 36 37 39 40
2752 3178 7 24 31 32 36 37 39 40
3468 3682 6 24 31 32 36 39 40
3280 3324 6 24 31 32 36 39 40
2988 2606 6 24 31 32 37 39 40
3528 2874 6 24 31 32 37 39 40
3028 3574 7 24 31 36 37 38 39 40
1940 2374 7 24 31 36 37 38 39 40
3092 3364 7 24 31 36 37 38 39 40
2764 3080 6 24 31 36 37 38 39
3362 3362 6 24 31 36 38 39 40
2384 2436 6 24 31 36 38 39 40
3428 3614 6 24 31 36 38 39 40
3472 2974 5 24 31 36 38 39
3662 3602 6 24 31 37 38 39 40
2278 2336 6 24 31 37 38 39 40
3002 2632 5 24 31 37 38 39
2620 2962 5 24 31 38 39 40
9448 2992 1 24
3096 4130 8 25 26 27 28 33 34 35 40
3450 3570 7 25 26 27 28 33 34 35
2446 3136 9 25 26 28 32 33 34 35 36 40
2764 2572 9 25 26 28 32 33 34 35 36 40
3812 3192 8 25 26 28 32 33 34 35 36
2802 3942 8 25 26 28 32 33 34 35 36
3030 3536 8 25 26 28 32 33 34 35 40
2990 2414 8 25 26 28 32 33 34 35 40
3384 3410 7 25 26 28 32 33 34 35
2446 2312 6 25 26 28 33 34 40
2800 3394 5 25 26 28 33 34
3516 3646 7 25 26 33 35 36 37 40
2026 3832 6 25 26 33 35 36 40
1986 2830 6 25 26 33 35 36 40
3034 1180 5 25 26 33 35 36
2380 3916 5 25 26 33 35 36
2214 1024 5 25 26 33 35 40
2596 2290 5 25 26 33 35 40
2950 3370 4 25 26 33 35
3262 2640 4 25 26 33 35
3730 2704 5 25 27 34 35 36
2358 2322 6 25 27 34 35 37 40
2920 3310 5 25 27 34 35 37
2844 2852 5 25 27 34 35 40
3204 1810 4 25 27 34 35
2866 3516 8 25 28 30 33 34 35 36 38
3140 3382 7 25 28 30 33 34 35 38
3716 3016 6 25 28 30 33 34 40
2470 2408 7 25 29 30 33 34 35 38
3242 2410 7 25 30 33 35 36 37 40
2026 2778 6 25 30 33 35 36 40
1706 3040 6 25 30 33 35 36 40
2754 3454 5 25 30 33 35 36
2380 2498 5 25 30 33 35 36
3468 3628 6 25 30 33 35 37 40
566 2714 5 25 30 33 35 40
2596 2488 5 25 30 33 35 40
1938 3770 5 25 30 33 35 40
1246 2882 4 25 30 33 35
2986 3206 4 25 30 33 35
1954 2356 7 25 32 34 35 36 37 40
2886 3164 7 25 32 34 35 36 37 40
1916 3762 7 25 32 34 35 36 37 40
2868 3774 7 25 32 34 35 36 37 40
2270 3558 6 25 32 34 35 36 37
2196 2542 6 25 32 34 35 36 40
3602 3120 6 25 32 34 35 36 40
2452 2798 6 25 32 34 35 36 40
2638 2986 5 25 32 34 35 36
2586 2984 5 25 32 34 35 36
3118 2656 6 25 32 34 35 37 40
3100 2756 6 25 32 34 35 37 40
2296 3426 6 25 32 34 35 37 40
2854 1968 5 25 32 34 35 37
2778 2356 5 25 32 34 35 40
2954 3360 4 25 32 34 35
3138 2764 4 25 32 34 35
2394 3386 6 25 34 35 36 38 40
2566 2868 6 25 34 35 36 38 40
2134 1896 5 25 34 35 36 38
2754 2906 5 25 34 35 36 38
3614 1780 5 25 34 35 36 38
2798 2950 5 25 34 35 38 40
2964 2798 5 25 34 35 38 40
2450 3234 4 25 34 35 38
3324 2624 4 25 34 35 38
1708 3428 4 25 34 37 40
2270 3444 3 25 34 37
2194 3186 3 25 34 40
1286 2764 2 25 34
9432 2984 1 25
3384 2988 6 26 27 28 29 33 34
2770 2606 6 26 27 28 29 33 34
2600 1764 9 26 27 28 31 33 34 37 39 40
3698 2270 8 26 27 28 31 33 34 37 39
2936 1826 8 26 27 28 31 33 34 39 40
3492 2446 7 26 27 28 31 33 34 39
2964 3788 6 26 27 29 33 35 36
3534 2592 5 26 27 29 33 35
1760 2364 9 26 27 31 33 35 36 37 39 40
2180 1128 9 26 27 31 33 35 36 37 39 40
3278 3348 8 26 27 31 33 35 36 37 39
2858 3152 8 26 27 31 33 35 36 37 39
2516 3042 8 26 27 31 33 35 36 39 40
2476 3516 8 26 27 31 33 35 36 39 40
3072 3324 7 26 27 31 33 35 36 39
3564 2952 7 26 27 31 33 35 36 39
2750 2898 8 26 27 31 33 35 37 39 40
1992 996 8 26 27 31 33 35 37 39 40
3848 1974 7 26 27 31 33 35 37 39
3090 2652 7 26 27 31 33 35 37 39
3086 3766 7 26 27 31 33 35 39 40
2708 3296 7 26 27 31 33 35 39 40
3642 2416 6 26 27 31 33 35 39
3796 3446 6 26 27 31 33 35 39
2696 1642 7 26 28 29 32 33 34 36
1964 1954 8 26 28 29 32 33 34 37 40
2994 2468 7 26 28 29 32 33 34 37
2680 3834 7 26 28 29 32 33 34 40
1458 3044 6 26 28 29 32 33 34
3298 2560 6 26 28 29 32 33 34
1196 3520 6 26 28 29 32 33 34
3728 2462 6 26 28 29 32 33 34
2638 2192 7 26 28 29 33 34 36 38
2854 3368 7 26 28 29 33 34 36 38
3488 3430 6 26 28 29 33 34 38
2668 2668 6 26 28 29 33 34 38
1950 2292 10 26 28 31 32 33 34 36 37 39 40
1888 2202 10 26 28 31 32 33 34 36 37 39 40
3048 3562 9 26 28 31 32 33 34 36 37 39
2986 2566 9 26 28 31 32 33 34 36 37 39
2286 3170 9 26 28 31 32 33 34 36 39 40
2604 3234 9 26 28 31 32 33 34 36 39 40
3692 3076 8 26 28 31 32 33 34 36 39
2842 3252 8 26 28 31 32 33 34 36 39
2120 3954 9 26 28 31 32 33 34 37 39 40
2534 3688 9 26 28 31 32 33 34 37 39 40
3218 3730 8 26 28 31 32 33 34 37 39
3632 3356 8 26 28 31 32 33 34 37 39
2836 3870 8 26 28 31 32 33 34 39 40
2870 2950 8 26 28 31 32 33 34 39 40
3426 2344 7 26 28 31 32 33 34 39
2026 2792 6 26 28 33 36 37 40
3058 3506 5 26 28 33 36 37
2744 3534 5 26 28 33 36 40
1526 3764 4 26 28 33 36
1932 3152 4 26 28 33 36
1942 3924 5 26 28 33 37 40
2974 3468 4 26 28 33 37
2658 2732 4 26 28 33 40
2476 2890 3 26 28 33
1436 3746 3 26 28 33
326 3792 3 26 28 33
2890 2468 6 26 29 32 33 35 36
3460 1576 5 26 29 32 33 35
3004 1406 6 26 29 33 35 36 38
3638 2892 5 26 29 33 35 38
2270 3282 4 26 29 33 36
1186 2596 5 26 29 33 37 40
3414 2514 5 26 29 33 37 40
2216 2902 4 26 29 33 37
1902 3402 4 26 29 33 40
686 2388 3 26 29 33
612 3666 3 26 29 33
1524 2338 7 26 31 33 36 37 39 40
1110 1324 7 26 31 33 36 37 39 40
3338 2924 7 26 31 33 36 37 39 40
2622 1628 6 26 31 33 36 37 39
2208 3090 6 26 31 33 36 37 39
1866 3844 6 26 31 33 36 39 40
1826 2236 6 26 31 33 36 39 40
2914 2540 5 26 31 33 36 39
2416 2770 5 26 31 33 36 39
1342 3534 6 26 31 33 37 39 40
2094 3396 6 26 31 33 37 39 40
2440 3476 5 26 31 33 37 39
3192 3498 5 26 31 33 37 39
2058 2646 5 26 31 33 39 40
2436 3602 5 26 31 33 39 40
2986 2664 4 26 31 33 39
3146 2540 4 26 31 33 39
9584 1808 1 26
2008 2346 8 27 28 30 33 35 36 37 40
3040 3280 7 27 28 30 33 35 36 37
2724 2686 7 27 28 30 33 35 36 40
2586 3806 6 27 28 30 33 35 36
1508 3038 6 27 28 30 33 35 36
1928 3564 7 27 28 30 33 35 37 40
2954 3214 6 27 28 30 33 35 37
2640 2284 6 27 28 30 33 35 40
1768 1906 5 27 28 30 33 35
3130 858 5 27 28 30 33 35
3124 3084 8 27 28 34 35 36 37 38 40
3866 1162 7 27 28 34 35 36 38 40
2624 2694 6 27 28 34 35 36 38
3152 3100 7 27 28 34 35 37 38 40
2648 3064 5 27 28 34 35 38
3596 1766 6 27 28 34 36 37 40
2690 3864 6 27 28 34 36 37 40
3434 3120 5 27 28 34 36 40
2606 1202 5 27 28 34 37 40
3348 2330 4 27 28 34 40
2100 3680 3 27 28 34
2924 3706 6 27 29 30 33 35 36
1256 3506 7 27 29 30 33 35 37 40
2196 2926 6 27 29 30 33 35 37
1884 2998 6 27 29 30 33 35 40
3534 3088 5 27 29 30 33 35
1096 2244 5 27 29 30 33 35
1274 2582 5 27 29 30 33 35
2926 2566 5 27 29 30 33 35
2292 3008 8 27 29 32 34 35 36 37 40
2854 2718 7 27 29 32 34 35 36 37
3034 3516 7 27 29 32 34 35 36 40
3138 1354 6 27 29 32 34 35 36
2868 2734 7 27 29 32 34 35 37 40
3452 1380 7 27 29 32 34 35 37 40
3430 3818 6 27 29 32 34 35 37
3610 3542 6 27 29 32 34 35 40
3714 2070 5 27 29 32 34 35
2410 9478 8 27 29 34 35 36 37 38 40
2368 3414 8 27 29 34 35 36 37 38 40
2972 1574 7 27 29 34 35 36 37 38
3398 2554 7 27 29 34 35 36 37 38
3110 2586 7 27 29 34 35 36 38 40
3154 2358 7 27 29 34 35 36 38 40
3258 2944 6 27 29 34 35 36 38
3046 3086 7 27 29 34 35 37 38 40
2396 3422 7 27 29 34 35 37 38 40
3608 3194 6 27 29 34 35 37 38
3426 3022 6 27 29 34 35 37 38
3788 2282 6 27 29 34 35 38 40
3140 9484 6 27 29 34 35 38 40
2286 2238 5 27 29 34 37 40
1850 9602 5 27 29 34 37 40
2852 3058 4 27 29 34 37
2880 1350 4 27 29 34 37
2592 2080 4 27 29 34 40
3028 3016 4 27 29 34 40
3132 1198 3 27 29 34
2178 3046 9 27 30 31 33 35 36 37 39 40
1350 3402 9 27 30 31 33 35 36 37 39 40
3278 3210 8 27 30 31 33 35 36 37 39
2188 2934 8 27 30 31 33 35 36 37 39
3276 3672 8 27 30 31 33 35 36 37 39
2514 3904 8 27 30 31 33 35 36 39 40
2202 1942 8 27 30 31 33 35 36 39 40
1808 1990 8 27 30 31 33 35 36 39 40
2896 3552 7 27 30 31 33 35 36 39
3070 3050 7 27 30 31 33 35 36 39
2754 3186 8 27 30 31 33 35 37 39 40
1628 2664 8 27 30 31 33 35 37 39 40
830 3210 8 27 30 31 33 35 37 39 40
2426 2606 7 27 30 31 33 35 37 39
3902 1708 7 27 30 31 33 35 37 39
2808 3594 7 27 30 31 33 35 37 39
1588 3246 7 27 30 31 33 35 37 39
2044 1750 7 27 30 31 33 35 39 40
832 1898 7 27 30 31 33 35 39 40
2428 1828 7 27 30 31 33 35 39 40
3086 2656 7 27 30 31 33 35 39 40
3642 3064 6 27 30 31 33 35 39
3516 1764 6 27 30 31 33 35 39
3696 2836 6 27 30 31 33 35 39
3132 2066 6 27 30 31 33 35 39
1492 3232 6 27 30 31 33 35 39
2350 2972 9 27 31 32 34 35 36 37 39 40
3364 3826 9 27 31 32 34 35 36 37 39 40
2400 3666 9 27 31 32 34 35 36 37 39 40
3422 3476 9 27 31 32 34 35 36 37 39 40
2962 2536 8 27 31 32 34 35 36 37 39
2690 2168 8 27 31 32 34 35 36 39 40
2948 1624 7 27 31 32 34 35 36 39
3246 3608 7 27 31 32 34 35 36 39
3608 2726 8 27 31 32 34 35 37 39 40
2984 1132 8 27 31 32 34 35 37 39 40
3590 1278 8 27 31 32 34 35 37 39 40
2932 70 8 27 31 32 34 35 37 39 40
3546 2802 7 27 31 32 34 35 37 39
3274 3340 7 27 31 32 34 35 39 40
3194 2990 6 27 31 32 34 35 39
2346 3716 9 27 31 34 35 36 37 38 39 40
2548 2978 9 27 31 34 35 36 37 38 39 40
3646 2606 8 27 31 34 35 36 37 38 39
3444 2690 8 27 31 34 35 36 37 38 39
2888 2502 8 27 31 34 35 36 38 39 40
3062 1718 8 27 31 34 35 36 38 39 40
3444 3452 7 27 31 34 35 36 38 39
2374 3480 7 27 31 34 35 36 38 39
2574 2728 8 27 31 34 35 37 38 39 40
3118 2690 8 27 31 34 35 37 38 39 40
3672 3148 7 27 31 34 35 37 38 39
3288 2944 7 27 31 34 35 38 39 40
3458 3934 7 27 31 34 35 38 39 40
2690 2928 6 27 31 34 35 38 39
3610 3628 5 27 31 34 36 39
2348 3534 6 27 31 34 37 39 40
3344 3570 6 27 31 34 37 39 40
2962 3910 5 27 31 34 37 39
2684 1212 5 27 31 34 39 40
3240 3828 4 27 31 34 39
760 3376 3 27 35 36
1078 2274 2 27 35
9500 3216 1 27
1990 2846 8 28 29 30 32 33 34 37 40
3022 2688 7 28 29 30 32 33 34 37
2732 3288 7 28 29 30 32 33 34 40
3754 1524 6 28 29 30 32 33 34
3266 2844 6 28 29 30 32 33 34
2720 2750 6 28 29 30 33 34 38
2826 1486 8 28 30 31 33 34 36 38 39
3100 3308 7 28 30 31 33 34 38 39
2960 3422 8 28 30 32 33 35 36 37 40
3676 2780 7 28 30 32 33 35 36 40
2454 2230 6 28 30 32 33 35 36
2512 3686 6 28 30 32 33 35 36
2868 2740 7 28 30 32 33 35 37 40
3586 3372 6 28 30 32 33 35 40
2368 2690 5 28 30 32 33 35
3070 2946 5 28 30 32 33 35
1790 3090 8 28 30 33 35 36 37 38 40
2822 2624 7 28 30 33 35 36 37 38
2508 1792 7 28 30 33 35 36 38 40
1526 3246 6 28 30 33 35 36 38
2600 1826 6 28 30 33 35 36 38
2690 3302 6 28 30 33 35 36 38
3634 2644 6 28 30 33 35 36 38
2024 3126 7 28 30 33 35 37 38 40
2852 3188 6 28 30 33 35 37 38
2536 2706 6 28 30 33 35 38 40
3234 3462 5 28 30 33 35 38
1864 3560 5 28 30 33 35 38
1746 3020 6 28 30 33 36 37 40
2778 768 5 28 30 33 36 37
2464 3562 5 28 30 33 36 40
1246 2666 4 28 30 33 36
1932 3784 4 28 30 33 36
1660 4010 5 28 30 33 37 40
2692 2876 4 28 30 33 37
2378 3606 4 28 30 33 40
2476 3206 3 28 30 33
1160 3536 3 28 30 33
352 830 3 28 30 33
3452 2330 6 28 32 34 36 37 40
1360 2116 6 28 32 34 36 37 40
1378 3900 6 28 32 34 36 37 40
1826 3068 5 28 32 34 36 37
2410 4000 5 28 32 34 36 37
2122 9448 5 28 32 34 36 40
2002 3284 5 28 32 34 36 40
3144 3794 4 28 32 34 36
2106 1996 4 28 32 34 36
1816 2782 5 28 32 34 37 40
1642 3376 5 28 32 34 37 40
2324 2374 4 28 32 34 37
2384 3468 4 28 32 34 37
2036 2272 4 28 32 34 40
2560 912 4 28 32 34 40
912 3416 3 28 32 34
2664 3302 3 28 32 34
2474 1884 6 28 34 36 37 38 40
3506 2080 5 28 34 36 37 38
3216 3566 5 28 34 36 38 40
3324 2406 5 28 34 36 38 40
1968 3598 4 28 34 36 38
2304 3262 4 28 34 36 38
2108 3568 4 28 34 36 38
2498 2504 5 28 34 37 38 40
3238 1274 4 28 34 38 40
2848 1750 3 28 34 38
1998 3542 3 28 34 38
9440 3406 1 28
2430 2420 7 29 30 31 33 34 38 39
2850 3084 6 29 30 32 33 35 36
2118 3408 7 29 30 32 33 35 37 40
3148 2720 6 29 30 32 33 35 37
2836 3728 6 29 30 32 33 35 40
3454 3054 5 29 30 32 33 35
1202 2088 5 29 30 32 33 35
1614 1206 5 29 30 32 33 35
2064 3406 7 29 30 33 35 36 37 38
1752 3158 7 29 30 33 35 36 38 40
870 3032 6 29 30 33 35 36 38
854 3282 6 29 30 33 35 36 38
1354 3854 7 29 30 33 35 37 38 40
2094 3102 6 29 30 33 35 37 38
1780 2920 6 29 30 33 35 38 40
1194 2634 5 29 30 33 35 38
1380 3162 5 29 30 33 35 38
3638 2508 5 29 30 33 35 38
2270 3006 4 29 30 33 36
3158 3444 5 29 30 33 37 40
906 3232 5 29 30 33 37 40
1936 2634 4 29 30 33 37
1622 2638 4 29 30 33 40
456 2674 3 29 30 33
626 2896 3 29 30 33
2344 2418 8 29 32 34 35 36 37 38 40
2906 2838 7 29 32 34 35 36 37 38
3088 2444 7 29 32 34 35 36 38 40
3192 2554 6 29 32 34 35 36 38
3264 3622 6 29 32 34 35 36 38
2980 2602 7 29 32 34 35 37 38 40
3542 1422 6 29 32 34 35 37 38
3722 2862 6 29 32 34 35 38 40
1778 3194 6 29 32 34 36 37 40
2164 2656 5 29 32 34 36 37
2340 2686 5 29 32 34 36 40
2444 2660 4 29 32 34 36
2802 3200 5 29 32 34 37 40
972 3068 5 29 32 34 37 40
944 2858 5 29 32 34 37 40
1568 3594 4 29 32 34 37
926 2548 4 29 32 34 37
3518 2344 4 29 32 34 40
1272 2300 4 29 32 34 40
1300 1478 4 29 32 34 40
2300 3840 3 29 32 34
1576 2946 3 29 32 34
1718 2670 6 29 34 36 37 38 40
1756 3994 6 29 34 36 37 38 40
2748 2108 5 29 34 36 37 38
2322 3888 5 29 34 36 37 38
2460 3546 5 29 34 36 38 40
2498 2182 5 29 34 36 38 40
2602 1674 4 29 34 36 38
3480 1420 4 29 34 36 38
1742 3636 5 29 34 37 38 40
2390 2500 5 29 34 37 38 40
2958 2506 4 29 34 37 38
2772 3622 4 29 34 37 38
3134 3928 4 29 34 38 40
2482 1692 4 29 34 38 40
1194 3696 3 29 34 38
1266 3232 3 29 34 38
10672 2668 1 29
2106 3802 9 30 31 32 33 35 36 37 39 40
2042 3192 9 30 31 32 33 35 36 37 39 40
3204 2446 8 30 31 32 33 35 36 37 39
3140 3256 8 30 31 32 33 35 36 37 39
2442 2908 8 30 31 32 33 35 36 39 40
2760 3524 8 30 31 32 33 35 36 39 40
2998 2630 7 30 31 32 33 35 36 39
2274 2978 8 30 31 32 33 35 37 39 40
2688 1524 8 30 31 32 33 35 37 39 40
3372 3134 7 30 31 32 33 35 37 39
3786 3358 7 30 31 32 33 35 37 39
3024 3614 7 30 31 32 33 35 39 40
2992 1768 7 30 31 32 33 35 39 40
3580 2390 6 30 31 32 33 35 39
1386 3816 9 30 31 33 35 36 37 38 39 40
2218 2510 9 30 31 33 35 36 37 38 39 40
3316 2084 8 30 31 33 35 36 37 38 39
2110 2350 8 30 31 33 35 36 37 38 39
1704 1412 8 30 31 33 35 36 38 39 40
2554 1570 8 30 31 33 35 36 38 39 40
2792 2808 7 30 31 33 35 36 38 39
3110 1500 7 30 31 33 35 36 38 39
2854 2480 8 30 31 33 35 37 38 39 40
1724 3108 8 30 31 33 35 37 38 39 40
2388 3398 7 30 31 33 35 37 38 39
1936 1768 7 30 31 33 35 38 39 40
3190 3448 7 30 31 33 35 38 39 40
3746 3406 6 30 31 33 35 38 39
3024 9462 6 30 31 33 35 38 39
3140 3100 7 30 31 33 36 37 39 40
830 3398 7 30 31 33 36 37 39 40
1524 2852 7 30 31 33 36 37 39 40
1928 2376 6 30 31 33 36 37 39
2622 2862 6 30 31 33 36 37 39
1546 2848 6 30 31 33 36 39 40
1866 1380 6 30 31 33 36 39 40
2416 1866 5 30 31 33 36 39
2634 3042 5 30 31 33 36 39
3376 3080 6 30 31 33 37 39 40
3296 3284 6 30 31 33 37 39 40
2094 3118 6 30 31 33 37 39 40
1066 3098 6 30 31 33 37 39 40
3314 3024 6 30 31 33 37 39 40
550 2690 6 30 31 33 37 39 40
1214 3878 5 30 31 33 37 39
2164 3150 5 30 31 33 37 39
3192 2856 5 30 31 33 37 39
536 2960 5 30 31 33 39 40
1784 3682 5 30 31 33 39 40
2436 2648 5 30 31 33 39 40
2872 2944 4 30 31 33 39
2986 2560 4 30 31 33 39
1212 1612 4 30 31 33 39
9584 3812 1 30
1756 3368 7 31 32 34 36 37 39 40
2766 2840 7 31 32 34 36 37 39 40
2708 2536 7 31 32 34 36 37 39 40
1850 3202 7 31 32 34 36 37 39 40
2312 2324 6 31 32 34 36 37 39
3442 3536 6 31 32 34 36 39 40
2036 3310 6 31 32 34 36 39 40
3510 1926 6 31 32 34 36 39 40
2488 1568 6 31 32 34 36 39 40
2558 2428 5 31 32 34 36 39
2592 3518 5 31 32 34 36 39
2946 3834 6 31 32 34 37 39 40
2328 3714 6 31 32 34 37 39 40
2964 3136 6 31 32 34 37 39 40
2282 1990 6 31 32 34 37 39 40
2896 2704 5 31 32 34 37 39
2618 2478 5 31 32 34 39 40
2836 3388 4 31 32 34 39
3174 2108 4 31 32 34 39
1898 3286 7 31 34 36 37 38 39 40
1692 2690 7 31 34 36 37 38 39 40
2790 3726 6 31 34 36 37 38 39
2996 2194 6 31 34 36 37 38 39
2234 3416 6 31 34 36 38 39 40
2406 3776 6 31 34 36 38 39 40
3572 3162 5 31 34 36 38 39
2790 3394 5 31 34 36 38 39
2054 3254 5 31 34 36 38 39
1928 2214 6 31 34 37 38 39 40
2468 2638 6 31 34 37 38 39 40
3026 3236 5 31 34 37 38 39
3566 3086 5 31 34 37 38 39
2644 1746 5 31 34 38 39 40
2804 3760 5 31 34 38 39 40
3360 3010 4 31 34 38 39
2330 3194 4 31 34 38 39
9520 2270 1 31
1042 3464 3 32 35 36
1274 3750 2 32 35
9492 2704 1 32
9662 3542 1 33
9440 3512 1 34
836 3372 3 35 36 38
858 2364 3 35 36 38
1174 2470 2 35 38
9510 2906 1 35
720 3030 1 36
74 2398 2 37 40
616 2190 1 37
9478 472 1 38
9442 2072 1 39
304 3264 1 40
