23 771 
3926 4674 7 1 2 3 4 5 6 7
1776 4826 7 1 2 3 4 5 6 7
2220 4048 7 1 2 3 5 6 8 9
2156 3552 6 1 2 3 5 6 8
968 4838 5 1 2 3 5 6
896 4772 6 1 2 3 7 8 9
832 2082 5 1 2 3 7 8
2282 4170 4 1 2 3 7
600 3890 4 1 2 3 7
1810 2652 5 1 2 4 5 7
4706 1842 5 1 2 4 5 7
1868 2834 5 1 3 4 6 7
2558 5106 6 1 4 5 6 8 9
2494 3528 5 1 4 5 6 8
1148 1830 4 1 4 5 6
1230 1622 5 1 4 7 8 9
1166 1250 4 1 4 7 8
654 4480 3 1 4 7
3022 4690 5 1 5 6 8 9
2958 1336 4 1 5 6 8
1816 2494 4 1 7 8 9
1752 1604 3 1 7 8
1012 228 3 1 8 9
3964 3130 3 1 8 9
940 1454 2 1 8
106 4360 1 1
2008 3964 8 2 3 4 5 6 7 8 9
1844 3344 8 2 3 4 5 6 7 8 9
1682 3024 7 2 3 4 5 6 7 8
2748 4310 7 2 3 4 5 6 7 8
2084 3220 7 2 3 5 6 7 8 9
2022 3712 6 2 3 5 6 7 8
794 3924 5 2 3 5 6 7
1392 4350 6 2 3 5 6 8 9
1686 1402 6 2 3 5 6 8 9
4350 5074 6 2 3 5 6 8 9
1322 2158 5 2 3 5 6 8
5152 4860 5 2 3 5 6 8
668 6668 5 2 3 7 8 9
668 3822 5 2 3 7 8 9
3536 5330 5 2 3 7 8 9
698 2826 5 2 3 7 8 9
504 2278 4 2 3 7 8
1104 2008 4 2 3 7 8
2492 1700 6 2 4 5 7 8 9
2428 3886 5 2 4 5 7 8
2562 1474 6 3 4 6 7 8 9
2498 1438 5 3 4 6 7 8
2418 3696 6 4 5 6 7 8 9
2354 866 5 4 5 6 7 8
958 938 4 4 5 6 7
2024 1140 5 4 5 6 8 9
1730 1930 5 4 5 6 8 9
1660 1858 4 4 5 6 8
932 4162 4 4 7 8 9
856 2842 4 4 7 8 9
604 5198 3 4 7 8
1438 2022 3 4 7 8
3004 5422 5 5 6 7 8 9
2940 594 4 5 6 7 8
2200 4270 4 5 6 8 9
2130 3974 3 5 6 8
848 3022 2 5 6
994 3102 3 7 8 9
922 1786 2 7 8
3866 4160 2 7 8
160 3184 1 7
700 654 2 8 9
3142 1630 2 8 9
530 4066 2 8 9
612 2014 1 8
3072 4706 1 8
6152 1264 4 9 10 11 17
4394 4944 6 9 11 12 16 17 23
5082 2242 5 9 11 12 16 17
3772 3300 6 9 11 12 17 18 23
4460 2692 5 9 11 12 17 18
4516 2512 6 9 11 12 17 19 23
5204 550 5 9 11 12 17 19
5312 2850 5 9 11 12 17 23
6000 2904 4 9 11 12 17
3552 5524 6 9 11 13 16 17 23
4240 3208 5 9 11 13 16 17
2928 3408 6 9 11 13 17 18 23
3616 2426 5 9 11 13 17 18
3672 3308 6 9 11 13 17 19 23
4360 3964 5 9 11 13 17 19
4470 3290 5 9 11 13 17 23
5156 3684 4 9 11 13 17
3280 4060 6 9 11 16 17 18 20
3938 4996 5 9 11 16 17 18
4026 1028 6 9 11 16 17 19 20
4674 5070 5 9 11 16 17 19
4312 2220 6 9 11 16 17 20 23
4822 638 5 9 11 16 17 20
4948 4328 5 9 11 16 17 23
2706 1980 4 9 11 16 17
3402 1040 6 9 11 17 18 19 20
4052 4854 5 9 11 17 18 19
3688 4928 6 9 11 17 18 20 23
4198 2452 5 9 11 17 18 20
4324 910 5 9 11 17 18 23
2082 708 4 9 11 17 18
4446 2384 6 9 11 17 19 20 23
4944 3484 5 9 11 17 19 20
5070 4804 5 9 11 17 19 23
2826 4364 4 9 11 17 19
5230 1842 5 9 11 17 20 23
5832 4418 4 9 11 17 20
3114 2056 4 9 11 17 23
3560 3174 3 9 11 17
1250 6000 1 9
5864 2716 4 10 11 14 20
3724 5300 3 10 11 17
6668 844 3 10 11 17
5300 1336 5 10 12 13 15 23
5824 3562 6 10 12 14 20 22 23
4328 4698 7 10 12 15 16 19 20 21
4416 2958 6 10 12 15 16 19 21
4614 2210 7 10 12 15 16 20 21 23
4702 4184 6 10 12 15 16 21 23
3624 4614 7 10 12 15 18 19 20 21
3884 4296 6 10 12 15 18 19 21
3912 1044 7 10 12 15 18 20 21 23
4170 1694 6 10 12 15 18 21 23
4746 4264 7 10 12 15 19 20 21 23
2712 3426 5 10 12 15 19 20
4772 1546 6 10 12 15 19 21 23
2772 1746 4 10 12 15 19
3000 856 5 10 12 15 20 23
3024 1712 4 10 12 15 23
6638 4690 5 10 12 17 22 23
7396 3760 4 10 12 21 23
2406 3000 2 10 12
1978 5134 6 10 13 14 20 22 23
4924 1280 6 10 13 14 20 22 23
3546 3560 7 10 13 15 16 19 20 21
3634 4330 6 10 13 15 16 19 21
3832 2886 7 10 13 15 16 20 21 23
3920 3858 6 10 13 15 16 21 23
2842 1462 7 10 13 15 18 19 20 21
3102 3540 6 10 13 15 18 19 21
3130 3424 7 10 13 15 18 20 21 23
3388 2560 6 10 13 15 18 21 23
3964 1742 7 10 13 15 19 20 21 23
4876 3024 5 10 13 15 19 20
1930 1206 5 10 13 15 19 20
3990 2232 6 10 13 15 19 21 23
1990 2492 4 10 13 15 19
2218 1372 5 10 13 15 20 23
2242 550 4 10 13 15 23
4408 106 7 10 13 16 17 21 22 23
3706 2940 7 10 13 17 18 21 22 23
4540 3826 7 10 13 17 19 21 22 23
2794 5146 5 10 13 17 22 23
6460 6046 4 10 13 21 23
1506 3770 2 10 13
3300 2130 7 10 14 16 18 20 21 22
3942 2784 7 10 14 16 19 20 21 22
4188 1792 7 10 14 16 20 21 22 23
2210 4940 5 10 14 16 20 22
3472 3318 7 10 14 18 19 20 21 22
3758 7396 7 10 14 18 20 21 22 23
4360 4120 7 10 14 19 20 21 22 23
2360 2272 5 10 14 19 20 22
2612 3496 5 10 14 20 22 23
2842 2478 4 10 14 20 22
4480 2498 6 10 15 16 19 20 21
4768 2388 6 10 15 16 20 21 23
3950 1468 6 10 15 18 19 20 21
4236 2562 6 10 15 18 20 21 23
4838 1392 6 10 15 19 20 21 23
2838 5082 4 10 15 19 20
3090 4052 4 10 15 20 23
3856 4026 7 10 16 17 18 20 21 22
3944 1748 6 10 16 17 18 21 22
4690 3370 7 10 16 17 19 20 21 22
4690 5352 7 10 16 17 19 20 21 22
4756 4130 6 10 16 17 19 21 22
4818 4768 6 10 16 17 19 21 22
4978 4818 7 10 16 17 20 21 22 23
2944 1722 5 10 16 17 20 22
5042 5084 6 10 16 17 21 22 23
5002 3770 6 10 16 17 21 22 23
5272 3492 5 10 16 17 21 22
3024 2398 4 10 16 17 22
3740 1358 4 10 16 20 21
3822 3946 3 10 16 21
4026 4410 7 10 17 18 19 20 21 22
4092 4242 6 10 17 18 19 21 22
4314 2360 7 10 17 18 20 21 22 23
4338 3358 6 10 17 18 21 22 23
4570 2736 5 10 17 18 21 22
5148 4460 7 10 17 19 20 21 22 23
3114 802 5 10 17 19 20 22
5174 1994 6 10 17 19 21 22 23
5214 2870 6 10 17 19 21 22 23
5404 1026 5 10 17 19 21 22
3174 1224 4 10 17 19 22
3402 3452 5 10 17 20 22 23
5692 6638 5 10 17 21 22 23
3426 1334 4 10 17 22 23
3658 2054 3 10 17 22
5988 504 4 10 18 20 21
3038 1552 4 10 18 20 21
3290 2710 3 10 18 21
3872 668 4 10 19 20 21
3932 3078 3 10 19 21
4160 4320 4 10 20 21 23
2118 3706 2 10 20
4184 934 3 10 21 23
4956 5092 6 11 12 15 17 19 23
5200 3874 5 11 12 15 17 19
5488 3866 5 11 12 15 17 23
4130 3104 5 11 12 16 17 23
4818 1620 4 11 12 16 17
3506 1646 5 11 12 17 18 23
4194 2794 4 11 12 17 18
4252 4964 5 11 12 17 19 23
4940 1710 4 11 12 17 19
5048 5230 4 11 12 17 23
5736 2428 3 11 12 17
4174 3942 6 11 13 15 17 19 23
4418 4378 5 11 13 15 17 19
4708 3986 5 11 13 15 17 23
3286 4324 5 11 13 16 17 23
3974 1692 4 11 13 16 17
2664 3616 5 11 13 17 18 23
3352 4182 4 11 13 17 18
3408 3726 5 11 13 17 19 23
4096 4014 4 11 13 17 19
4204 534 4 11 13 17 23
4892 4818 3 11 13 17
3528 1720 7 11 14 16 17 18 20 22
4080 2170 7 11 14 16 17 19 20 22
4368 4720 7 11 14 16 17 20 22 23
4346 4286 6 11 14 16 17 20 22
4616 4096 5 11 14 16 17 22
3174 3878 4 11 14 16 20
3700 2110 7 11 14 17 18 19 20 22
3986 3138 7 11 14 17 18 20 22 23
4540 2640 7 11 14 17 19 20 22 23
4518 3200 6 11 14 17 19 20 22
4788 1438 5 11 14 17 19 22
4806 3872 6 11 14 17 20 22 23
5078 1746 5 11 14 17 22 23
2710 1110 4 11 14 18 20
3274 5156 4 11 14 19 20
3562 3274 4 11 14 20 23
3534 3698 3 11 14 20
3810 5048 2 11 14
4630 4940 6 11 15 16 17 19 20
4918 3948 6 11 15 16 17 20 23
5018 4298 6 11 15 17 19 20 23
4996 3736 5 11 15 17 19 20
5284 3784 5 11 15 17 20 23
3016 5312 5 11 16 17 18 20
4894 2218 5 11 16 17 18 21
3672 3870 4 11 16 17 18
3760 2418 5 11 16 17 19 20
5692 822 5 11 16 17 19 21
4410 2508 4 11 16 17 19
4048 3694 5 11 16 17 20 23
4556 1982 4 11 16 17 20
5978 1104 5 11 16 17 21 23
4684 5078 4 11 16 17 23
2514 5692 3 11 16 17
3138 5272 5 11 17 18 19 20
5002 4708 5 11 17 18 19 21
4996 1498 5 11 17 18 19 21
3786 3938 4 11 17 18 19
3424 4740 5 11 17 18 20 23
3934 4048 4 11 17 18 20
5282 1844 5 11 17 18 21 23
5288 5246 5 11 17 18 21 23
4060 806 4 11 17 18 23
3520 612 3 11 17 18
2384 1510 3 11 17 18
4182 3102 5 11 17 19 20 23
4678 982 4 11 17 19 20
6112 2412 5 11 17 19 21 23
4804 2144 4 11 17 19 23
2602 1160 3 11 17 19
4964 5288 4 11 17 20 23
5568 2044 3 11 17 20
2888 654 3 11 17 23
1158 1684 2 11 17
3456 800 8 12 13 14 15 19 20 22 23
2940 2692 9 12 13 15 16 17 19 21 22 23
2238 4248 9 12 13 15 17 18 19 21 22 23
4270 2458 7 12 13 15 17 19 22 23
5146 3490 6 12 13 15 19 21 23
4992 4668 6 12 13 15 19 21 23
3400 3452 4 12 13 15 23
3238 2208 4 12 13 15 23
3450 2388 8 12 14 15 16 19 20 22 23
3694 832 7 12 14 15 16 19 20 22
3982 4018 7 12 14 15 16 20 22 23
3216 3400 8 12 14 15 18 19 20 22 23
3858 4516 7 12 14 15 19 20 22 23
4076 2156 7 12 14 15 19 20 22 23
4320 4806 6 12 14 15 19 20 22
4136 2240 6 12 14 15 19 22 23
4608 2548 6 12 14 15 20 22 23
4426 3482 8 12 14 16 18 20 21 22 23
4810 4194 8 12 14 16 19 20 21 22 23
5074 4540 7 12 14 16 20 21 22 23
3134 1686 6 12 14 16 20 22 23
5352 1344 6 12 14 16 21 22 23
4596 3280 8 12 14 18 19 20 21 22 23
5622 1730 6 12 14 18 20 22 23
2850 4890 6 12 14 18 20 22 23
5246 4584 7 12 14 19 20 21 22 23
3234 3310 6 12 14 19 20 22 23
5524 1936 6 12 14 19 21 22 23
3492 968 5 12 14 20 22 23
3770 4616 4 12 14 22 23
2144 1978 10 12 15 16 17 18 19 20 21 22 23
2388 4640 9 12 15 16 17 18 19 20 21 22
2232 2904 9 12 15 16 17 18 19 21 22 23
2476 1752 8 12 15 16 17 18 19 21 22
2674 4018 9 12 15 16 17 18 20 21 22 23
2762 1322 8 12 15 16 17 18 21 22 23
3548 2354 9 12 15 16 17 19 20 21 22 23
3510 2728 9 12 15 16 17 19 20 21 22 23
4176 1606 8 12 15 16 17 19 20 22 23
4420 4784 7 12 15 16 17 19 20 22
3574 5018 8 12 15 16 17 19 21 22 23
3804 772 7 12 15 16 17 19 21 22
4264 4270 7 12 15 16 17 19 22 23
4508 4956 6 12 15 16 17 19 22
4708 1692 7 12 15 16 17 20 22 23
4090 1460 7 12 15 16 17 21 22 23
4796 1822 6 12 15 16 17 22 23
2188 1160 7 12 15 16 19 20 21 23
4972 1004 7 12 15 16 19 20 21 23
2272 4352 6 12 15 16 19 20 21
2110 3918 6 12 15 16 19 21 23
2354 3402 5 12 15 16 19 21
2560 3884 6 12 15 16 20 21 23
3612 3386 5 12 15 16 20 23
2640 2188 5 12 15 16 21 23
2846 1326 9 12 15 17 18 19 20 21 22 23
3784 5218 8 12 15 17 18 19 20 22 23
2870 4938 8 12 15 17 18 19 21 22 23
2904 1756 8 12 15 17 18 19 21 22 23
3102 1722 7 12 15 17 18 19 21 22
3852 5214 7 12 15 17 18 19 22 23
3388 2594 7 12 15 17 18 21 22 23
4878 1040 7 12 15 17 19 20 22 23
4224 1910 7 12 15 17 19 21 22 23
4890 4806 6 12 15 17 19 22 23
5134 530 5 12 15 17 19 22
5422 4204 5 12 15 17 22 23
1752 4812 7 12 15 18 19 20 21 23
1696 3090 6 12 15 18 19 20 21
4514 3700 6 12 15 18 19 20 21
1684 1864 6 12 15 18 19 21 23
1822 2238 5 12 15 18 19 21
4784 602 5 12 15 18 19 21
1982 4734 6 12 15 18 20 21 23
6098 3612 5 12 15 18 20 23
6100 982 5 12 15 18 20 23
2108 4944 5 12 15 18 21 23
2692 1804 6 12 15 19 20 21 23
2692 2388 6 12 15 19 20 21 23
3358 1752 5 12 15 19 20 23
1280 1346 5 12 15 19 20 23
1224 2928 4 12 15 19 20
2716 4108 5 12 15 19 21 23
1412 3114 4 12 15 19 23
1358 4170 3 12 15 19
3890 4162 4 12 15 20 23
1510 2676 4 12 15 20 23
1630 6152 3 12 15 23
4860 542 7 12 16 17 18 21 22 23
5694 5624 7 12 16 17 19 21 22 23
5624 1130 7 12 16 17 19 21 22 23
3948 5152 5 12 16 17 22 23
4706 2846 4 12 16 21 23
4960 5162 7 12 17 18 19 21 22 23
3484 4326 5 12 17 18 22 23
4048 3286 5 12 17 19 22 23
4242 1020 4 12 18 21 23
4806 3534 4 12 19 21 23
1006 4540 2 12 23
1224 5042 1 12
2860 4612 8 13 14 15 16 19 20 22 23
2668 1372 8 13 14 15 16 19 20 22 23
2912 5232 7 13 14 15 16 19 20 22
3200 3004 7 13 14 15 16 20 22 23
2398 4960 8 13 14 15 18 19 20 22 23
3220 2944 7 13 14 15 19 20 22 23
3078 378 7 13 14 15 19 20 22 23
3538 576 6 13 14 15 19 20 22
3318 4136 6 13 14 15 19 22 23
3826 2468 6 13 14 15 20 22 23
3150 2108 8 13 14 16 18 20 21 22 23
3910 1632 8 13 14 16 19 20 21 22 23
3874 932 8 13 14 16 19 20 21 22 23
3988 3772 8 13 14 16 19 20 21 22 23
4138 1224 7 13 14 16 20 21 22 23
2240 4026 6 13 14 16 20 22 23
594 1074 6 13 14 16 20 22 23
4410 3394 6 13 14 16 21 22 23
3516 4262 8 13 14 18 19 20 21 22 23
3250 1130 8 13 14 18 19 20 21 22 23
1792 740 6 13 14 18 20 22 23
538 4796 6 13 14 18 20 22 23
1774 3664 6 13 14 18 20 22 23
4310 2588 7 13 14 19 20 21 22 23
602 2634 6 13 14 19 20 22 23
2478 2148 6 13 14 19 20 22 23
4580 4494 6 13 14 19 21 22 23
2594 4918 5 13 14 20 22 23
800 4678 5 13 14 20 22 23
1490 3982 4 13 14 22 23
2834 3442 4 13 14 22 23
1488 668 10 13 15 16 17 18 19 20 21 22 23
1606 4024 9 13 15 16 17 18 19 20 21 22
1450 3936 9 13 15 16 17 18 19 21 22 23
1694 4608 8 13 15 16 17 18 19 21 22
1892 4894 9 13 15 16 17 18 20 21 22 23
1980 1878 8 13 15 16 17 18 21 22 23
2736 4224 9 13 15 16 17 19 20 21 22 23
2728 3624 9 13 15 16 17 19 20 21 22 23
3700 2200 8 13 15 16 17 19 20 22 23
3394 4828 8 13 15 16 17 19 20 22 23
3638 3856 7 13 15 16 17 19 20 22
2816 3832 8 13 15 16 17 19 21 22 23
2792 782 8 13 15 16 17 19 21 22 23
3022 4116 7 13 15 16 17 19 21 22
3482 1610 7 13 15 16 17 19 22 23
3496 5204 7 13 15 16 17 19 22 23
3726 958 6 13 15 16 17 19 22
3926 3452 7 13 15 16 17 20 22 23
3310 4426 7 13 15 16 17 21 22 23
4014 1572 6 13 15 16 17 22 23
4156 1512 7 13 15 16 19 20 21 23
1546 2514 7 13 15 16 19 20 21 23
1490 586 6 13 15 16 19 20 21
4434 5002 6 13 15 16 19 20 21
4254 3216 6 13 15 16 19 21 23
1468 2068 6 13 15 16 19 21 23
1572 3804 5 13 15 16 19 21
1778 1166 6 13 15 16 20 21 23
4720 3536 6 13 15 16 20 21 23
2676 3920 5 13 15 16 20 23
5622 1596 5 13 15 16 20 23
1858 3022 5 13 15 16 21 23
2032 1618 9 13 15 17 18 19 20 21 22 23
2966 2340 8 13 15 17 18 19 20 22 23
2088 3934 8 13 15 17 18 19 21 22 23
2340 434 7 13 15 17 18 19 21 22
3032 1100 7 13 15 17 18 19 22 23
2626 2558 7 13 15 17 18 21 22 23
4066 3150 7 13 15 17 19 20 22 23
3442 6100 7 13 15 17 19 21 22 23
4108 2668 6 13 15 17 19 22 23
4352 5692 5 13 15 17 19 22
4640 160 5 13 15 17 22 23
3488 4236 7 13 15 18 19 20 21 23
1110 3450 7 13 15 18 19 20 21 23
3452 3954 7 13 15 18 19 20 21 23
1048 2368 6 13 15 18 19 20 21
3696 822 6 13 15 18 19 20 21
3712 576 6 13 15 18 19 21 23
1042 2024 6 13 15 18 19 21 23
1040 1770 5 13 15 18 19 21
1334 3112 6 13 15 18 20 21 23
5198 1776 5 13 15 18 20 23
5162 3234 5 13 15 18 20 23
4236 3488 5 13 15 18 21 23
1326 770 5 13 15 18 21 23
4788 4796 6 13 15 19 20 21 23
1910 2922 6 13 15 19 20 21 23
4826 3672 6 13 15 19 20 21 23
2576 5148 5 13 15 19 20 23
638 3786 5 13 15 19 20 23
2812 5622 5 13 15 19 20 23
2784 1506 4 13 15 19 20
576 1740 4 13 15 19 20
1936 1810 5 13 15 19 21 23
4844 3658 5 13 15 19 21 23
772 3402 4 13 15 19 23
708 600 3 13 15 19
862 3988 4 13 15 20 23
3034 4872 4 13 15 20 23
982 4092 3 13 15 23
3924 5622 7 13 16 17 18 21 22 23
1280 5488 7 13 16 17 18 21 22 23
4162 1658 7 13 16 17 18 21 22 23
1514 848 7 13 16 17 18 21 22 23
4688 2222 7 13 16 17 19 21 22 23
2056 4138 7 13 16 17 19 21 22 23
4796 1862 7 13 16 17 19 21 22 23
2044 2170 7 13 16 17 19 21 22 23
822 698 5 13 16 17 22 23
3770 3306 4 13 16 21 23
4330 2666 7 13 17 18 19 21 22 23
4062 3634 7 13 17 18 19 21 22 23
1402 4878 7 13 17 18 19 21 22 23
1646 2436 7 13 17 18 19 21 22 23
2548 4470 5 13 17 18 22 23
5510 3932 5 13 17 18 22 23
2588 2088 5 13 17 18 22 23
586 3600 5 13 17 18 22 23
910 1596 5 13 17 19 22 23
3112 4518 5 13 17 19 22 23
3344 4062 4 13 18 21 23
3306 690 4 13 18 21 23
3870 1682 4 13 19 21 23
214 3238 2 13 23
378 2458 1 13
3736 2118 6 14 15 16 19 20 22
3990 3032 6 14 15 16 20 22 23
4170 4930 6 14 15 19 20 22 23
4162 1436 6 14 15 19 20 22 23
3540 4590 7 14 16 18 19 20 21 22
3740 3142 7 14 16 18 19 20 21 22
934 1366 7 14 16 18 19 20 21 22
782 4368 7 14 16 18 19 20 21 22
3680 4892 7 14 16 18 19 20 21 22
3490 1048 7 14 16 18 19 20 21 22
3770 3672 7 14 16 18 19 20 21 22
4024 3950 7 14 16 18 20 21 22 23
3946 5002 7 14 16 18 20 21 22 23
1004 3072 7 14 16 18 20 21 22 23
1220 1904 7 14 16 18 20 21 22 23
3954 3680 7 14 16 18 20 21 22 23
1720 3926 7 14 16 18 20 21 22 23
3948 632 7 14 16 18 20 21 22 23
982 5824 6 14 16 18 20 21 22
1740 1274 6 14 16 18 20 21 22
3918 2842 6 14 16 18 20 21 22
550 1280 5 14 16 18 20 22
2014 4602 5 14 16 18 20 22
1672 3174 5 14 16 18 21 22
1692 214 7 14 16 19 20 21 22 23
1756 2896 7 14 16 19 20 21 22 23
1692 1700 7 14 16 19 20 21 22 23
1770 3758 7 14 16 19 20 21 22 23
1604 1868 7 14 16 19 20 21 22 23
1632 3296 7 14 16 19 20 21 22 23
4616 4254 6 14 16 19 20 21 22
1610 4546 6 14 16 19 20 21 22
434 3688 5 14 16 19 20 22
542 1514 5 14 16 19 20 22
2222 2410 5 14 16 19 21 22
4832 1488 5 14 16 19 21 22
4806 172 6 14 16 20 21 22 23
1958 3038 6 14 16 20 21 22 23
1864 800 6 14 16 20 21 22 23
5106 1696 6 14 16 20 21 22 23
2858 4360 5 14 16 20 22 23
654 2816 5 14 16 20 22 23
1454 4498 4 14 16 20 22
632 4788 4 14 16 20 22
2494 2476 5 14 16 21 22 23
5084 5694 5 14 16 21 22 23
1322 3388 3 14 16 22
4120 1610 7 14 18 19 20 21 22 23
1160 2116 7 14 18 19 20 21 22 23
1892 806 7 14 18 19 20 21 22 23
1878 3948 7 14 18 19 20 21 22 23
1140 1042 6 14 18 19 20 21 22
1898 3912 6 14 18 19 20 21 22
4084 1006 6 14 18 19 20 21 22
4116 3016 6 14 18 19 20 21 22
666 3650 5 14 18 19 20 22
1830 2860 5 14 18 19 21 22
4378 4978 5 14 18 19 21 22
2184 748 6 14 18 20 21 22 23
1426 3992 6 14 18 20 21 22 23
938 896 5 14 18 20 22 23
2410 4416 5 14 18 20 22 23
1596 3456 4 14 18 20 22
2670 4844 4 14 18 20 22
2116 4924 5 14 18 21 22 23
4978 4382 6 14 19 20 21 22 23
2068 4972 6 14 19 20 21 22 23
2034 4970 6 14 19 20 21 22 23
5232 4156 6 14 19 20 21 22 23
770 2748 5 14 19 20 22 23
822 1322 5 14 19 20 22 23
748 1862 4 14 19 20 22
1512 3548 4 14 19 20 22
2652 5282 5 14 19 21 22 23
2666 1892 5 14 19 21 22 23
1438 938 3 14 19 22
1700 1158 4 14 20 22 23
1020 1816 4 14 20 22 23
1678 2940 3 14 20 22
1712 2566 3 14 22 23
2368 3870 2 14 22
2292 4706 9 15 16 17 18 19 20 21 22 23
2264 3134 8 15 16 17 18 19 20 21 22
3452 4402 7 15 16 17 18 19 20 22
2550 4810 8 15 16 17 18 20 21 22 23
3698 2792 7 15 16 17 18 20 22 23
3370 2838 8 15 16 17 19 20 21 22 23
3386 2898 8 15 16 17 19 20 21 22 23
3600 4312 7 15 16 17 19 20 21 22
4326 5568 7 15 16 17 19 20 22 23
4270 5832 7 15 16 17 19 20 22 23
4262 1896 7 15 16 17 19 20 22 23
4382 2446 7 15 16 17 19 20 22 23
4296 2034 6 15 16 17 19 20 22
3886 604 7 15 16 17 20 21 22 23
4584 1778 6 15 16 17 20 22 23
4016 2084 6 15 16 18 19 20 21
1372 2670 6 15 16 18 19 20 21
4248 3034 6 15 16 18 19 20 21
4018 2184 6 15 16 18 19 20 21
4262 288 6 15 16 18 20 21 23
4494 700 6 15 16 18 20 21 23
1658 4514 6 15 16 18 20 21 23
5092 1490 6 15 16 19 20 21 23
2170 4090 6 15 16 19 20 21 23
2208 1012 6 15 16 19 20 21 23
2170 4314 6 15 16 19 20 21 23
2148 1424 5 15 16 19 20 21
1100 1490 4 15 16 19 20
2436 1226 5 15 16 20 21 23
1372 4176 4 15 16 20 23
2666 4016 8 15 17 18 19 20 21 22 23
3104 1976 8 15 17 18 19 20 21 22 23
2896 4408 7 15 17 18 19 20 21 22
3878 1396 7 15 17 18 19 20 22 23
3870 5284 7 15 17 18 19 20 22 23
3184 1450 7 15 17 18 20 21 22 23
4018 1148 7 15 17 19 20 21 22 23
4734 3352 6 15 17 19 20 22 23
4698 4580 6 15 17 19 20 22 23
4930 5988 5 15 17 19 20 22
5218 4174 5 15 17 20 22 23
4364 3724 6 15 18 19 20 21 23
4598 4978 6 15 18 19 20 21 23
1746 3506 6 15 18 19 20 21 23
4402 3926 6 15 18 19 20 21 23
1746 2612 6 15 18 19 20 21 23
1618 4688 5 15 18 19 20 21
2634 4630 4 15 18 19 20
1904 2912 5 15 18 20 21 23
4854 2494 5 15 18 20 21 23
2886 4616 4 15 18 20 23
2898 3250 4 15 18 20 23
2512 2074 5 15 19 20 21 23
1474 2626 4 15 19 20 23
1460 2664 4 15 19 20 23
1226 4702 3 15 19 20
1498 940 3 15 20 23
1336 1412 7 16 17 18 19 20 21 22
1336 6098 7 16 17 18 19 20 21 22
4298 1576 7 16 17 18 19 20 21 22
1610 6112 7 16 17 18 19 20 21 22
1366 3944 7 16 17 18 19 20 21 22
1576 4596 7 16 17 18 19 20 21 22
4498 4670 7 16 17 18 19 20 21 22
4286 4084 7 16 17 18 19 20 21 22
1264 2674 7 16 17 18 19 20 21 22
4546 3538 6 16 17 18 19 21 22
1518 1660 6 16 17 18 19 21 22
4612 1774 6 16 17 18 19 21 22
4314 3546 6 16 17 18 19 21 22
1396 5864 6 16 17 18 19 21 22
1346 2032 6 16 17 18 19 21 22
1596 3740 6 16 17 18 19 21 22
4812 5736 7 16 17 18 20 21 22 23
1862 2888 7 16 17 18 20 21 22 23
1622 4198 7 16 17 18 20 21 22 23
1552 3700 7 16 17 18 20 21 22 23
1896 794 7 16 17 18 20 21 22 23
1862 1632 7 16 17 18 20 21 22 23
550 3520 5 16 17 18 20 22
4590 4080 6 16 17 18 21 22 23
1804 2762 6 16 17 18 21 22 23
4602 3340 6 16 17 18 21 22 23
4872 1678 6 16 17 18 21 22 23
4772 4832 6 16 17 18 21 22 23
1632 3810 6 16 17 18 21 22 23
4828 4346 5 16 17 18 21 22
2158 1426 5 16 17 18 21 22
416 4556 4 16 17 18 22
5330 994 7 16 17 19 20 21 22 23
2388 2858 7 16 17 19 20 21 22 23
5330 4570 7 16 17 19 20 21 22 23
2458 2706 7 16 17 19 20 21 22 23
2426 2354 7 16 17 19 20 21 22 23
2388 4262 7 16 17 19 20 21 22 23
2458 4992 7 16 17 19 20 21 22 23
844 4788 5 16 17 19 20 22
2452 4822 6 16 17 19 21 22 23
2508 4240 6 16 17 19 21 22 23
5420 3770 6 16 17 19 21 22 23
2446 2292 6 16 17 19 21 22 23
2468 3910 6 16 17 19 21 22 23
2412 1722 6 16 17 19 21 22 23
2922 2576 5 16 17 19 21 22
740 3740 4 16 17 19 22
1160 2602 5 16 17 20 22 23
1044 666 5 16 17 20 22 23
3208 1220 5 16 17 21 22 23
1028 3510 4 16 17 22 23
1700 3388 3 16 17 22
866 2712 4 16 18 20 21
3308 4772 4 16 18 20 21
3296 4314 4 16 18 20 21
800 4876 3 16 18 21
3548 3990 3 16 18 21
1424 4446 4 16 19 20 21
1436 1312 4 16 19 20 21
1344 3852 3 16 19 21
1710 4076 4 16 20 21 23
228 5404 2 16 20
1620 4410 3 16 21 23
690 3472 1 16
1722 4806 7 17 18 19 20 21 22 23
4668 4684 7 17 18 19 20 21 22 23
4938 4188 7 17 18 19 20 21 22 23
1994 4236 7 17 18 19 20 21 22 23
1722 2550 7 17 18 19 20 21 22 23
1722 5420 7 17 18 19 20 21 22 23
4670 3548 7 17 18 19 20 21 22 23
2904 2406 5 17 18 19 20 22
606 3194 5 17 18 19 20 22
1976 4996 6 17 18 19 21 22 23
1748 862 6 17 18 19 21 22 23
2054 3638 6 17 18 19 21 22 23
4970 1518 6 17 18 19 21 22 23
4944 138 6 17 18 19 21 22 23
4740 3990 6 17 18 19 21 22 23
4940 6460 5 17 18 19 21 22
2278 606 5 17 18 19 21 22
4928 2264 5 17 18 19 21 22
534 920 4 17 18 19 22
806 5510 5 17 18 20 22 23
3194 4746 5 17 18 20 22 23
2566 4420 5 17 18 21 22 23
2810 1898 5 17 18 21 22 23
806 2810 4 17 18 22 23
3452 5200 3 17 18 22
1462 5174 3 17 18 22
1130 4252 5 17 19 20 22 23
6046 2282 5 17 19 21 22 23
3340 2772 5 17 19 21 22 23
1130 5978 4 17 19 22 23
1786 4948 3 17 19 22
2074 3574 3 17 22 23
1026 4338 4 18 19 20 21
3664 3516 4 18 19 20 21
988 4394 4 18 19 20 21
3650 1892 3 18 19 21
920 1958 3 18 19 21
938 2666 3 18 19 21
1274 4434 4 18 20 21 23
3684 2812 4 18 20 21 23
1312 2966 4 18 20 21 23
172 538 2 18 20
1206 4598 3 18 21 23
3992 1230 3 18 21 23
3936 988 3 18 21 23
138 1672 1 18
1842 3114 4 19 20 21 23
1842 4708 4 19 20 21 23
288 416 2 19 20
1742 4508 3 19 21 23
802 5330 1 19
576 4756 2 20 23
1040 1990 1 20
1074 922 1 23
