26 2662 
3958 4914 5 1 3 8 19 22
3884 2386 7 1 4 8 16 19 23 26
3682 2494 5 1 4 9 18 26
4020 2206 7 1 4 12 18 24 25 26
5564 5202 5 1 4 18 23 26
3712 2328 5 1 4 18 25 26
4470 5404 5 1 5 6 12 14
3756 4848 5 1 5 6 17 18
4054 3884 5 1 5 7 17 22
3548 1580 5 1 5 8 10 17
3448 4978 7 1 5 11 12 13 22 26
4728 2862 5 1 5 11 12 22
4784 4562 5 1 5 11 12 22
3874 2786 7 1 5 11 17 20 22 23
3172 2272 7 1 5 12 14 17 24 25
3634 3450 7 1 5 12 14 22 25 26
5204 3606 5 1 5 12 17 24
5346 5330 5 1 5 12 17 24
4222 4140 5 1 5 12 17 24
4686 5140 5 1 5 12 22 26
2996 4668 7 1 5 17 18 22 25 26
3386 1014 3 1 5 17
3382 2824 5 1 6 7 18 22
2684 3070 5 1 6 8 10 18
2574 2736 7 1 6 8 14 16 19 23
3610 4132 5 1 6 8 16 19
4268 2164 5 1 6 9 14 18
3202 3358 7 1 6 11 18 20 22 23
2560 5048 7 1 6 12 14 18 24 25
3074 1858 7 1 6 13 14 18 25 26
4254 4440 5 1 6 14 18 23
4296 3448 5 1 6 14 18 25
2712 3610 3 1 6 18
3174 786 5 1 7 8 10 22
4448 4226 5 1 7 11 13 22
4548 1852 5 1 7 11 15 22
2230 4596 7 1 7 17 18 22 24 25
3024 4746 3 1 7 22
2430 1462 7 1 8 9 16 17 19 24
2822 978 7 1 8 9 16 19 22 26
2988 2936 7 1 8 10 11 20 22 23
1654 4260 7 1 8 10 17 18 24 25
2046 3762 7 1 8 10 18 22 25 26
2500 1948 3 1 8 10
2410 2142 9 1 8 11 13 16 19 22 23 26
2876 3906 7 1 8 11 16 19 22 23
2436 4388 7 1 8 16 17 19 23 24
2460 2578 7 1 8 16 17 19 24 25
2828 868 7 1 8 16 19 22 23 26
2852 5354 7 1 8 16 19 22 25 26
3092 4388 7 1 9 11 13 18 22 26
3560 4578 5 1 9 11 18 22
4030 2472 5 1 9 17 18 24
3984 1820 5 1 9 17 18 24
4988 4466 5 1 9 17 20 24
4440 2744 5 1 9 18 22 26
4302 4576 5 1 9 18 22 26
2684 4966 5 1 10 18 21 25
2546 3034 9 1 11 12 13 18 22 24 25 26
3020 3872 7 1 11 12 18 22 24 25
4090 3350 7 1 11 13 18 22 23 26
3286 4116 7 1 11 13 18 22 25 26
4258 2852 7 1 11 13 20 22 23 26
2050 3754 9 1 11 17 18 20 22 23 24 25
4552 1954 5 1 11 18 22 23
4444 3720 5 1 11 18 22 23
3758 3412 5 1 11 18 22 25
2844 1758 5 1 11 20 22 23
3756 1748 7 1 12 18 22 24 25 26
2814 3048 7 1 12 18 22 24 25 26
2936 3434 7 1 13 17 18 24 25 26
3982 2914 7 1 14 17 20 23 24 25
4444 2690 7 1 14 20 22 23 25 26
4980 2168 5 1 17 18 23 24
4116 1836 5 1 17 18 23 24
1562 2088 5 1 17 18 24 25
5034 3424 5 1 17 20 23 24
5018 4344 5 1 17 20 24 25
4508 3092 5 1 18 22 23 26
1954 4236 5 1 18 22 25 26
4470 5000 5 1 18 22 25 26
4650 1980 5 1 18 22 25 26
2356 3426 1 1
4846 4028 7 2 3 5 6 12 13 14
4774 1828 7 2 3 5 6 12 14 15
4708 2502 7 2 3 5 12 13 17 24
5100 2130 7 2 3 5 12 13 22 26
5392 4924 7 2 3 5 12 13 22 26
4290 3828 7 2 3 5 12 15 17 24
4562 3386 7 2 3 5 12 15 22 26
3766 3440 5 2 3 5 12 22
5134 3164 7 2 3 7 13 15 22 26
4588 2478 5 2 3 12 13 24
3964 4712 5 2 3 12 15 24
4410 1306 5 2 3 13 15 26
4978 3790 7 2 3 15 17 20 23 24
5248 4312 7 2 3 15 20 22 23 26
4616 4844 5 2 3 20 22 23
4460 3106 7 2 4 5 9 12 16 26
3414 1426 9 2 4 5 12 14 16 23 25 26
4466 3136 7 2 4 5 12 16 23 26
4490 4174 7 2 4 5 12 16 25 26
5310 2748 7 2 4 9 16 20 23 26
5340 3150 7 2 4 16 20 23 25 26
3456 3162 7 2 5 6 8 10 12 16
3816 2000 9 2 5 6 9 12 13 14 16 26
5040 4198 7 2 5 6 9 12 14 16
3822 2276 9 2 5 6 12 13 14 16 23 26
3846 2876 9 2 5 6 12 13 14 16 25 26
4898 2838 7 2 5 6 12 13 16 26
2450 1558 7 2 5 6 12 14 16 23
5194 2762 7 2 5 6 12 14 16 23
5026 3880 7 2 5 6 12 14 16 23
5068 2146 7 2 5 6 12 14 16 25
3484 2872 5 2 5 6 12 16
5452 3098 7 2 5 9 11 12 16 22
3678 4566 9 2 5 9 12 13 16 17 24 26
3718 972 9 2 5 9 12 13 16 17 24 26
3806 3172 9 2 5 9 12 14 16 17 23 24
4198 2976 9 2 5 9 12 14 16 22 23 26
4074 1488 7 2 5 9 12 16 17 24
2304 3728 7 2 5 9 12 16 17 24
4814 3634 7 2 5 9 12 16 17 24
2696 3732 7 2 5 9 12 16 22 26
3432 706 7 2 5 10 12 16 21 23
3456 826 7 2 5 10 12 16 21 25
4160 2838 9 2 5 11 12 13 16 22 23 26
4688 516 7 2 5 11 12 16 22 23
3684 4790 9 2 5 12 13 16 17 23 24 26
3748 2782 9 2 5 12 13 16 17 24 25 26
3708 2382 9 2 5 12 13 16 17 24 25 26
3834 5274 9 2 5 12 14 16 17 23 24 25
4226 4470 9 2 5 12 14 16 22 23 25 26
4346 3918 9 2 5 12 14 16 22 23 25 26
2310 3248 7 2 5 12 16 17 23 24
5056 3188 7 2 5 12 16 17 23 24
5114 5404 7 2 5 12 16 17 23 24
4266 1644 7 2 5 12 16 17 24 25
2334 2848 7 2 5 12 16 17 24 25
2702 2818 7 2 5 12 16 22 23 26
5212 3254 7 2 5 12 16 22 23 26
2726 5210 7 2 5 12 16 22 25 26
4862 4968 7 2 6 7 13 14 16 23
4962 2708 7 2 6 7 14 15 16 23
4306 2938 7 2 6 8 10 16 20 23
4672 4692 9 2 6 9 13 14 16 20 23 26
4188 3936 9 2 6 12 14 16 20 23 24 25
5160 3726 7 2 6 12 16 20 23 24
4702 2938 9 2 6 13 14 16 20 23 25 26
4334 2890 5 2 6 16 20 23
4718 3578 7 2 7 9 13 16 17 24
4916 1358 7 2 7 9 13 16 22 26
4818 4164 7 2 7 9 15 16 17 24
5016 4520 7 2 7 9 15 16 22 26
4854 1292 9 2 7 11 13 15 16 22 23 26
5262 4596 7 2 7 11 13 16 22 23
5360 1132 7 2 7 11 15 16 22 23
4370 5422 9 2 7 12 13 16 22 24 25 26
4470 2206 9 2 7 12 15 16 22 24 25 26
4724 3200 7 2 7 13 16 17 23 24
4748 4186 7 2 7 13 16 17 24 25
3336 2254 7 2 7 13 16 22 23 26
5110 4756 7 2 7 13 16 22 25 26
4824 3112 7 2 7 15 16 17 23 24
4846 3388 7 2 7 15 16 17 24 25
3436 3452 7 2 7 15 16 22 23 26
5208 1704 7 2 7 15 16 22 25 26
4538 2192 9 2 9 11 13 16 17 20 23 24
4930 3844 9 2 9 11 13 16 20 22 23 26
4638 1510 9 2 9 11 15 16 17 20 23 24
5028 3814 9 2 9 11 15 16 20 22 23 26
3558 2364 7 2 9 12 13 16 24 26
4372 3884 9 2 9 12 16 20 22 23 24 26
3748 3956 5 2 9 12 16 24
4432 3062 9 2 9 13 16 17 20 23 24 26
4534 1564 9 2 9 13 16 17 20 23 24 26
4186 3804 5 2 9 13 16 26
4752 3712 7 2 9 16 17 18 23 24
3154 4476 7 2 9 16 17 20 23 24
5144 3050 7 2 9 16 18 22 23 26
3546 4528 7 2 9 16 20 22 23 26
4304 3718 7 2 10 16 20 21 23 25
5162 5018 9 2 11 12 13 15 16 24 25 26
4128 2618 7 2 11 13 15 16 23 26
4568 3598 9 2 11 13 16 17 20 23 24 25
4960 4964 9 2 11 13 16 20 22 23 25 26
4496 2800 5 2 11 13 16 23
4666 5460 9 2 11 15 16 17 20 23 24 25
5058 2576 9 2 11 15 16 20 22 23 25 26
4596 3262 5 2 11 15 16 23
3588 2204 7 2 12 13 16 24 25 26
4402 424 9 2 12 16 20 22 23 24 25 26
4484 5052 9 2 12 16 20 22 23 24 25 26
4872 5448 5 2 12 16 23 24
2168 2476 5 2 12 16 23 24
3946 3280 5 2 12 16 24 25
4462 2156 9 2 13 16 17 20 23 24 25 26
2606 1870 5 2 13 16 23 26
4384 2848 5 2 13 16 25 26
4782 4096 7 2 16 17 18 23 24 25
3184 2554 7 2 16 17 20 23 24 25
5174 2822 7 2 16 18 22 23 25 26
3576 4116 7 2 16 20 22 23 25 26
4694 4406 6 3 4 5 8 17 19
4836 4614 6 3 4 5 12 19 21
3592 4286 6 3 4 5 12 19 21
4222 5564 8 3 4 6 8 13 19 20 26
3606 3964 8 3 4 6 8 15 19 20 26
3442 1510 6 3 4 6 8 18 19
4386 4918 6 3 4 6 8 19 20
3402 4254 6 3 4 7 15 19 21
3468 3806 8 3 4 8 9 17 19 20 24
3860 2880 8 3 4 8 9 19 20 22 26
3672 3738 8 3 4 8 13 14 19 25 26
4724 3952 6 3 4 8 13 19 26
3598 3950 8 3 4 8 14 15 19 25 26
4650 4370 6 3 4 8 15 19 26
3498 2886 8 3 4 8 17 19 20 24 25
3890 2026 8 3 4 8 19 20 22 25 26
3246 2416 4 3 4 8 19
3906 2692 8 3 4 9 13 19 20 21 26
4096 3072 6 3 4 9 19 20 21
3216 4622 8 3 4 11 15 19 20 21 23
3556 1386 8 3 4 12 19 20 21 24 25
3936 1824 8 3 4 13 19 20 21 25 26
3604 854 8 3 4 15 19 20 21 25 26
3440 3422 6 3 4 18 19 21 25
4402 1620 6 3 4 19 20 21 23
4294 3250 6 3 4 19 20 21 25
3498 2662 8 3 5 6 8 12 14 19 22
3052 1520 8 3 5 6 12 13 14 19 21
2980 1470 8 3 5 6 12 14 15 19 21
2922 2460 8 3 5 7 15 17 19 21 22
2104 2546 8 3 5 8 10 12 19 21 22
3278 4514 8 3 5 8 12 17 19 22 24
2200 2192 10 3 5 11 12 13 15 19 21 22 26
2886 3698 8 3 5 11 12 15 19 21 22
2914 4490 8 3 5 12 13 17 19 21 24
3306 4056 8 3 5 12 13 19 21 22 26
2356 1384 10 3 5 12 14 15 19 21 22 25 26
3496 2286 8 3 5 12 14 19 21 22 25
2840 3612 8 3 5 12 15 17 19 21 24
3232 4458 8 3 5 12 15 19 21 22 26
2004 3312 6 3 5 12 19 21 22
1972 2954 6 3 5 12 19 21 22
2862 4748 8 3 6 7 13 14 15 19 21
1908 3382 8 3 6 8 10 13 18 19 21
1292 3716 8 3 6 8 10 15 18 19 21
3572 4304 8 3 6 8 12 13 14 19 24
3498 4506 8 3 6 8 12 14 15 19 24
4012 1996 8 3 6 8 13 14 15 19 26
2712 4116 6 3 6 8 13 14 19
5248 5208 6 3 6 8 13 14 19
2770 3598 8 3 6 8 13 17 18 19 24
3714 5424 8 3 6 8 13 17 19 20 24
3162 4680 8 3 6 8 13 18 19 22 26
4016 2904 8 3 6 8 13 19 20 22 26
2640 4460 6 3 6 8 14 15 19
5238 3244 6 3 6 8 14 15 19
4312 2658 8 3 6 8 14 19 20 22 23
2474 4268 8 3 6 8 15 17 18 19 24
3128 2112 8 3 6 8 15 17 19 20 24
2744 4026 8 3 6 8 15 18 19 22 26
3398 5112 8 3 6 8 15 19 20 22 26
1828 4312 6 3 6 8 18 19 22
4410 3224 6 3 6 8 18 19 22
2766 1824 6 3 6 8 19 20 22
2684 3682 10 3 6 11 13 14 15 19 20 21 23
2908 4302 8 3 6 13 14 18 19 21 25
3868 1678 8 3 6 13 14 19 20 21 23
3852 1806 8 3 6 13 14 19 20 21 25
2836 5074 8 3 6 14 15 18 19 21 25
3796 2160 8 3 6 14 15 19 20 21 23
3780 1732 8 3 6 14 15 19 20 21 25
2206 4616 8 3 7 8 10 15 19 21 22
3200 2290 8 3 7 11 13 15 19 21 22
2724 2988 8 3 7 13 15 17 19 21 24
3954 4962 8 3 7 13 15 19 21 22 26
1792 3968 8 3 7 13 15 19 21 22 26
3116 3720 8 3 7 13 15 19 21 22 26
4346 2500 6 3 7 13 19 21 22
4986 4836 6 3 7 13 19 21 22
1940 3082 6 3 7 15 19 21 22
4364 822 6 3 7 15 19 21 22
4068 3058 8 3 8 9 13 14 17 19 24
4460 442 8 3 8 9 13 14 19 22 26
3996 2418 8 3 8 9 14 15 17 19 24
4388 4980 8 3 8 9 14 15 19 22 26
2868 2608 8 3 8 10 11 13 15 19 21
1734 3694 10 3 8 10 11 15 19 20 21 22 23
4128 2058 8 3 8 10 13 14 19 21 25
3388 3558 8 3 8 10 13 15 19 21 26
4370 3732 6 3 8 10 13 19 21
1770 4422 6 3 8 10 13 19 21
3696 1720 6 3 8 10 13 19 21
3506 5248 8 3 8 10 14 15 19 21 25
1148 3080 6 3 8 10 15 19 21
3754 2096 6 3 8 10 15 19 21
3622 4780 6 3 8 10 15 19 21
1902 2588 8 3 8 10 18 19 21 22 25
2626 3186 8 3 8 10 19 20 21 22 23
2902 4758 8 3 8 10 19 20 21 22 25
4024 2852 8 3 8 11 13 15 19 22 26
5114 4352 6 3 8 11 13 19 22
4492 5058 6 3 8 11 15 19 22
3826 4946 8 3 8 12 13 19 22 24 26
3752 1848 8 3 8 12 15 19 22 24 26
4098 852 8 3 8 13 14 17 19 24 25
4116 1582 8 3 8 13 14 17 19 24 25
4490 3698 8 3 8 13 14 19 22 25 26
3874 1492 8 3 8 13 15 17 19 24 26
5156 3830 6 3 8 13 17 19 24
2568 4814 6 3 8 13 17 19 24
2966 4632 6 3 8 13 19 22 26
4026 2958 8 3 8 14 15 17 19 24 25
4044 3060 8 3 8 14 15 17 19 24 25
4538 2908 8 3 8 14 15 19 22 25 26
4418 1174 8 3 8 14 15 19 22 25 26
2290 3754 6 3 8 15 17 19 24
4916 2018 6 3 8 15 17 19 24
4992 2770 6 3 8 15 17 19 24
2566 3094 6 3 8 15 19 22 26
3774 2866 8 3 8 17 19 20 22 23 24
4214 4642 4 3 8 19 22
1626 1964 4 3 8 19 22
5404 746 8 3 9 13 14 15 19 21 26
3846 4826 8 3 9 13 19 20 21 22 26
3234 5384 8 3 9 15 18 19 21 22 26
4178 4168 8 3 9 15 19 20 21 22 26
3380 3214 6 3 9 18 19 21 22
4034 4376 6 3 9 19 20 21 22
5366 2894 8 3 11 13 14 15 19 21 23
2544 3034 10 3 11 13 15 17 19 20 21 23 24
2848 3666 10 3 11 13 15 19 20 21 22 23 26
2908 3216 10 3 11 13 15 19 20 21 22 23 26
2602 4846 6 3 11 13 15 19 21
3896 4268 8 3 11 13 19 20 21 22 23
3196 1628 8 3 11 15 18 19 21 22 23
4140 880 8 3 11 15 19 20 21 22 23
1596 4990 8 3 11 15 19 20 21 22 23
4238 4306 8 3 11 15 19 20 21 22 23
2688 4418 8 3 12 18 19 21 22 24 25
3648 1836 8 3 12 19 20 21 22 23 24
3494 2866 8 3 12 19 20 21 22 24 25
5434 2858 8 3 13 14 15 19 21 25 26
3992 1976 6 3 13 14 19 21 25
3256 2190 6 3 13 15 19 21 26
2770 2360 8 3 13 17 18 19 21 24 25
3730 3458 8 3 13 17 19 20 21 23 24
3712 1858 8 3 13 17 19 20 21 24 25
3162 1926 8 3 13 18 19 21 22 25 26
4122 3078 8 3 13 19 20 21 22 23 26
4016 4882 8 3 13 19 20 21 22 25 26
3874 4726 8 3 13 19 20 21 22 25 26
1632 884 4 3 13 19 21
3172 2378 10 3 14 15 19 20 21 22 23 25 26
3374 2740 6 3 14 15 19 21 25
4312 4910 8 3 14 19 20 21 22 23 25
2472 3976 8 3 15 17 18 19 21 24 25
3656 2288 8 3 15 17 19 20 21 23 24
3126 3192 8 3 15 17 19 20 21 24 25
2744 3030 8 3 15 18 19 21 22 25 26
4048 2226 8 3 15 19 20 21 22 23 26
4224 836 8 3 15 19 20 21 22 23 26
3398 5080 8 3 15 19 20 21 22 25 26
3712 4922 4 3 15 19 21
1016 3628 4 3 15 19 21
4376 4202 6 3 18 19 21 22 23
3578 3830 6 3 18 19 21 22 25
1828 4838 6 3 18 19 21 22 25
2494 5228 6 3 19 20 21 22 23
2782 3368 6 3 19 20 21 22 23
2766 2134 6 3 19 20 21 22 25
5352 1988 6 3 19 20 21 22 25
5030 1734 6 4 5 6 7 12 14
3626 2574 8 4 5 6 7 12 20 22 26
5040 4032 6 4 5 6 7 17 20
1870 3638 10 4 5 6 8 10 12 14 20 25 26
2922 1724 8 4 5 6 8 10 12 20 26
3906 4226 8 4 5 6 9 12 14 18 26
4446 2640 8 4 5 6 9 12 14 20 26
4320 4198 8 4 5 6 11 12 13 20 26
4850 3842 8 4 5 6 11 12 14 20 23
3934 1450 8 4 5 6 12 14 18 25 26
4492 3400 8 4 5 6 12 14 20 23 26
1898 4132 8 4 5 6 12 14 20 25 26
4476 1788 8 4 5 6 12 14 20 25 26
4506 4444 8 4 5 6 12 14 20 25 26
4476 2616 8 4 5 6 12 14 20 25 26
5120 4752 6 4 5 6 12 18 26
2952 3658 6 4 5 6 12 20 26
2446 2916 10 4 5 7 9 12 17 20 22 24 26
5286 2316 8 4 5 7 9 14 15 17 26
3594 4090 8 4 5 7 9 17 18 22 26
4252 1758 8 4 5 7 9 17 20 22 26
3648 3020 8 4 5 7 11 12 13 22 26
4968 1808 8 4 5 7 11 12 13 22 26
3746 5266 8 4 5 7 11 12 15 22 26
4966 2664 6 4 5 7 11 12 22
5540 3326 6 4 5 7 11 12 22
4512 4854 8 4 5 7 11 13 15 17 26
5062 3666 6 4 5 7 11 13 17
4978 3132 6 4 5 7 11 15 17
4532 4300 8 4 5 7 11 17 20 22 23
3412 2310 8 4 5 7 12 14 17 24 25
3770 1968 8 4 5 7 12 14 22 25 26
2476 1940 10 4 5 7 12 17 20 22 24 25 26
4462 3890 6 4 5 7 12 17 24
2224 2998 6 4 5 7 12 22 26
4014 4308 8 4 5 7 13 14 17 25 26
5068 5212 6 4 5 7 13 17 26
3616 2218 6 4 5 7 13 17 26
4088 4372 8 4 5 7 14 15 17 25 26
5314 2854 8 4 5 7 14 15 17 25 26
3530 4666 10 4 5 7 14 17 20 22 23 25 26
2226 2942 10 4 5 7 15 16 17 19 21 23 26
3142 3158 6 4 5 7 15 17 26
3622 2118 8 4 5 7 17 18 22 25 26
4386 2622 8 4 5 7 17 20 22 23 26
4476 2224 8 4 5 7 17 20 22 23 26
4282 2854 8 4 5 7 17 20 22 25 26
3638 1856 4 4 5 7 17
2896 3758 8 4 5 8 9 10 17 18 26
3702 1878 8 4 5 8 9 16 17 19 26
2926 1846 8 4 5 8 10 17 18 25 26
2656 2420 10 4 5 8 14 16 17 19 23 25 26
3708 1896 8 4 5 8 16 17 19 23 26
3732 3546 8 4 5 8 16 17 19 25 26
1858 5294 8 4 5 9 10 12 18 21 26
2934 4612 8 4 5 9 10 12 18 21 26
3140 3226 10 4 5 9 11 12 13 17 20 24 26
3830 2340 8 4 5 9 11 12 17 20 24
4216 1528 8 4 5 9 11 12 20 22 26
5488 1724 6 4 5 9 11 17 18
3314 2916 10 4 5 9 12 14 17 20 24 25 26
982 4556 10 4 5 9 12 14 17 20 24 25 26
3296 5368 10 4 5 9 12 14 17 20 24 25 26
3044 4116 6 4 5 9 12 14 26
2600 2812 8 4 5 9 12 16 19 21 26
3740 2544 8 4 5 9 12 16 19 21 26
3764 4402 8 4 5 9 12 17 18 24 26
1990 4162 8 4 5 9 12 17 20 24 26
1836 4550 8 4 5 9 12 17 20 24 26
4378 5288 8 4 5 9 12 17 20 24 26
4596 3172 8 4 5 9 12 17 20 24 26
4366 2410 8 4 5 9 14 17 18 25 26
5308 2266 8 4 5 9 14 17 20 23 26
5310 4210 8 4 5 9 14 17 20 25 26
4598 3092 6 4 5 9 17 18 26
5340 1964 6 4 5 9 17 18 26
2816 1700 6 4 5 9 17 18 26
3760 3834 6 4 5 9 17 20 26
1888 3404 8 4 5 10 12 18 21 25 26
2922 4456 8 4 5 10 12 20 21 25 26
4464 4588 8 4 5 11 12 13 14 25 26
3168 4282 10 4 5 11 12 13 17 20 24 25 26
2916 2504 6 4 5 11 12 13 26
4596 2754 8 4 5 11 12 14 15 25 26
3738 1886 10 4 5 11 12 14 20 22 23 25 26
4710 1818 8 4 5 11 12 17 20 23 24
4876 4156 8 4 5 11 12 17 20 23 24
3860 2762 8 4 5 11 12 17 20 24 25
4790 5012 8 4 5 11 12 20 22 23 26
4246 3894 8 4 5 11 12 20 22 25 26
4196 2768 4 4 5 11 12
4138 5392 10 4 5 11 13 14 17 20 23 25 26
5080 1750 8 4 5 11 13 17 20 23 26
4210 3442 10 4 5 11 14 15 17 20 23 25 26
4636 3546 8 4 5 11 15 17 20 23 26
5360 870 6 4 5 11 17 18 23
3762 3564 6 4 5 11 17 20 23
1578 3540 10 4 5 12 14 16 19 21 23 25 26
3302 4930 10 4 5 12 14 17 20 23 24 25 26
1150 3770 6 4 5 12 14 25 26
3072 2702 6 4 5 12 14 25 26
2606 3534 8 4 5 12 16 19 21 23 26
2630 4708 8 4 5 12 16 19 21 25 26
3874 4306 8 4 5 12 16 19 21 25 26
3794 1808 8 4 5 12 17 18 24 25 26
3712 2080 8 4 5 12 17 18 24 25 26
4354 1998 8 4 5 12 17 20 23 24 26
4674 3938 8 4 5 12 17 20 23 24 26
4656 4000 8 4 5 12 17 20 24 25 26
2018 5000 8 4 5 12 17 20 24 25 26
1836 3132 8 4 5 12 17 20 24 25 26
4408 4366 8 4 5 12 17 20 24 25 26
2004 4206 4 4 5 12 26
4352 2496 8 4 5 14 17 18 23 25 26
5366 4528 8 4 5 14 17 20 23 25 26
2754 3576 8 4 5 14 17 20 23 25 26
5354 4338 8 4 5 14 17 20 23 25 26
5406 2020 6 4 5 17 18 23 26
4790 3824 6 4 5 17 18 25 26
2846 1032 6 4 5 17 18 25 26
5368 5212 6 4 5 17 18 25 26
3712 3606 6 4 5 17 20 23 26
3790 2836 6 4 5 17 20 25 26
3872 4044 6 4 6 7 8 10 20
2416 2540 10 4 6 7 8 16 19 20 22 23 26
4234 2580 8 4 6 7 9 13 14 20 26
5320 3740 6 4 6 7 11 13 20
5418 3682 6 4 6 7 11 15 20
3750 2558 8 4 6 7 12 14 20 24 25
4262 2790 8 4 6 7 13 14 20 25 26
5326 3220 6 4 6 7 13 20 26
4346 4170 8 4 6 7 14 15 20 25 26
5396 4354 6 4 6 7 15 20 26
3902 4594 4 4 6 7 20
2588 3998 8 4 6 8 9 10 18 20 26
3882 2934 10 4 6 8 9 14 16 19 20 23 26
2450 4290 8 4 6 8 9 16 18 19 26
3322 3748 8 4 6 8 9 16 19 20 26
3656 2276 8 4 6 8 9 16 19 20 26
2050 2128 10 4 6 8 10 12 18 20 24 25 26
3512 4964 8 4 6 8 10 18 20 23 26
2616 2712 8 4 6 8 10 18 20 25 26
3108 2296 10 4 6 8 11 13 16 19 20 23 26
3576 3994 8 4 6 8 11 16 19 20 23
2774 2092 10 4 6 8 12 16 19 20 24 25 26
1554 2726 10 4 6 8 14 16 18 19 23 25 26
2610 2586 10 4 6 8 14 16 19 20 23 25 26
2348 2880 10 4 6 8 14 16 19 20 23 25 26
2456 2824 8 4 6 8 16 18 19 23 26
2478 2436 8 4 6 8 16 18 19 25 26
1782 3852 8 4 6 8 16 19 20 23 26
3400 430 8 4 6 8 16 19 20 23 26
3422 1850 8 4 6 8 16 19 20 25 26
5442 3978 6 4 6 9 11 18 20
2624 2374 10 4 6 9 12 14 18 20 24 25 26
4318 3108 8 4 6 9 14 18 20 23 26
4320 5040 8 4 6 9 14 18 20 25 26
4360 3666 8 4 6 9 14 18 20 25 26
2772 3262 6 4 6 9 18 20 26
5384 3872 6 4 6 9 18 20 26
5314 3696 6 4 6 11 18 20 23
3666 2448 8 4 6 12 18 20 24 25 26
4308 5298 8 4 6 14 18 20 23 25 26
4882 4650 8 4 6 14 18 20 23 25 26
5360 2882 6 4 6 18 20 23 26
2800 2296 6 4 6 18 20 25 26
2934 3008 8 4 7 8 16 19 22 23 26
2544 2668 8 4 7 9 10 15 18 21 26
4140 3116 8 4 7 9 11 13 17 20 24
4532 3194 8 4 7 9 11 13 20 22 26
4338 3932 8 4 7 9 11 13 20 22 26
4238 2366 8 4 7 9 11 15 17 20 24
4438 5198 8 4 7 9 11 15 20 22 26
4804 4410 6 4 7 9 11 18 22
4844 2922 6 4 7 9 11 20 22
5050 3616 8 4 7 9 12 20 22 24 26
3092 2434 10 4 7 9 13 14 17 20 24 25 26
5422 3880 6 4 7 9 13 14 26
4096 2760 8 4 7 9 13 17 20 24 26
5010 2124 8 4 7 9 13 17 20 24 26
3166 3370 10 4 7 9 14 15 17 20 24 25 26
5004 4454 6 4 7 9 14 15 26
2504 5144 8 4 7 9 15 16 19 21 26
4216 4180 8 4 7 9 15 17 20 24 26
4584 4684 8 4 7 9 15 17 20 24 26
4284 1784 6 4 7 9 17 18 24
5228 2836 6 4 7 9 17 20 24
2722 1148 6 4 7 9 17 20 24
4746 4758 6 4 7 9 18 22 26
4644 3626 6 4 7 9 18 22 26
2914 5050 6 4 7 9 20 22 26
2572 3548 8 4 7 10 15 18 21 25 26
3872 3912 6 4 7 10 20 21 25
3792 3932 10 4 7 11 12 13 20 22 24 25 26
3890 4130 10 4 7 11 12 15 20 22 24 25 26
4304 4804 8 4 7 11 12 20 22 24 25
4366 2718 8 4 7 11 13 14 15 25 26
3454 1856 10 4 7 11 13 14 20 22 23 25 26
3172 4718 10 4 7 11 13 15 16 19 21 23 26
4852 3208 6 4 7 11 13 15 26
4230 3648 6 4 7 11 13 15 26
5230 1998 8 4 7 11 13 17 20 23 24
4168 2348 8 4 7 11 13 17 20 24 25
5312 4210 8 4 7 11 13 20 22 23 26
4508 2820 8 4 7 11 13 20 22 23 26
4418 4508 8 4 7 11 13 20 22 23 26
5374 4772 8 4 7 11 13 20 22 23 26
4530 1822 8 4 7 11 13 20 22 25 26
4684 2386 8 4 7 11 13 20 22 25 26
3916 3148 4 4 7 11 13
3528 792 10 4 7 11 14 15 20 22 23 25 26
3640 4490 8 4 7 11 15 16 19 21 23
4758 3958 8 4 7 11 15 17 20 23 24
4268 2142 8 4 7 11 15 17 20 24 25
4578 1790 8 4 7 11 15 20 22 23 26
4488 4312 8 4 7 11 15 20 22 23 26
4630 4490 8 4 7 11 15 20 22 25 26
4016 4146 4 4 7 11 15
4676 4298 6 4 7 11 18 22 23
3084 1776 6 4 7 11 20 22 23
5042 3076 6 4 7 11 20 22 25
3736 4016 8 4 7 12 13 14 24 25 26
4788 1496 6 4 7 12 13 24 26
3806 3396 8 4 7 12 14 15 24 25 26
4860 1616 6 4 7 12 15 24 26
2938 3682 8 4 7 12 18 22 24 25 26
4386 4156 8 4 7 12 18 22 24 25 26
3900 3436 8 4 7 12 20 22 23 24 26
2374 2060 8 4 7 12 20 22 24 25 26
2870 4960 6 4 7 13 14 25 26
4174 4304 8 4 7 13 17 20 24 25 26
4124 4088 8 4 7 13 17 20 24 25 26
3666 2190 4 4 7 13 26
2262 2566 10 4 7 14 15 16 19 21 23 25 26
2942 5028 6 4 7 14 15 25 26
4220 3182 8 4 7 14 17 20 23 24 25
4580 4672 8 4 7 14 20 22 23 25 26
4412 3818 8 4 7 15 16 19 21 23 26
3116 4438 8 4 7 15 16 19 21 23 26
2532 4934 8 4 7 15 16 19 21 25 26
4246 3070 8 4 7 15 17 20 24 25 26
3720 4702 4 4 7 15 26
2414 4710 10 4 7 16 19 20 21 22 23 25 26
4312 786 6 4 7 17 18 24 25
5274 3024 6 4 7 17 20 23 24
2750 4748 6 4 7 17 20 24 25
5346 1436 6 4 7 17 20 24 25
4632 2522 6 4 7 18 22 23 26
4672 4350 6 4 7 18 22 25 26
4774 2624 6 4 7 18 22 25 26
3916 3940 6 4 7 20 22 23 26
3038 1000 6 4 7 20 22 23 26
3112 3286 6 4 7 20 22 25 26
1032 3250 2 4 7
2992 2594 8 4 8 9 10 14 18 25 26
1700 5102 10 4 8 9 10 17 18 20 24 25 26
4042 4138 6 4 8 9 10 18 26
1810 1536 6 4 8 9 10 18 26
4918 4548 6 4 8 9 11 16 19
1430 552 12 4 8 9 14 16 17 19 20 23 24 25 26
3754 1992 8 4 8 9 14 16 19 23 26
3798 3820 8 4 8 9 14 16 19 25 26
2482 1562 10 4 8 9 16 17 19 20 23 24 26
2506 2852 10 4 8 9 16 17 19 20 24 25 26
2254 2882 6 4 8 9 16 19 26
3986 3194 6 4 8 10 11 18 23
2646 3594 8 4 8 10 12 18 24 25 26
2978 1348 8 4 8 10 14 18 23 25 26
2088 2608 10 4 8 10 16 19 20 21 23 25 26
4030 2192 6 4 8 10 18 23 26
1838 3020 6 4 8 10 18 25 26
4084 4418 6 4 8 10 18 25 26
3994 2604 6 4 8 10 18 25 26
3628 2846 8 4 8 11 13 16 19 23 26
4790 2846 6 4 8 11 16 19 23
2068 2374 10 4 8 12 14 16 19 23 24 25 26
3120 4612 8 4 8 12 16 19 23 24 26
3144 3278 8 4 8 12 16 19 24 25 26
3784 5432 8 4 8 14 16 19 23 25 26
1528 2622 8 4 8 14 16 19 23 25 26
3784 804 8 4 8 14 16 19 23 25 26
2512 412 10 4 8 16 17 19 20 23 24 25 26
2382 832 6 4 8 16 19 23 26
3574 3172 6 4 8 16 19 23 26
2282 3314 6 4 8 16 19 25 26
4878 3906 6 4 8 16 19 25 26
1996 3872 10 4 9 10 11 15 18 20 21 23 26
1758 3312 10 4 9 10 12 18 20 21 24 25 26
2604 4202 8 4 9 10 18 20 21 23 26
3424 2598 8 4 9 10 18 20 21 23 26
2328 2926 8 4 9 10 18 20 21 25 26
2496 4876 8 4 9 10 18 20 21 25 26
5236 2814 8 4 9 11 13 14 20 23 26
5336 3136 6 4 9 11 13 18 26
3608 2766 6 4 9 11 13 20 26
5310 3638 8 4 9 11 14 15 20 23 26
2224 2774 10 4 9 11 15 16 19 20 21 23 26
5468 2476 6 4 9 11 15 18 26
4134 2304 8 4 9 11 17 18 20 23 24
4290 3494 8 4 9 11 17 18 20 24 25
4526 4404 8 4 9 11 18 20 22 23 26
4682 2560 8 4 9 11 18 20 22 25 26
4038 4872 4 4 9 11 18
4080 2838 4 4 9 11 20
3758 1272 8 4 9 12 14 18 24 25 26
4718 3978 8 4 9 12 14 20 23 24 26
3842 3776 8 4 9 12 14 20 24 25 26
2564 786 10 4 9 12 16 19 20 21 24 25 26
4828 3652 6 4 9 12 18 24 26
4374 2824 6 4 9 12 20 24 26
3882 2320 10 4 9 14 16 19 20 21 23 25 26
3126 2732 10 4 9 14 17 18 20 23 24 25 26
2918 1632 6 4 9 14 18 25 26
3858 5346 6 4 9 14 20 23 26
4416 840 6 4 9 14 20 25 26
3862 1880 6 4 9 14 20 25 26
2448 1700 8 4 9 16 18 19 21 25 26
3410 3216 8 4 9 16 19 20 21 23 26
3134 3726 8 4 9 16 19 20 21 25 26
3320 2248 8 4 9 16 19 20 21 25 26
4180 4354 8 4 9 17 18 20 23 24 26
4368 2992 8 4 9 17 18 20 23 24 26
1620 4526 8 4 9 17 18 20 24 25 26
4220 3456 8 4 9 17 18 20 24 25 26
4232 1746 8 4 9 17 18 20 24 25 26
3564 4490 8 4 9 17 18 20 24 25 26
4170 3196 4 4 9 18 26
1426 3122 4 4 9 18 26
3890 1742 4 4 9 18 26
2414 5042 4 4 9 20 26
2312 4726 4 4 9 20 26
2026 5340 10 4 10 11 15 18 20 21 23 25 26
3324 3178 8 4 10 18 20 21 23 25 26
2634 2634 8 4 10 18 20 21 23 25 26
3550 1698 10 4 11 12 13 14 20 23 24 25 26
3632 4182 8 4 11 12 13 18 24 25 26
5080 2608 8 4 11 12 13 18 24 25 26
4592 3326 8 4 11 12 13 20 23 24 26
3068 4742 8 4 11 12 13 20 24 25 26
3620 4206 10 4 11 12 14 15 20 23 24 25 26
4674 960 8 4 11 12 15 20 23 24 26
4910 972 6 4 11 12 18 24 25
3534 4238 6 4 11 12 20 24 25
4282 1818 8 4 11 13 14 18 23 25 26
2690 3972 8 4 11 13 14 20 23 25 26
5226 234 8 4 11 13 14 20 23 25 26
3108 3386 10 4 11 13 16 19 20 21 23 25 26
5324 3194 6 4 11 13 18 23 26
5366 3026 6 4 11 13 18 25 26
5424 2632 6 4 11 13 18 25 26
4610 4674 6 4 11 13 20 23 26
3732 3392 6 4 11 13 20 23 26
3806 2504 6 4 11 13 20 25 26
4354 2852 8 4 11 14 15 18 23 25 26
2762 746 8 4 11 14 15 20 23 25 26
5298 4338 8 4 11 14 15 20 23 25 26
2254 1764 10 4 11 15 16 19 20 21 23 25 26
5406 4022 6 4 11 15 18 23 26
5496 4260 6 4 11 15 18 25 26
3814 4418 6 4 11 15 20 23 26
3574 3172 8 4 11 16 19 20 21 23 25
4164 4322 8 4 11 17 18 20 23 24 25
4556 1996 8 4 11 18 20 22 23 25 26
3912 3860 4 4 11 18 23
5012 4080 4 4 11 20 23
2312 3058 4 4 11 20 23
4272 2024 4 4 11 20 25
3764 5010 8 4 12 14 18 23 24 25 26
2172 4688 8 4 12 14 20 23 24 25 26
4748 5162 8 4 12 14 20 23 24 25 26
4748 2766 8 4 12 14 20 23 24 25 26
4818 4496 6 4 12 18 23 24 26
3712 2868 6 4 12 18 24 25 26
2264 932 6 4 12 18 24 25 26
3224 3278 6 4 12 20 23 24 26
4404 5248 6 4 12 20 24 25 26
1700 404 6 4 12 20 24 25 26
2904 4824 6 4 14 18 23 25 26
3888 1838 6 4 14 20 23 25 26
1306 4268 6 4 14 20 23 25 26
2456 2592 8 4 16 18 19 21 23 25 26
3400 4370 8 4 16 19 20 21 23 25 26
1822 858 8 4 16 19 20 21 23 25 26
4130 3708 8 4 16 19 20 21 23 25 26
4338 3508 8 4 16 19 20 21 23 25 26
4642 4060 8 4 17 18 20 23 24 25 26
4208 4418 8 4 17 18 20 23 24 25 26
4208 3154 8 4 17 18 20 23 24 25 26
3956 2082 4 4 18 23 26
3920 386 4 4 18 25 26
4450 4518 4 4 18 25 26
1456 4752 4 4 18 25 26
2358 2482 4 4 20 23 26
2450 4440 4 4 20 25 26
4954 1956 4 4 20 25 26
2342 2034 4 4 20 25 26
2072 1860 8 5 6 7 10 15 17 18 21
3126 5416 10 5 6 7 11 12 13 14 15 22 26
3166 1782 10 5 6 7 11 12 13 14 15 22 26
4372 4330 8 5 6 7 11 12 13 14 22
4446 3650 8 5 6 7 11 12 14 15 22
4540 3168 8 5 6 7 11 13 14 15 17
3868 2290 8 5 6 7 12 13 14 17 24
1716 1192 8 5 6 7 12 13 14 22 26
4332 3902 8 5 6 7 12 13 14 22 26
3940 1234 8 5 6 7 12 14 15 17 24
4314 4314 8 5 6 7 12 14 15 22 26
1790 2026 8 5 6 7 12 14 15 22 26
1614 3684 10 5 6 7 12 15 16 19 21 22 26
4494 3692 8 5 6 7 13 14 15 17 26
3050 4302 6 5 6 7 13 14 17
1608 4878 10 5 6 7 14 15 16 17 19 21 23
3122 5406 6 5 6 7 14 15 17
2574 2644 8 5 6 7 15 16 17 19 21
1968 2842 10 5 6 8 9 12 14 16 17 19 24
2360 3878 10 5 6 8 9 12 14 16 19 22 26
3418 778 8 5 6 8 10 12 13 14 26
1940 2064 10 5 6 8 10 12 14 18 22 25 26
2038 4234 6 5 6 8 10 12 14
2266 1002 8 5 6 8 10 12 16 19 21
1596 2266 8 5 6 8 10 12 16 19 21
2642 4638 8 5 6 8 10 12 17 18 24
3296 3018 8 5 6 8 10 12 17 20 24
2914 2908 8 5 6 8 10 12 18 22 26
3568 4078 8 5 6 8 10 12 20 22 26
1976 3604 10 5 6 8 12 14 16 17 19 23 24
1998 4068 10 5 6 8 12 14 16 17 19 24 25
2366 2392 10 5 6 8 12 14 16 19 22 23 26
2390 3032 10 5 6 8 12 14 16 19 22 25 26
3448 5034 8 5 6 8 12 16 17 19 24
3720 3114 8 5 6 8 12 16 19 22 26
2374 5336 8 5 6 9 10 12 14 18 21
1956 3060 10 5 6 9 12 13 14 16 19 21 26
3180 4084 8 5 6 9 12 14 16 19 21
4584 2688 8 5 6 9 12 14 17 18 24
5238 2050 8 5 6 9 12 14 17 20 24
4970 5268 8 5 6 9 12 14 18 22 26
1694 1644 10 5 6 10 11 12 13 15 18 21 26
2496 4492 8 5 6 10 11 12 15 18 21
1198 4668 10 5 6 10 12 13 14 18 21 25 26
2192 4878 8 5 6 10 12 13 18 21 26
1622 5314 10 5 6 10 12 14 15 18 21 25 26
2360 4016 8 5 6 10 12 14 18 21 23
3728 3120 8 5 6 10 12 14 18 21 25
2360 4562 8 5 6 10 12 14 18 21 25
2476 2960 8 5 6 10 12 15 18 21 26
3616 1742 6 5 6 10 12 18 21
3336 2262 6 5 6 10 12 18 21
1320 3042 6 5 6 10 12 18 21
4664 5346 6 5 6 10 12 20 21
5052 1248 8 5 6 11 12 13 14 15 26
2402 1762 8 5 6 11 12 13 14 15 26
4938 5354 8 5 6 11 12 13 14 15 26
3608 848 6 5 6 11 12 13 14
1852 3118 10 5 6 11 12 13 15 16 19 21 26
4280 5034 8 5 6 11 12 13 18 22 26
4934 2360 8 5 6 11 12 13 20 22 26
2096 2926 10 5 6 11 12 14 15 16 19 21 23
3680 2952 6 5 6 11 12 14 15
3056 2578 8 5 6 11 12 15 16 19 21
4752 3622 6 5 6 11 12 18 22
1962 4464 10 5 6 12 13 14 16 19 21 23 26
1986 2604 10 5 6 12 13 14 16 19 21 25 26
3446 1148 6 5 6 12 13 14 26
904 2450 6 5 6 12 13 14 26
2998 3024 8 5 6 12 13 16 19 21 26
2026 3762 10 5 6 12 14 15 16 19 21 23 26
2008 5340 10 5 6 12 14 15 16 19 21 25 26
3610 4730 6 5 6 12 14 15 26
3126 3280 8 5 6 12 14 16 19 21 23
3334 3246 8 5 6 12 14 16 19 21 23
858 4476 8 5 6 12 14 16 19 21 23
3148 3740 8 5 6 12 14 16 19 21 25
4614 838 8 5 6 12 14 17 18 24 25
5268 3156 8 5 6 12 14 17 20 24 25
5000 2650 8 5 6 12 14 18 22 25 26
430 2934 4 5 6 12 14
2276 4540 4 5 6 12 14
3452 3538 4 5 6 12 14
4650 4616 4 5 6 12 14
3062 3766 8 5 6 12 15 16 19 21 26
2174 3714 6 5 6 12 16 19 21
4202 4548 6 5 6 12 16 19 21
1624 3996 6 5 6 12 16 19 21
2550 3950 6 5 6 12 17 18 24
5068 3488 6 5 6 12 17 18 24
3206 2724 6 5 6 12 17 20 24
2822 5110 6 5 6 12 18 22 26
3476 5224 6 5 6 12 20 22 26
2992 3714 10 5 7 9 12 13 14 17 22 24 26
3064 4406 10 5 7 9 12 14 15 17 22 24 26
4284 1864 8 5 7 9 12 14 17 22 24
4798 2088 8 5 7 9 13 14 17 22 26
4870 4198 8 5 7 9 14 15 17 22 26
1786 1614 10 5 7 9 15 16 17 19 21 22 26
1518 3088 10 5 7 10 11 12 13 15 21 22 26
1648 4584 10 5 7 10 11 12 13 15 21 22 26
2792 4306 8 5 7 10 11 12 15 21 22
2888 3176 8 5 7 10 11 13 15 17 21
2618 3366 8 5 7 10 12 13 21 22 26
1440 1304 10 5 7 10 12 14 15 17 21 24 25
1698 4824 10 5 7 10 12 14 15 21 22 25 26
2288 4466 8 5 7 10 12 15 17 21 24
1210 5316 8 5 7 10 12 15 21 22 26
2800 2696 8 5 7 10 12 15 21 22 26
1174 4322 8 5 7 10 12 15 21 22 26
4622 4700 6 5 7 10 12 21 22
4032 2608 6 5 7 10 13 17 21
1592 3020 6 5 7 10 15 17 21
4068 3854 6 5 7 10 15 17 21
4076 3982 6 5 7 10 15 17 21
3156 3908 10 5 7 11 12 13 14 17 22 24 25
2986 2574 10 5 7 11 12 13 15 17 22 24 26
4206 4128 8 5 7 11 12 13 17 22 24
3254 5120 10 5 7 11 12 14 15 17 22 24 25
4304 888 8 5 7 11 12 15 17 22 24
4820 2350 8 5 7 11 13 15 17 22 26
4328 4798 8 5 7 11 13 15 17 22 26
3388 3604 6 5 7 11 13 17 22
3486 3696 6 5 7 11 15 17 22
3038 1998 10 5 7 12 13 14 17 22 24 25 26
3020 2704 10 5 7 12 13 14 17 22 24 25 26
1712 3458 8 5 7 12 13 17 22 24 26
3094 4960 10 5 7 12 14 15 17 22 24 25 26
3110 3456 10 5 7 12 14 15 17 22 24 25 26
1736 1534 8 5 7 12 14 17 22 24 25
4332 4888 8 5 7 12 14 17 22 24 25
4174 1028 8 5 7 12 15 17 22 24 26
4192 3274 8 5 7 12 15 17 22 24 26
1784 5378 8 5 7 12 15 17 22 24 26
2788 844 6 5 7 12 17 22 24
4826 5238 8 5 7 13 14 17 22 25 26
4946 4294 8 5 7 13 14 17 22 25 26
3304 3418 6 5 7 13 17 22 26
4900 1838 8 5 7 14 15 17 22 25 26
1792 3100 10 5 7 15 16 17 19 21 22 23 26
1814 2222 10 5 7 15 16 17 19 21 22 25 26
2910 4674 6 5 7 15 17 22 26
1964 2978 4 5 7 17 22
4498 4232 8 5 8 9 10 12 14 17 24
4884 1624 8 5 8 9 10 12 14 22 26
2026 2458 10 5 8 9 12 16 17 19 22 24 26
4194 3954 8 5 8 10 11 12 13 22 26
4666 1842 6 5 8 10 11 12 22
4528 2124 8 5 8 10 12 14 17 24 25
4914 2990 8 5 8 10 12 14 22 25 26
2464 3140 6 5 8 10 12 17 24
5432 1570 6 5 8 10 12 22 26
2736 818 6 5 8 10 12 22 26
2056 3796 10 5 8 12 16 17 19 22 24 25 26
3682 1526 8 5 8 16 17 19 22 23 26
3388 4514 8 5 9 10 12 13 14 21 26
3450 974 8 5 9 10 12 14 15 21 26
4608 2242 6 5 9 10 12 14 21
2192 5056 8 5 9 10 12 17 18 21 24
2154 2896 8 5 9 10 12 17 18 21 24
2972 4878 8 5 9 10 12 17 20 21 24
2546 2988 8 5 9 10 12 18 21 22 26
2624 4158 8 5 9 10 12 18 21 22 26
2578 4938 8 5 9 10 12 18 21 22 26
3358 1450 8 5 9 10 12 20 21 22 26
3758 2546 10 5 9 11 12 13 14 15 17 24 26
4964 4842 8 5 9 11 12 13 14 17 24
5338 3170 8 5 9 11 12 13 14 22 26
5356 1242 8 5 9 11 12 13 14 22 26
3242 4190 10 5 9 11 12 13 17 20 22 24 26
5036 2374 8 5 9 11 12 14 15 17 24
5428 5442 8 5 9 11 12 14 15 22 26
4022 3882 10 5 9 11 12 14 17 20 22 23 24
4040 3736 6 5 9 11 12 14 22
1994 2532 10 5 9 11 12 15 16 17 19 21 24
1954 774 10 5 9 11 12 15 16 19 21 22 26
3714 2388 8 5 9 11 12 17 20 22 24
2266 5134 8 5 9 12 13 14 17 24 26
4862 4418 8 5 9 12 13 14 17 24 26
1818 4644 10 5 9 12 13 16 17 19 21 24 26
4964 5366 8 5 9 12 14 15 17 24 26
1998 4364 10 5 9 12 14 16 17 19 21 23 24
1980 4222 10 5 9 12 14 16 17 19 21 24 25
2336 2620 10 5 9 12 14 16 19 21 22 23 26
2360 2668 10 5 9 12 14 16 19 21 22 25 26
3226 5160 10 5 9 12 14 16 19 21 22 25 26
3306 4518 10 5 9 12 14 17 18 22 24 25 26
3960 4978 10 5 9 12 14 17 20 22 24 25 26
1570 2482 6 5 9 12 14 17 24
1758 4738 6 5 9 12 14 17 24
2144 1994 6 5 9 12 14 22 26
1530 3166 6 5 9 12 14 22 26
1992 3740 10 5 9 12 15 16 17 19 21 24 26
3064 3470 8 5 9 12 16 17 19 21 24
2998 1792 8 5 9 12 16 17 19 21 24
3042 2000 8 5 9 12 16 17 19 21 24
836 3284 8 5 9 12 16 17 19 21 24
868 2746 8 5 9 12 16 19 21 22 26
3384 3012 8 5 9 12 16 19 21 22 26
836 3778 8 5 9 12 16 19 21 22 26
3646 5104 8 5 9 12 17 18 22 24 26
3940 4538 8 5 9 12 17 18 22 24 26
1784 746 8 5 9 12 17 20 22 24 26
1898 4184 8 5 9 12 17 20 22 24 26
4364 4874 6 5 9 17 18 22 26
5018 4578 6 5 9 17 20 22 26
2290 5312 10 5 10 11 12 13 14 15 21 25 26
1600 2852 8 5 10 11 12 13 15 21 26
1214 3432 8 5 10 11 12 13 15 21 26
4590 2514 6 5 10 11 12 13 21
3412 1472 8 5 10 11 12 14 15 21 23
3568 4158 8 5 10 11 12 14 15 21 25
2128 5128 10 5 10 11 12 15 17 20 21 23 24
1994 5356 10 5 10 11 12 15 18 21 22 25 26
2400 2926 10 5 10 11 12 15 20 21 22 23 26
2068 2914 6 5 10 11 12 15 21
2066 3798 6 5 10 11 12 15 21
4678 1150 6 5 10 11 12 15 21
2658 2670 8 5 10 11 12 18 21 22 23
3448 3492 8 5 10 11 12 20 21 22 23
3418 3210 8 5 10 12 13 14 21 25 26
1888 3652 6 5 10 12 13 21 26
3648 3144 8 5 10 12 14 15 21 25 26
1142 2450 8 5 10 12 14 15 21 25 26
4598 5428 6 5 10 12 14 21 23
2056 4852 6 5 10 12 14 21 25
2038 3786 6 5 10 12 14 21 25
1998 5192 6 5 10 12 15 21 26
4590 3796 6 5 10 12 15 21 26
2222 3068 8 5 10 12 17 18 21 23 24
2450 4744 8 5 10 12 17 18 21 24 25
2262 3576 8 5 10 12 17 18 21 24 25
2266 2068 8 5 10 12 17 18 21 24 25
884 1488 8 5 10 12 17 18 21 24 25
876 5080 8 5 10 12 17 18 21 24 25
3000 4334 8 5 10 12 17 20 21 24 25
2614 2594 8 5 10 12 18 21 22 23 26
2788 1622 8 5 10 12 18 21 22 25 26
836 3398 8 5 10 12 18 21 22 25 26
844 3868 8 5 10 12 18 21 22 25 26
2608 2896 8 5 10 12 18 21 22 25 26
2576 5498 8 5 10 12 18 21 22 25 26
3386 2690 8 5 10 12 20 21 22 25 26
840 2800 4 5 10 12 21
4660 2914 6 5 10 17 20 21 23
3862 4098 10 5 11 12 13 14 15 17 24 25 26
3786 4392 10 5 11 12 13 14 15 17 24 25 26
4854 4110 8 5 11 12 13 14 17 23 24
4992 3158 8 5 11 12 13 14 17 24 25
5010 3498 8 5 11 12 13 14 17 24 25
5246 1480 8 5 11 12 13 14 22 23 26
2790 4294 8 5 11 12 13 14 22 25 26
2852 3328 8 5 11 12 13 14 22 25 26
5366 3318 8 5 11 12 13 14 22 25 26
5366 3340 8 5 11 12 13 14 22 25 26
2262 3768 8 5 11 12 13 15 17 24 26
4868 2602 8 5 11 12 13 15 17 24 26
2300 3494 10 5 11 12 13 16 19 21 22 23 26
2616 2622 10 5 11 12 13 17 18 22 24 25 26
3270 4052 10 5 11 12 13 17 20 22 24 25 26
3470 1470 6 5 11 12 13 17 24
3900 3502 6 5 11 12 13 22 26
1242 3242 6 5 11 12 13 22 26
3860 972 6 5 11 12 13 22 26
4924 2770 8 5 11 12 14 15 17 23 24
5110 3920 8 5 11 12 14 15 17 24 25
5066 4374 8 5 11 12 14 15 17 24 25
5316 3216 8 5 11 12 14 15 22 23 26
5498 3052 8 5 11 12 14 15 22 25 26
5476 3776 8 5 11 12 14 15 22 25 26
2920 3502 8 5 11 12 14 15 22 25 26
4052 1896 10 5 11 12 14 17 20 22 23 24 25
3912 3970 6 5 11 12 14 22 23
4068 3818 6 5 11 12 14 22 25
2080 2314 10 5 11 12 15 16 17 19 21 23 24
1994 4452 10 5 11 12 15 16 17 19 21 24 25
2350 3342 10 5 11 12 15 16 19 21 22 23 26
1954 2830 10 5 11 12 15 16 19 21 22 25 26
3540 3768 6 5 11 12 15 17 24
3932 2688 6 5 11 12 15 22 26
3464 1982 8 5 11 12 16 19 21 22 23
3494 4246 8 5 11 12 16 19 21 22 23
3870 4748 8 5 11 12 17 18 22 23 24
3088 3100 8 5 11 12 17 18 22 24 25
1988 3126 8 5 11 12 17 20 22 23 24
4608 3096 8 5 11 12 17 20 22 23 24
3742 3724 8 5 11 12 17 20 22 24 25
1928 972 4 5 11 12 22
2522 3636 4 5 11 12 22
4874 2194 8 5 11 13 17 20 22 23 26
4402 2272 8 5 11 15 17 20 22 23 26
5404 3766 6 5 11 17 20 22 23
4850 1162 8 5 12 13 14 17 23 24 26
4952 932 8 5 12 13 14 17 24 25 26
2296 4068 8 5 12 13 14 17 24 25 26
2314 3876 8 5 12 13 14 17 24 25 26
4934 5266 8 5 12 13 14 17 24 25 26
4916 3986 8 5 12 13 14 17 24 25 26
2296 2222 8 5 12 13 14 17 24 25 26
1824 2390 10 5 12 13 16 17 19 21 23 24 26
1848 2646 10 5 12 13 16 17 19 21 24 25 26
854 4068 6 5 12 13 17 24 26
2416 5194 8 5 12 14 15 17 24 25 26
4994 4538 8 5 12 14 15 17 24 25 26
4994 3296 8 5 12 14 15 17 24 25 26
4996 2400 8 5 12 14 15 17 24 25 26
1992 2616 10 5 12 14 16 17 19 21 23 24 25
2366 4708 10 5 12 14 16 19 21 22 23 25 26
2366 5476 10 5 12 14 16 19 21 22 23 25 26
3476 2580 6 5 12 14 17 23 24
3498 1014 6 5 12 14 17 24 25
3516 3696 6 5 12 14 17 24 25
960 4818 6 5 12 14 17 24 25
3666 5008 6 5 12 14 17 24 25
1788 2984 6 5 12 14 17 24 25
3868 1718 6 5 12 14 22 23 26
1428 3930 6 5 12 14 22 25 26
4028 5076 6 5 12 14 22 25 26
3890 3050 6 5 12 14 22 25 26
1326 2402 6 5 12 14 22 25 26
2010 2924 10 5 12 15 16 17 19 21 23 24 26
1992 4610 10 5 12 15 16 17 19 21 24 25 26
3470 2680 6 5 12 15 17 24 26
854 3600 8 5 12 16 17 19 21 23 24
836 5102 8 5 12 16 17 19 21 24 25
3050 3678 8 5 12 16 17 19 21 24 25
3072 4738 8 5 12 16 17 19 21 24 25
844 1792 8 5 12 16 17 19 21 24 25
842 4384 8 5 12 16 19 21 22 23 26
3418 2382 8 5 12 16 19 21 22 23 26
3442 3336 8 5 12 16 19 21 22 25 26
866 3750 8 5 12 16 19 21 22 25 26
3494 1520 8 5 12 16 19 21 22 25 26
3818 1700 8 5 12 17 18 22 24 25 26
3790 4596 8 5 12 17 18 22 24 25 26
1158 2644 8 5 12 17 18 22 24 25 26
3778 2522 8 5 12 17 18 22 24 25 26
1272 2680 8 5 12 17 18 22 24 25 26
1812 4462 8 5 12 17 20 22 24 25 26
1926 2918 8 5 12 17 20 22 24 25 26
424 3384 4 5 12 17 24
442 3092 4 5 12 17 24
400 1680 4 5 12 22 26
386 2026 4 5 12 22 26
5360 5036 6 5 17 18 22 23 26
4556 2474 6 5 17 18 22 25 26
3478 4704 6 5 17 20 22 23 26
5212 5468 6 5 17 20 22 25 26
1192 4690 2 5 17
4418 4030 6 6 7 8 10 13 14
1808 3278 10 6 7 8 10 14 15 16 19 21 23
4490 4304 6 6 7 8 10 14 15
1896 3874 8 6 7 8 10 15 16 19 21
2346 3874 10 6 7 8 13 14 16 19 22 23 26
2420 5114 10 6 7 8 14 15 16 19 22 23 26
2620 3862 8 6 7 9 10 14 15 18 21
2104 1426 10 6 7 9 13 14 15 16 19 21 26
3696 5284 8 6 7 9 13 14 17 18 24
4640 2018 8 6 7 9 13 14 17 20 24
4056 3916 8 6 7 9 13 14 18 22 26
5000 1986 8 6 7 9 13 14 20 22 26
2990 1218 8 6 7 9 14 15 16 19 21
3768 1910 8 6 7 9 14 15 17 18 24
4712 3924 8 6 7 9 14 15 17 20 24
4128 2106 8 6 7 9 14 15 18 22 26
5072 4788 8 6 7 9 14 15 20 22 26
2478 2450 8 6 7 10 11 13 15 18 21
1762 1362 10 6 7 10 11 15 18 20 21 22 23
1806 2786 10 6 7 10 12 14 15 18 21 24 25
1882 2468 10 6 7 10 13 14 15 18 21 25 26
3192 4222 6 6 7 10 13 18 21
2608 1682 8 6 7 10 14 15 18 21 23
2650 4410 8 6 7 10 14 15 18 21 25
1782 3064 10 6 7 10 15 18 20 21 22 23 26
2006 4582 6 6 7 10 15 18 21
3228 3890 6 6 7 10 15 18 21
4260 4804 8 6 7 11 12 13 14 15 24
3356 4322 10 6 7 11 12 13 14 20 22 23 24
3426 4140 10 6 7 11 12 14 15 20 22 23 24
2016 1586 10 6 7 11 13 14 15 16 19 21 23
3900 3108 10 6 7 11 13 14 15 20 22 23 26
3902 3296 10 6 7 11 13 14 15 20 22 23 26
3402 4994 6 6 7 11 13 14 15
4088 4470 8 6 7 11 13 14 18 22 23
2490 4144 8 6 7 11 13 14 20 22 23
2852 4142 8 6 7 11 13 15 16 19 21
4160 5540 8 6 7 11 14 15 18 22 23
2562 2518 8 6 7 11 14 15 20 22 23
5104 3546 8 6 7 11 14 15 20 22 23
2020 2792 10 6 7 11 15 16 19 20 21 22 23
4216 5476 8 6 7 12 13 14 15 24 26
2350 3512 10 6 7 12 13 14 18 22 24 25 26
3312 3860 10 6 7 12 13 14 20 22 23 24 26
3294 3572 10 6 7 12 13 14 20 22 24 25 26
5476 2774 6 6 7 12 13 14 24
2770 4492 6 6 7 12 13 14 24
1784 4824 10 6 7 12 14 15 16 19 21 23 24
1766 2312 10 6 7 12 14 15 16 19 21 24 25
2424 3824 10 6 7 12 14 15 18 22 24 25 26
3382 3250 10 6 7 12 14 15 20 22 23 24 26
3366 1874 10 6 7 12 14 15 20 22 24 25 26
2842 2610 6 6 7 12 14 15 24
5448 2998 6 6 7 12 14 15 24
1970 4784 10 6 7 13 14 15 16 19 21 23 26
1842 1666 10 6 7 13 14 15 16 19 21 25 26
3354 3956 6 6 7 13 14 15 26
2962 5284 8 6 7 13 14 16 19 21 23
3724 4036 8 6 7 13 14 17 18 24 25
4686 3688 8 6 7 13 14 17 20 23 24
4668 3718 8 6 7 13 14 17 20 24 25
4044 3638 8 6 7 13 14 18 22 23 26
4084 2564 8 6 7 13 14 18 22 25 26
2446 3000 8 6 7 13 14 20 22 23 26
5028 1716 8 6 7 13 14 20 22 25 26
2068 1272 4 6 7 13 14
3998 1674 6 6 7 13 16 19 21
2976 764 8 6 7 14 15 16 19 21 23
1542 5310 8 6 7 14 15 16 19 21 23
3034 812 8 6 7 14 15 16 19 21 23
3018 4336 8 6 7 14 15 16 19 21 25
3798 3722 8 6 7 14 15 17 18 24 25
4758 2456 8 6 7 14 15 17 20 23 24
4742 4618 8 6 7 14 15 17 20 24 25
4116 4210 8 6 7 14 15 18 22 23 26
4158 5360 8 6 7 14 15 18 22 25 26
2518 2550 8 6 7 14 15 20 22 23 26
5060 3496 8 6 7 14 15 20 22 23 26
5102 3616 8 6 7 14 15 20 22 25 26
2140 3096 4 6 7 14 15
1976 2478 10 6 7 15 16 19 20 21 22 23 26
1966 2490 6 6 7 15 16 19 21
4034 3258 6 6 7 15 16 19 21
5144 4858 6 6 7 15 17 18 24
5416 3410 6 6 7 15 18 22 26
2890 2088 8 6 8 9 10 12 14 18 24
3404 4678 8 6 8 9 10 13 14 18 26
3326 1874 8 6 8 9 10 13 14 18 26
4182 3386 8 6 8 9 10 13 14 20 26
3508 5198 8 6 8 9 10 14 15 18 26
4568 4432 6 6 8 9 10 14 18
4466 2004 6 6 8 9 10 14 18
2032 2742 6 6 8 9 10 14 18
1818 5360 8 6 8 9 10 16 18 19 21
2540 3588 8 6 8 9 10 17 18 20 24
2496 4306 8 6 8 9 10 18 20 22 26
2476 1996 10 6 8 9 12 13 14 16 19 24 26
3696 1784 8 6 8 9 12 14 16 19 24
4210 4748 8 6 8 9 13 14 16 19 26
1616 4854 8 6 8 9 13 14 16 19 26
4132 2902 8 6 8 9 13 14 16 19 26
1674 3208 10 6 8 9 13 16 17 18 19 24 26
2618 2482 10 6 8 9 13 16 17 19 20 24 26
4314 3906 8 6 8 9 14 15 16 19 26
1976 4416 10 6 8 9 14 16 17 18 19 23 24
2744 4528 10 6 8 9 14 16 17 19 20 23 24
3290 4360 10 6 8 9 14 16 17 19 20 23 24
2192 1198 10 6 8 9 14 16 18 19 22 23 26
3136 4226 10 6 8 9 14 16 19 20 22 23 26
2838 4508 6 6 8 9 14 16 19
2190 4098 8 6 8 9 16 17 18 19 24
812 2722 8 6 8 9 16 17 18 19 24
1470 4074 8 6 8 9 16 17 19 20 24
3842 1576 8 6 8 9 16 17 19 20 24
3208 2672 8 6 8 9 16 18 19 22 26
774 2046 8 6 8 9 16 18 19 22 26
1630 5006 8 6 8 9 16 19 20 22 26
3114 2438 8 6 8 9 16 19 20 22 26
4212 2868 8 6 8 9 16 19 20 22 26
3396 634 8 6 8 10 11 13 14 18 23
4232 3448 8 6 8 10 11 13 14 20 23
3470 2324 8 6 8 10 11 14 15 18 23
4306 4276 8 6 8 10 11 14 15 20 23
1348 4742 10 6 8 10 11 15 16 19 20 21 23
3456 2800 8 6 8 10 11 18 20 22 23
1700 4250 10 6 8 10 12 13 14 18 24 25 26
2880 2626 8 6 8 10 12 14 18 23 24
2862 2356 8 6 8 10 12 14 18 24 25
1072 2264 8 6 8 10 12 14 18 24 25
2760 5066 8 6 8 10 12 14 18 24 25
2842 2474 8 6 8 10 12 14 18 24 25
2920 2400 8 6 8 10 12 14 18 24 25
3714 4246 8 6 8 10 12 14 20 23 24
3698 1408 8 6 8 10 12 14 20 24 25
1718 3274 10 6 8 10 12 18 20 22 24 25 26
3392 1782 8 6 8 10 13 14 18 23 26
3496 4220 8 6 8 10 13 14 18 25 26
1148 4330 8 6 8 10 13 14 18 25 26
3272 3024 8 6 8 10 13 14 18 25 26
4228 4530 8 6 8 10 13 14 20 23 26
4210 3678 8 6 8 10 13 14 20 25 26
1840 2318 10 6 8 10 13 17 18 20 24 25 26
3538 4034 8 6 8 10 14 15 18 25 26
1800 3632 10 6 8 10 14 16 19 20 21 23 25
2106 1928 10 6 8 10 14 17 18 20 23 24 25
2400 1820 10 6 8 10 14 18 20 22 23 25 26
4452 5018 6 6 8 10 14 18 23
2018 3126 6 6 8 10 14 18 23
4618 4180 6 6 8 10 14 18 23
4578 3758 6 6 8 10 14 18 25
4496 4934 6 6 8 10 14 18 25
2062 4960 6 6 8 10 14 18 25
2854 2358 6 6 8 10 14 20 23
1700 4122 8 6 8 10 16 18 19 21 23
814 2744 8 6 8 10 16 18 19 21 23
1612 3760 8 6 8 10 16 18 19 21 25
1450 3560 8 6 8 10 16 18 19 21 25
2366 3276 8 6 8 10 16 19 20 21 23
2554 5072 8 6 8 10 16 19 20 21 25
2388 4898 8 6 8 10 16 19 20 21 25
3020 3418 8 6 8 10 17 18 20 23 24
3138 4786 8 6 8 10 17 18 20 23 24
1510 2324 8 6 8 10 17 18 20 24 25
2984 3860 8 6 8 10 17 18 20 24 25
3410 2562 8 6 8 10 18 20 22 23 26
3304 3008 8 6 8 10 18 20 22 23 26
1472 4964 8 6 8 10 18 20 22 25 26
818 4228 4 6 8 10 18
3166 2720 4 6 8 10 18
1476 4444 4 6 8 10 20
3112 2312 10 6 8 11 13 14 15 16 19 23 26
4202 3400 8 6 8 11 13 14 16 19 23
4202 3126 8 6 8 11 13 14 16 19 23
2156 1992 10 6 8 11 13 16 18 19 22 23 26
2992 3756 10 6 8 11 13 16 19 20 22 23 26
4276 4548 8 6 8 11 14 15 16 19 23
3318 1278 8 6 8 11 16 18 19 22 23
2804 2314 8 6 8 11 16 18 19 22 23
3458 4194 8 6 8 11 16 19 20 22 23
2482 3404 10 6 8 12 13 14 16 19 23 24 26
2504 1558 10 6 8 12 13 14 16 19 24 25 26
1108 3166 8 6 8 12 14 16 19 23 24
3706 2600 8 6 8 12 14 16 19 23 24
3726 3334 8 6 8 12 14 16 19 24 25
1132 4232 8 6 8 12 14 16 19 24 25
3668 2074 8 6 8 12 14 16 19 24 25
1558 2624 10 6 8 12 16 18 19 22 23 24 26
1582 2144 10 6 8 12 16 18 19 22 24 25 26
2502 2740 10 6 8 12 16 19 20 22 23 24 26
2524 1700 10 6 8 12 16 19 20 22 24 25 26
4158 3992 8 6 8 13 14 16 19 23 26
4198 1520 8 6 8 13 14 16 19 23 26
1622 2116 8 6 8 13 14 16 19 23 26
1644 2646 8 6 8 13 14 16 19 25 26
1680 2816 10 6 8 13 16 17 18 19 23 24 26
1702 1712 10 6 8 13 16 17 18 19 24 25 26
2624 3150 10 6 8 13 16 17 19 20 23 24 26
2646 1534 10 6 8 13 16 17 19 20 24 25 26
4322 4298 8 6 8 14 15 16 19 23 26
4344 4252 8 6 8 14 15 16 19 25 26
1874 3020 10 6 8 14 16 17 18 19 23 24 25
1848 3576 10 6 8 14 16 17 18 19 23 24 25
2774 3252 10 6 8 14 16 17 19 20 23 24 25
3052 5320 10 6 8 14 16 18 19 22 23 25 26
2222 3502 10 6 8 14 16 18 19 22 23 25 26
3184 4556 10 6 8 14 16 19 20 22 23 25 26
3166 4994 10 6 8 14 16 19 20 22 23 25 26
2824 4988 6 6 8 14 16 19 23
808 1578 6 6 8 14 16 19 23
2824 3486 6 6 8 14 16 19 23
2868 4312 6 6 8 14 16 19 25
848 4532 8 6 8 16 17 18 19 23 24
830 1542 8 6 8 16 17 18 19 23 24
2882 2200 8 6 8 16 17 18 19 23 24
3186 4880 8 6 8 16 17 18 19 23 24
2846 4558 8 6 8 16 17 18 19 24 25
812 3806 8 6 8 16 17 18 19 24 25
2382 2838 8 6 8 16 17 18 19 24 25
2924 3800 8 6 8 16 17 18 19 24 25
3826 2358 8 6 8 16 17 19 20 23 24
1496 2918 8 6 8 16 17 19 20 23 24
1488 4616 8 6 8 16 17 19 20 23 24
1470 4220 8 6 8 16 17 19 20 24 25
3872 4774 8 6 8 16 17 19 20 24 25
3036 3706 8 6 8 16 17 19 20 24 25
3274 3798 8 6 8 16 18 19 22 23 26
3296 3296 8 6 8 16 18 19 22 23 26
3214 1788 8 6 8 16 18 19 22 23 26
792 2810 8 6 8 16 18 19 22 23 26
3576 4916 8 6 8 16 18 19 22 23 26
774 5060 8 6 8 16 18 19 22 25 26
2652 3882 8 6 8 16 18 19 22 25 26
3518 878 8 6 8 16 18 19 22 25 26
1534 962 8 6 8 16 19 20 22 23 26
4338 1978 8 6 8 16 19 20 22 23 26
4110 3816 8 6 8 16 19 20 22 23 26
4218 3318 8 6 8 16 19 20 22 23 26
3306 1700 8 6 8 16 19 20 22 25 26
1658 1552 8 6 8 16 19 20 22 25 26
1278 3226 4 6 8 16 19
2074 2964 10 6 9 10 11 14 15 18 20 21 23
2962 3676 8 6 9 10 13 18 20 21 26
3188 3604 8 6 9 10 14 18 20 21 23
3172 4012 8 6 9 10 14 18 20 21 25
3024 4096 8 6 9 10 15 18 20 21 26
3400 3304 6 6 9 10 18 20 21
1586 3004 12 6 9 11 13 14 15 16 19 20 21 23 26
4822 1402 8 6 9 11 13 14 15 18 26
4880 3626 8 6 9 11 13 14 15 18 26
3538 4014 6 6 9 11 13 14 18
4388 4158 6 6 9 11 13 14 20
2810 4328 10 6 9 11 14 15 16 19 20 21 23
3612 4446 6 6 9 11 14 15 18
4462 1418 6 6 9 11 14 15 20
4112 4590 8 6 9 12 13 14 18 24 26
4252 3524 8 6 9 12 13 14 18 24 26
2534 1994 8 6 9 12 13 14 20 24 26
5134 3170 8 6 9 12 13 14 20 24 26
4294 2102 8 6 9 12 14 15 18 24 26
5238 2360 8 6 9 12 14 15 20 24 26
2812 2626 6 6 9 12 14 18 24
3756 4254 6 6 9 12 14 20 24
1810 2068 10 6 9 13 14 16 18 19 21 25 26
2732 4742 10 6 9 13 14 16 19 20 21 23 26
2754 1838 10 6 9 13 14 16 19 20 21 25 26
3246 4178 6 6 9 13 14 18 26
3386 4410 6 6 9 13 14 18 26
4330 4202 6 6 9 13 14 20 26
1686 4304 6 6 9 13 14 20 26
3768 4908 8 6 9 13 16 19 20 21 26
4392 2366 8 6 9 13 17 18 20 24 26
1850 2844 10 6 9 14 15 16 18 19 21 23 26
2794 3290 10 6 9 14 15 16 19 20 21 23 26
3430 1812 6 6 9 14 15 18 26
4374 4330 6 6 9 14 15 20 26
3008 1784 8 6 9 14 16 18 19 21 23
3034 1596 8 6 9 14 16 18 19 21 25
3952 2788 8 6 9 14 16 19 20 21 23
3978 2886 8 6 9 14 16 19 20 21 25
5074 5310 8 6 9 14 17 18 20 23 24
1952 2536 4 6 9 14 18
4490 2836 4 6 9 14 18
2896 3970 4 6 9 14 20
2886 556 8 6 9 15 16 18 19 21 26
3830 3134 8 6 9 15 16 19 20 21 26
3550 4134 6 6 9 16 18 19 21
4204 3842 6 6 9 16 19 20 21
4588 1672 6 6 9 17 18 20 24
4858 3742 6 6 9 18 20 22 26
1862 5080 10 6 10 11 13 15 18 20 21 23 26
3012 2980 8 6 10 11 13 18 20 21 23
2102 2564 10 6 10 11 14 15 18 20 21 23 25
1458 4068 8 6 10 11 15 18 20 21 23
2740 3556 8 6 10 11 15 18 20 21 23
3048 3890 8 6 10 11 15 18 20 21 23
3084 3792 8 6 10 11 15 18 20 21 23
1482 4208 10 6 10 12 14 18 20 21 23 24 25
2494 1072 8 6 10 12 18 20 21 23 24
2478 4438 8 6 10 12 18 20 21 24 25
1996 2328 10 6 10 13 14 18 20 21 23 25 26
3008 4038 8 6 10 13 18 20 21 23 26
2990 5174 8 6 10 13 18 20 21 25 26
2018 5246 10 6 10 14 15 18 20 21 23 25 26
3176 982 8 6 10 14 18 20 21 23 25
3158 2288 8 6 10 14 18 20 21 23 25
3070 1838 8 6 10 15 18 20 21 23 26
3054 4112 8 6 10 15 18 20 21 25 26
1628 3728 6 6 10 18 20 21 23
1858 4616 6 6 10 18 20 21 23
1996 4238 6 6 10 18 20 21 25
3116 4790 10 6 11 12 13 14 15 18 24 25 26
4078 3490 10 6 11 12 13 14 15 20 23 24 26
4036 4820 10 6 11 12 13 14 15 20 23 24 26
4060 3336 10 6 11 12 13 14 15 20 24 25 26
4184 1810 8 6 11 12 13 14 18 23 24
4322 3548 8 6 11 12 13 14 18 24 25
2586 3654 8 6 11 12 13 14 20 23 24
5284 2570 8 6 11 12 13 14 20 23 24
5266 2986 8 6 11 12 13 14 20 24 25
4254 1960 8 6 11 12 14 15 18 23 24
4396 1566 8 6 11 12 14 15 18 24 25
2656 4952 8 6 11 12 14 15 20 23 24
5198 4580 8 6 11 12 14 15 20 23 24
5340 1828 8 6 11 12 14 15 20 24 25
1616 4346 12 6 11 13 14 15 16 19 20 21 23 25 26
4768 2300 8 6 11 13 14 15 18 23 26
4850 3036 8 6 11 13 14 15 18 25 26
4908 4970 8 6 11 13 14 15 18 25 26
3170 3798 8 6 11 13 14 15 20 23 26
3318 5156 6 6 11 13 14 18 23
1724 4606 6 6 11 13 14 20 23
4418 3494 6 6 11 13 14 20 23
2668 786 10 6 11 13 15 16 19 20 21 23 26
3818 2230 8 6 11 13 16 19 20 21 23
4444 854 8 6 11 13 17 18 20 23 24
4714 972 8 6 11 13 18 20 22 23 26
2838 3720 10 6 11 14 15 16 19 20 21 23 25
3390 4656 6 6 11 14 15 18 23
4490 2334 6 6 11 14 15 20 23
1798 3050 6 6 11 14 15 20 23
2848 4660 8 6 11 15 16 18 19 21 23
1418 3422 8 6 11 15 16 19 20 21 23
3546 1994 8 6 11 15 16 19 20 21 23
3854 3116 8 6 11 15 16 19 20 21 23
3594 2476 8 6 11 15 16 19 20 21 23
3970 1954 8 6 11 15 17 18 20 23 24
4242 3296 8 6 11 15 18 20 22 23 26
5242 5058 6 6 11 18 20 22 23
4180 3418 8 6 12 13 14 18 23 24 26
4330 4218 8 6 12 13 14 18 24 25 26
4142 2138 8 6 12 13 14 18 24 25 26
4142 1976 8 6 12 13 14 18 24 25 26
1620 5262 8 6 12 13 14 18 24 25 26
1620 2012 8 6 12 13 14 18 24 25 26
2580 3712 8 6 12 13 14 20 23 24 26
2580 3762 8 6 12 13 14 20 23 24 26
5122 4346 8 6 12 13 14 20 23 24 26
5164 3730 8 6 12 13 14 20 24 25 26
5274 5314 8 6 12 13 14 20 24 25 26
2564 3708 8 6 12 13 14 20 24 25 26
4322 4142 8 6 12 14 15 18 24 25 26
5284 4368 8 6 12 14 15 20 23 24 26
5266 5144 8 6 12 14 15 20 24 25 26
1304 4236 10 6 12 14 16 18 19 21 23 24 25
2248 3688 10 6 12 14 16 19 20 21 23 24 25
2800 4266 6 6 12 14 18 23 24
2762 1046 6 6 12 14 18 24 25
690 4752 6 6 12 14 18 24 25
3744 4402 6 6 12 14 20 23 24
1206 2456 6 6 12 14 20 23 24
3726 3066 6 6 12 14 20 24 25
1348 2154 6 6 12 14 20 24 25
2340 3296 8 6 12 16 18 19 21 24 25
3300 1062 8 6 12 16 19 20 21 23 24
3284 2026 8 6 12 16 19 20 21 24 25
4312 4674 8 6 12 18 20 22 24 25 26
1818 1586 10 6 13 14 16 18 19 21 23 25 26
2762 2224 10 6 13 14 16 19 20 21 23 25 26
3312 1654 6 6 13 14 18 23 26
766 2980 6 6 13 14 18 25 26
3276 1428 6 6 13 14 18 25 26
1720 3574 6 6 13 14 20 23 26
4256 3964 6 6 13 14 20 23 26
4298 4280 6 6 13 14 20 25 26
1704 3518 6 6 13 14 20 25 26
2852 2828 8 6 13 16 18 19 21 25 26
3814 2142 8 6 13 16 19 20 21 23 26
3796 2132 8 6 13 16 19 20 21 25 26
4422 4602 8 6 13 17 18 20 24 25 26
1880 4034 10 6 14 15 16 18 19 21 23 25 26
2824 4490 10 6 14 15 16 19 20 21 23 25 26
3458 4686 6 6 14 15 18 25 26
4420 5324 6 6 14 15 20 23 26
4402 3576 6 6 14 15 20 25 26
3020 4532 8 6 14 16 18 19 21 23 25
3020 2366 8 6 14 16 18 19 21 23 25
876 5144 8 6 14 16 18 19 21 23 25
2960 3648 8 6 14 16 18 19 21 23 25
3924 4372 8 6 14 16 19 20 21 23 25
1534 4246 8 6 14 16 19 20 21 23 25
3964 3240 8 6 14 16 19 20 21 23 25
5104 2262 8 6 14 17 18 20 23 24 25
4476 2092 4 6 14 18 23
1940 792 4 6 14 18 23
1982 3206 4 6 14 18 25
4518 1816 4 6 14 18 25
556 3184 4 6 14 20 23
2926 3238 4 6 14 20 25
2916 2848 8 6 15 16 18 19 21 25 26
3876 2038 8 6 15 16 19 20 21 23 26
3860 1964 8 6 15 16 19 20 21 25 26
4032 2770 6 6 16 18 19 21 23
4056 4818 6 6 16 18 19 21 25
3996 2936 6 6 16 18 19 21 25
1474 5026 6 6 16 18 19 21 25
2664 866 6 6 16 19 20 21 23
2434 760 6 6 16 19 20 21 23
2418 4412 6 6 16 19 20 21 25
5000 2046 6 6 16 19 20 21 25
3040 4054 6 6 17 18 20 23 24
4780 1680 6 6 17 18 20 24 25
3318 4212 6 6 18 20 22 23 26
5050 3934 6 6 18 20 22 25 26
3194 2050 2 6 18
888 5174 2 6 18
1546 2680 2 6 20
1746 1560 10 7 8 9 10 15 16 19 21 22 26
2688 3306 8 7 8 9 10 17 18 22 24
3494 4598 8 7 8 9 16 17 19 22 24
2124 4664 10 7 8 10 11 15 16 19 21 22 23
5530 3816 6 7 8 10 13 17 24
1610 4700 10 7 8 10 15 16 19 21 22 23 26
1012 3962 10 7 8 10 15 16 19 21 22 23 26
1746 4160 10 7 8 10 15 16 19 21 22 25 26
5058 1898 6 7 8 10 15 17 24
5330 4724 6 7 8 10 15 22 26
2718 5310 8 7 8 10 17 18 22 24 25
2208 3084 10 7 8 13 16 17 19 22 23 24 26
2448 3090 10 7 8 14 16 17 19 22 23 24 25
2280 2400 10 7 8 15 16 17 19 22 23 24 26
3816 1474 8 7 8 16 17 19 22 23 24
3502 4536 8 7 8 16 17 19 22 23 24
3524 3752 8 7 8 16 17 19 22 24 25
2132 1856 10 7 9 10 11 13 15 18 21 22 26
2902 2996 8 7 9 10 11 15 18 21 22
1858 5374 10 7 9 10 12 15 18 21 22 24 26
2696 4848 8 7 9 10 13 17 18 21 24
3158 3534 8 7 9 10 13 18 21 22 26
2684 3496 8 7 9 10 15 17 18 21 24
1964 1762 8 7 9 10 15 17 18 21 24
3052 2196 8 7 9 10 15 17 20 21 24
2288 3054 8 7 9 10 15 18 21 22 26
1788 3666 8 7 9 10 15 18 21 22 26
2576 5406 8 7 9 10 15 18 21 22 26
2164 3084 8 7 9 10 15 18 21 22 26
2942 1582 8 7 9 10 15 20 21 22 26
4758 3174 8 7 9 11 13 14 15 17 24
5150 2682 8 7 9 11 13 14 15 22 26
3852 4332 10 7 9 11 13 14 17 20 22 23 24
1994 1052 10 7 9 11 13 15 16 17 19 21 24
2092 1840 10 7 9 11 13 15 16 19 21 22 26
2064 4224 10 7 9 11 13 15 16 19 21 22 26
4034 2868 8 7 9 11 13 17 18 22 24
4978 4804 8 7 9 11 13 17 20 22 24
3924 4418 10 7 9 11 14 15 17 20 22 23 24
2862 4174 8 7 9 11 15 16 19 21 22
4132 3484 8 7 9 11 15 17 18 22 24
5076 1630 8 7 9 11 15 17 20 22 24
4518 3368 8 7 9 12 13 14 22 24 26
4590 4498 8 7 9 12 14 15 22 24 26
2582 3300 10 7 9 12 15 16 19 21 22 24 26
4712 2464 8 7 9 13 14 15 17 24 26
3806 4180 10 7 9 13 14 17 20 22 23 24 26
3880 3946 10 7 9 13 14 17 20 22 24 25 26
3266 2252 6 7 9 13 14 17 24
4780 3714 6 7 9 13 14 17 24
3658 4534 6 7 9 13 14 22 26
2100 3442 10 7 9 13 15 16 17 19 21 24 26
2818 3860 8 7 9 13 16 17 19 21 24
3210 3798 8 7 9 13 16 19 21 22 26
3948 3854 8 7 9 13 17 18 22 24 26
3916 4850 8 7 9 13 17 18 22 24 26
4860 4992 8 7 9 13 17 20 22 24 26
4804 3648 8 7 9 13 17 20 22 24 26
2682 3498 10 7 9 14 15 16 17 19 21 23 24
3712 4088 10 7 9 14 15 16 19 21 22 23 26
2642 1994 10 7 9 14 15 16 19 21 22 23 26
3880 1320 10 7 9 14 15 17 20 22 23 24 26
4306 836 6 7 9 14 15 17 24
3340 3038 6 7 9 14 15 17 24
3732 4962 6 7 9 14 15 22 26
4738 5064 6 7 9 14 15 22 26
4158 3916 8 7 9 14 17 18 22 24 25
5100 3304 8 7 9 14 17 20 22 23 24
5102 2266 8 7 9 14 17 20 22 24 25
2830 2172 8 7 9 15 16 17 19 21 24
2848 1920 8 7 9 15 16 17 19 21 24
2852 4790 8 7 9 15 16 17 19 21 24
1520 3356 8 7 9 15 16 17 19 21 24
1748 2622 8 7 9 15 16 19 21 22 26
1480 4638 8 7 9 15 16 19 21 22 26
3868 2888 8 7 9 15 17 18 22 24 26
3676 3622 8 7 9 15 17 18 22 24 26
4330 1470 8 7 9 15 17 20 22 24 26
4492 5000 8 7 9 15 17 20 22 24 26
2616 2506 6 7 9 17 18 22 24
5210 4196 6 7 9 17 18 22 24
3554 3748 6 7 9 17 20 22 24
2128 4512 10 7 10 11 12 15 18 21 22 24 25
2034 2998 10 7 10 11 13 15 17 18 21 24 25
2154 2502 10 7 10 11 13 15 18 21 22 23 26
1994 4348 10 7 10 11 13 15 18 21 22 25 26
2266 2568 10 7 10 11 13 15 20 21 22 23 26
2282 4490 10 7 10 11 13 15 20 21 22 23 26
4382 4304 6 7 10 11 13 15 21
1998 1758 6 7 10 11 13 15 21
5138 4192 6 7 10 11 13 15 21
3088 2266 8 7 10 11 13 18 21 22 23
3472 3302 8 7 10 11 13 20 21 22 23
2508 4598 8 7 10 11 15 18 21 22 23
2468 1882 8 7 10 11 15 18 21 22 23
2936 646 8 7 10 11 15 18 21 22 25
1282 4360 8 7 10 11 15 20 21 22 23
3328 4846 8 7 10 11 15 20 21 22 23
3754 3400 6 7 10 12 13 21 24
1014 3666 10 7 10 12 15 18 21 22 24 25 26
1700 3858 10 7 10 12 15 18 21 22 24 25 26
1434 1862 10 7 10 12 15 18 21 22 24 25 26
1742 4532 10 7 10 12 15 18 21 22 24 25 26
1724 2882 10 7 10 12 15 20 21 22 23 24 26
2092 4740 10 7 10 12 15 20 21 22 24 25 26
3824 4584 6 7 10 12 15 21 24
3278 4822 8 7 10 13 14 15 21 25 26
4418 4688 6 7 10 13 14 21 25
1878 5204 10 7 10 13 15 17 18 21 24 25 26
1982 5114 10 7 10 13 15 17 18 21 24 25 26
4330 5108 6 7 10 13 15 21 26
2514 3790 8 7 10 13 17 18 21 24 25
2474 2896 8 7 10 13 18 21 22 25 26
3428 2606 8 7 10 13 20 21 22 23 26
2888 3110 4 7 10 13 21
2046 4386 10 7 10 14 15 17 20 21 23 24 25
2406 3206 10 7 10 14 15 20 21 22 23 25 26
4490 4868 6 7 10 14 15 21 25
2992 3672 8 7 10 15 17 18 21 23 24
2602 3680 8 7 10 15 17 18 21 23 24
2644 1674 8 7 10 15 17 18 21 24 25
1994 2862 8 7 10 15 17 18 21 24 25
1560 2104 8 7 10 15 17 18 21 24 25
2252 2388 8 7 10 15 17 18 21 24 25
3100 3846 8 7 10 15 17 20 21 23 24
3082 3110 8 7 10 15 17 20 21 24 25
2564 2352 8 7 10 15 18 21 22 23 26
3310 4142 8 7 10 15 18 21 22 23 26
1810 4346 8 7 10 15 18 21 22 23 26
3250 4724 8 7 10 15 18 21 22 23 26
1520 4560 8 7 10 15 18 21 22 25 26
2438 1528 8 7 10 15 18 21 22 25 26
2468 2018 8 7 10 15 18 21 22 25 26
2544 4056 8 7 10 15 18 21 22 25 26
3498 3702 8 7 10 15 20 21 22 23 26
1402 766 8 7 10 15 20 21 22 23 26
3462 2606 8 7 10 15 20 21 22 23 26
1302 3402 8 7 10 15 20 21 22 23 26
3134 5174 8 7 10 15 20 21 22 25 26
1526 2632 4 7 10 15 21
2930 5164 4 7 10 15 21
5112 4160 6 7 10 20 21 22 23
4514 3722 8 7 11 12 13 15 22 24 26
2088 1964 10 7 11 12 15 16 19 21 22 24 25
4786 4646 8 7 11 13 14 15 17 24 25
4804 3562 8 7 11 13 14 15 17 24 25
5178 2174 8 7 11 13 14 15 22 25 26
5294 2204 8 7 11 13 14 15 22 25 26
3880 1480 10 7 11 13 14 17 20 22 23 24 25
3898 4044 10 7 11 13 14 17 20 22 23 24 25
5172 3712 6 7 11 13 14 22 23
2012 3418 10 7 11 13 15 16 17 19 21 23 24
1994 4180 10 7 11 13 15 16 17 19 21 24 25
2846 5418 10 7 11 13 15 16 19 21 22 23 26
1218 1982 10 7 11 13 15 16 19 21 22 23 26
2868 4862 10 7 11 13 15 16 19 21 22 23 26
2988 3546 10 7 11 13 15 16 19 21 22 23 26
1090 2766 10 7 11 13 15 16 19 21 22 23 26
2958 5360 10 7 11 13 15 16 19 21 22 23 26
2094 3900 10 7 11 13 15 16 19 21 22 25 26
2218 3712 10 7 11 13 15 16 19 21 22 25 26
3762 2894 10 7 11 13 15 17 20 22 23 24 26
3762 3320 10 7 11 13 15 17 20 22 23 24 26
3262 3498 6 7 11 13 15 17 24
4314 1842 6 7 11 13 15 17 24
1668 4596 6 7 11 13 15 22 26
2328 1998 6 7 11 13 15 22 26
3692 3454 6 7 11 13 15 22 26
3652 1850 6 7 11 13 15 22 26
3894 3610 8 7 11 13 16 19 21 22 23
3950 2544 8 7 11 13 17 18 22 23 24
4062 1966 8 7 11 13 17 18 22 24 25
5076 3822 8 7 11 13 17 20 22 23 24
4978 2530 8 7 11 13 17 20 22 23 24
2352 3374 8 7 11 13 17 20 22 23 24
2388 3890 8 7 11 13 17 20 22 23 24
5006 1672 8 7 11 13 17 20 22 24 25
2242 3312 4 7 11 13 22
2386 3274 4 7 11 13 22
3954 3112 10 7 11 14 15 17 20 22 23 24 25
3972 3106 10 7 11 14 15 17 20 22 23 24 25
4700 1608 6 7 11 14 15 22 23
3274 2416 8 7 11 15 16 19 21 22 23
1858 3112 8 7 11 15 16 19 21 22 23
2896 3358 8 7 11 15 16 19 21 22 25
3798 3668 8 7 11 15 17 18 22 23 24
4162 2350 8 7 11 15 17 18 22 24 25
4522 876 8 7 11 15 17 20 22 23 24
1910 4408 8 7 11 15 17 20 22 23 24
2422 3796 8 7 11 15 17 20 22 23 24
4582 2392 8 7 11 15 17 20 22 23 24
4452 4678 8 7 11 15 17 20 22 23 24
5106 1976 8 7 11 15 17 20 22 24 25
2482 3188 4 7 11 15 22
2438 2614 4 7 11 15 22
4566 4860 8 7 12 13 14 22 24 25 26
4548 4404 8 7 12 13 14 22 24 25 26
4548 5138 8 7 12 13 14 22 24 25 26
3024 1908 6 7 12 13 22 24 26
4620 4862 8 7 12 14 15 22 24 25 26
4618 1810 8 7 12 14 15 22 24 25 26
1740 2566 10 7 12 15 16 19 21 22 23 24 26
1722 5068 10 7 12 15 16 19 21 22 24 25 26
2574 4094 10 7 12 15 16 19 21 22 24 25 26
974 5122 10 7 12 15 16 19 21 22 24 25 26
3096 2056 6 7 12 15 22 24 26
4742 2068 8 7 13 14 15 17 24 25 26
4740 3746 8 7 13 14 15 17 24 25 26
4822 2920 8 7 13 14 15 17 24 25 26
3836 1996 10 7 13 14 17 20 22 23 24 25 26
3854 1746 10 7 13 14 17 20 22 23 24 25 26
3854 2488 10 7 13 14 17 20 22 23 24 25 26
4854 3266 6 7 13 14 17 24 25
3296 2968 6 7 13 14 17 24 25
3314 4404 6 7 13 14 17 24 25
3706 1090 6 7 13 14 22 25 26
3688 3304 6 7 13 14 22 25 26
1966 1654 10 7 13 15 16 17 19 21 23 24 26
1838 4674 10 7 13 15 16 17 19 21 24 25 26
2682 2010 10 7 13 15 16 17 19 21 24 25 26
3216 3128 6 7 13 15 17 24 26
2824 1142 8 7 13 16 17 19 21 23 24
2848 3846 8 7 13 16 17 19 21 24 25
3576 3180 8 7 13 16 17 19 21 24 25
3216 5068 8 7 13 16 19 21 22 23 26
3238 3020 8 7 13 16 19 21 22 25 26
3906 4382 8 7 13 17 18 22 23 24 26
3978 2414 8 7 13 17 18 22 24 25 26
3946 1806 8 7 13 17 18 22 24 25 26
4848 2282 8 7 13 17 20 22 23 24 26
5008 3262 8 7 13 17 20 22 23 24 26
2306 4640 8 7 13 17 20 22 23 24 26
4832 3380 8 7 13 17 20 22 24 25 26
4878 2614 8 7 13 17 20 22 24 25 26
2746 3852 4 7 13 17 24
2064 4758 4 7 13 17 24
3068 3594 4 7 13 22 26
1272 2642 4 7 13 22 26
2682 1736 10 7 14 15 16 17 19 21 23 24 25
2026 3082 10 7 14 15 16 17 19 21 23 24 25
3278 2684 10 7 14 15 16 17 19 21 23 24 25
2194 1742 10 7 14 15 16 19 21 22 23 25 26
3908 3610 10 7 14 15 17 20 22 23 24 25 26
3926 1534 10 7 14 15 17 20 22 23 24 25 26
3368 4590 6 7 14 15 17 24 25
3778 4618 6 7 14 15 22 25 26
3760 1904 6 7 14 15 22 25 26
4146 808 8 7 14 17 18 22 23 24 25
2546 4462 8 7 14 17 20 22 23 24 25
5128 5274 8 7 14 17 20 22 23 24 25
2868 2450 8 7 15 16 17 19 21 23 24
3798 3100 8 7 15 16 17 19 21 23 24
1538 3458 8 7 15 16 17 19 21 23 24
1566 2910 8 7 15 16 17 19 21 23 24
2838 3324 8 7 15 16 17 19 21 23 24
2882 2846 8 7 15 16 17 19 21 24 25
1520 4476 8 7 15 16 17 19 21 24 25
1450 2128 8 7 15 16 19 21 22 23 26
746 4488 8 7 15 16 19 21 22 23 26
4116 1976 8 7 15 16 19 21 22 23 26
1472 2540 8 7 15 16 19 21 22 23 26
4168 3874 8 7 15 16 19 21 22 23 26
1480 3228 8 7 15 16 19 21 22 23 26
3258 1012 8 7 15 16 19 21 22 23 26
3342 404 8 7 15 16 19 21 22 25 26
1480 4672 8 7 15 16 19 21 22 25 26
3244 5366 8 7 15 16 19 21 22 25 26
3252 2512 8 7 15 16 19 21 22 25 26
3976 2942 8 7 15 17 18 22 23 24 26
3706 3198 8 7 15 17 18 22 24 25 26
4990 3318 8 7 15 17 20 22 23 24 26
2378 2064 8 7 15 17 20 22 23 24 26
4360 3960 8 7 15 17 20 22 24 25 26
4406 2824 8 7 15 17 20 22 24 25 26
4960 2154 8 7 15 17 20 22 24 25 26
2134 2448 4 7 15 17 24
4464 4628 4 7 15 17 24
2320 4608 4 7 15 17 24
1324 5150 4 7 15 22 26
2590 1818 4 7 15 22 26
2620 2680 4 7 15 22 26
5198 4452 6 7 17 18 22 23 24
4690 3784 6 7 17 18 22 24 25
2644 3400 6 7 17 18 22 24 25
3600 2696 6 7 17 20 22 23 24
3606 1430 6 7 17 20 22 23 24
3582 3758 6 7 17 20 22 24 25
1426 2342 2 7 22
2054 3656 10 8 9 10 11 13 15 16 19 21 26
2934 4992 8 8 9 10 11 13 18 22 26
2824 3154 8 8 9 10 11 15 16 19 21
3872 2946 8 8 9 10 11 15 18 22 26
3400 1714 6 8 9 10 11 18 22
4960 3874 6 8 9 10 11 18 22
2172 1886 10 8 9 10 12 14 18 22 24 25 26
2998 3184 8 8 9 10 12 16 19 21 24
3144 4714 8 8 9 10 12 18 22 24 26
3254 3518 8 8 9 10 12 18 22 24 26
3032 3516 10 8 9 10 13 14 16 19 21 25 26
2288 3232 10 8 9 10 13 14 17 18 24 25 26
3250 2414 8 8 9 10 13 16 19 21 26
2598 2902 8 8 9 10 13 16 19 21 26
1234 5434 8 8 9 10 13 16 19 21 26
3666 1628 8 8 9 10 13 17 18 24 26
3188 2006 8 8 9 10 13 17 18 24 26
4306 3472 8 8 9 10 13 17 20 24 26
3048 1994 10 8 9 10 14 15 16 19 21 23 26
3222 2682 8 8 9 10 14 16 19 21 25
3374 4590 8 8 9 10 14 17 18 23 24
3262 2496 8 8 9 10 14 17 18 24 25
3418 4322 8 8 9 10 14 17 18 24 25
4988 2804 8 8 9 10 14 17 20 23 24
3766 1614 8 8 9 10 14 18 22 23 26
3648 3114 8 8 9 10 14 18 22 25 26
5374 1736 8 8 9 10 14 20 22 23 26
2662 3276 8 8 9 10 15 16 19 21 26
3164 3806 8 8 9 10 15 17 18 24 26
1488 5230 10 8 9 10 16 19 20 21 22 23 26
1766 2848 10 8 9 10 16 19 20 21 22 25 26
3440 4250 6 8 9 10 16 19 21
1674 3940 6 8 9 10 16 19 21
4408 3068 6 8 9 10 17 18 24
1864 3034 6 8 9 10 17 18 24
1886 4210 6 8 9 10 17 18 24
1912 3258 6 8 9 10 17 18 24
1808 4332 6 8 9 10 17 18 24
3804 2934 6 8 9 10 17 18 24
4500 1530 6 8 9 10 17 20 24
2386 3430 6 8 9 10 18 22 26
4074 2192 6 8 9 10 18 22 26
1820 2096 6 8 9 10 18 22 26
2206 5100 6 8 9 10 18 22 26
4772 1888 6 8 9 10 20 22 26
4018 2054 8 8 9 11 13 16 19 22 26
3740 4528 8 8 9 11 13 16 19 22 26
4678 3306 8 8 9 11 15 16 19 22 26
3250 2606 6 8 9 11 16 19 22
2856 1062 10 8 9 12 14 16 19 22 23 24 26
2880 3414 10 8 9 12 14 16 19 22 24 25 26
3950 4140 8 8 9 12 16 19 22 24 26
2978 4366 10 8 9 13 14 16 17 19 23 24 26
3000 2306 10 8 9 13 14 16 17 19 24 25 26
3000 942 10 8 9 13 14 16 17 19 24 25 26
3878 4822 10 8 9 13 14 16 17 19 24 25 26
1472 4410 8 8 9 13 16 17 19 24 26
1816 2156 8 8 9 13 16 17 19 24 26
4134 4850 8 8 9 13 16 17 19 24 26
2458 3000 8 8 9 14 16 17 19 23 24
1948 1976 8 8 9 14 16 17 19 23 24
5034 3398 8 8 9 14 16 17 19 23 24
4180 3814 8 8 9 14 16 17 19 23 24
4224 1776 8 8 9 14 16 17 19 24 25
4068 3294 8 8 9 14 16 17 19 24 25
1996 1478 8 8 9 14 16 19 22 23 26
2844 2574 8 8 9 14 16 19 22 23 26
4616 4378 8 8 9 14 16 19 22 25 26
4454 4492 8 8 9 14 16 19 22 25 26
4616 4780 8 8 9 14 16 19 22 25 26
3970 1702 8 8 9 15 16 17 19 24 26
2522 2856 10 8 9 16 17 19 20 22 23 24 26
2482 1144 10 8 9 16 17 19 20 22 23 24 26
4528 2840 6 8 9 16 17 19 24
2006 3216 6 8 9 16 17 19 24
786 3390 6 8 9 16 17 19 24
2692 2772 6 8 9 16 17 19 24
4632 4554 6 8 9 16 17 19 24
2614 3732 6 8 9 16 17 19 24
2276 4694 6 8 9 16 19 22 26
746 1100 6 8 9 16 19 22 26
2038 3112 10 8 10 11 12 13 18 22 24 25 26
2050 670 10 8 10 11 12 15 16 19 21 24 25
2860 3402 8 8 10 11 12 18 22 24 25
1052 2576 10 8 10 11 13 15 16 19 21 23 26
2296 4860 10 8 10 11 13 15 16 19 21 23 26
2088 2760 10 8 10 11 13 15 16 19 21 25 26
3262 4008 8 8 10 11 13 16 19 21 23
3258 1214 8 8 10 11 13 17 18 23 24
4356 4468 8 8 10 11 13 17 20 23 24
3650 1686 8 8 10 11 13 18 22 23 26
3834 3382 8 8 10 11 13 18 22 25 26
3242 4916 8 8 10 11 13 18 22 25 26
3126 3888 8 8 10 11 13 18 22 25 26
4628 3862 8 8 10 11 13 20 22 23 26
2622 1858 8 8 10 11 15 16 19 21 23
2622 4312 8 8 10 11 15 16 19 21 23
1820 3412 8 8 10 11 15 16 19 21 23
2740 400 8 8 10 11 15 16 19 21 23
2858 4318 8 8 10 11 15 16 19 21 25
3126 842 8 8 10 11 15 17 18 23 24
3884 2978 8 8 10 11 15 17 20 23 24
3396 4870 8 8 10 11 15 18 22 23 26
3902 4296 8 8 10 11 15 18 22 25 26
4156 4314 8 8 10 11 15 20 22 23 26
2316 4064 6 8 10 11 18 22 23
4916 4508 6 8 10 11 18 22 23
3598 4280 6 8 10 11 18 22 25
5156 2822 6 8 10 11 20 22 23
2062 5018 10 8 10 12 15 16 19 21 24 25 26
2092 1848 8 8 10 12 16 19 21 23 24
900 2562 8 8 10 12 16 19 21 24 25
2922 4218 8 8 10 12 16 19 21 24 25
3132 2652 8 8 10 12 18 22 23 24 26
1028 2976 8 8 10 12 18 22 24 25 26
1046 2762 8 8 10 12 18 22 24 25 26
3284 3646 8 8 10 12 18 22 24 25 26
3096 4232 8 8 10 12 18 22 24 25 26
4226 2624 8 8 10 12 20 22 24 25 26
2604 5040 8 8 10 13 16 19 21 23 26
972 3166 8 8 10 13 16 19 21 25 26
3254 3774 8 8 10 13 17 18 23 24 26
1144 5050 8 8 10 13 17 18 24 25 26
3638 1558 8 8 10 13 17 18 24 25 26
1162 4386 8 8 10 13 17 18 24 25 26
4336 2852 8 8 10 13 17 20 24 25 26
1614 3592 10 8 10 14 15 16 19 21 23 25 26
4218 5226 8 8 10 14 16 19 21 23 25
1846 3270 8 8 10 14 16 19 21 23 25
3404 2870 8 8 10 14 17 18 23 24 25
3422 2620 8 8 10 14 17 18 23 24 25
5018 968 8 8 10 14 17 20 23 24 25
3814 2954 8 8 10 14 18 22 23 25 26
3796 814 8 8 10 14 18 22 23 25 26
5402 1648 8 8 10 14 20 22 23 25 26
1834 4650 8 8 10 15 16 19 21 23 26
2668 2280 8 8 10 15 16 19 21 23 26
2690 1016 8 8 10 15 16 19 21 25 26
3194 5402 8 8 10 15 17 18 24 25 26
1518 3764 10 8 10 16 19 20 21 22 23 25 26
1758 3834 10 8 10 16 19 20 21 22 23 25 26
1860 4568 6 8 10 16 19 21 23
1226 1226 6 8 10 16 19 21 23
670 5092 6 8 10 16 19 21 23
1860 2096 6 8 10 16 19 21 23
3638 3788 6 8 10 16 19 21 25
1248 4938 6 8 10 16 19 21 25
1746 2546 10 8 10 17 18 20 22 23 24 25 26
2196 2972 6 8 10 17 18 23 24
4842 2574 6 8 10 17 18 23 24
1874 2788 6 8 10 17 18 23 24
826 3956 6 8 10 17 18 24 25
1920 4462 6 8 10 17 18 24 25
2118 4290 6 8 10 17 18 24 25
4194 1480 6 8 10 17 18 24 25
1838 4084 6 8 10 17 18 24 25
2954 2470 6 8 10 17 20 23 24
4692 4048 6 8 10 17 20 24 25
2272 4632 6 8 10 18 22 23 26
5068 1518 6 8 10 18 22 23 26
4870 3118 6 8 10 18 22 23 26
2314 3242 6 8 10 18 22 25 26
2318 2512 6 8 10 18 22 25 26
1856 3116 6 8 10 18 22 25 26
786 3272 6 8 10 18 22 25 26
4364 4774 6 8 10 18 22 25 26
2236 2016 6 8 10 18 22 25 26
3232 4386 6 8 10 20 22 23 26
4964 4124 6 8 10 20 22 25 26
792 1702 2 8 10
2820 858 10 8 11 12 13 16 19 22 23 24 26
2842 3936 10 8 11 12 13 16 19 22 24 25 26
4098 2446 8 8 11 12 16 19 22 23 24
3666 3678 8 8 11 12 16 19 22 24 25
3502 5374 10 8 11 13 14 16 19 22 23 25 26
2972 4782 10 8 11 13 15 16 17 19 23 24 26
4064 4128 8 8 11 13 16 17 19 23 24
4404 1500 8 8 11 13 16 17 19 23 24
2160 2990 8 8 11 13 16 19 22 23 26
4456 3798 8 8 11 13 16 19 22 23 26
1960 4018 8 8 11 13 16 19 22 23 26
4536 3784 8 8 11 13 16 19 22 23 26
3932 3554 8 8 11 13 16 19 22 25 26
3632 1888 10 8 11 14 15 16 19 22 23 25 26
4780 3632 8 8 11 14 16 19 22 23 25
3930 2716 8 8 11 15 16 17 19 23 24
4528 4748 8 8 11 15 16 19 22 23 26
4202 4446 8 8 11 15 16 19 22 23 26
4708 1952 8 8 11 15 16 19 22 25 26
2626 4568 6 8 11 16 19 22 23
5202 1626 6 8 11 16 19 22 23
4404 4438 6 8 11 16 19 22 25
2886 876 10 8 12 14 16 19 22 23 24 25 26
2886 2860 10 8 12 14 16 19 22 23 24 25 26
2904 2352 10 8 12 14 16 19 22 23 24 25 26
1362 4858 8 8 12 16 19 22 23 24 26
3938 1696 8 8 12 16 19 22 23 24 26
3962 5252 8 8 12 16 19 22 24 25 26
4312 4122 8 8 12 16 19 22 24 25 26
1384 3318 8 8 12 16 19 22 24 25 26
3008 4714 10 8 13 14 16 17 19 23 24 25 26
3026 1480 10 8 13 14 16 17 19 23 24 25 26
1478 2842 8 8 13 16 17 19 23 24 26
4082 4208 8 8 13 16 17 19 23 24 26
1500 2418 8 8 13 16 17 19 24 25 26
1846 2630 8 8 13 16 17 19 24 25 26
4104 5178 8 8 13 16 17 19 24 25 26
3128 4882 10 8 14 15 16 17 19 23 24 25 26
2488 4314 8 8 14 16 17 19 23 24 25
1646 3478 8 8 14 16 17 19 23 24 25
1672 4368 8 8 14 16 17 19 23 24 25
5108 3796 8 8 14 16 17 19 23 24 25
4254 830 8 8 14 16 17 19 23 24 25
4602 3896 8 8 14 16 19 22 23 25 26
4744 4374 8 8 14 16 19 22 23 25 26
2026 2910 8 8 14 16 19 22 23 25 26
2146 4422 8 8 14 16 19 22 23 25 26
4180 2254 8 8 15 16 17 19 23 24 26
4000 3044 8 8 15 16 17 19 24 25 26
1858 4368 10 8 16 17 18 19 22 23 24 25 26
2512 2296 10 8 16 17 19 20 22 23 24 25 26
2680 2616 6 8 16 17 19 23 24
2680 1808 6 8 16 17 19 23 24
822 2252 6 8 16 17 19 23 24
804 2902 6 8 16 17 19 23 24
2748 1992 6 8 16 17 19 24 25
2204 3576 6 8 16 17 19 24 25
786 4996 6 8 16 17 19 24 25
4824 3538 6 8 16 17 19 24 25
778 1668 6 8 16 19 22 23 26
3078 3562 6 8 16 19 22 23 26
3100 4222 6 8 16 19 22 23 26
764 1284 6 8 16 19 22 23 26
746 1828 6 8 16 19 22 25 26
3118 2208 6 8 16 19 22 25 26
2470 4216 10 9 10 11 12 13 15 18 21 24 26
2942 3568 8 9 10 11 12 15 18 21 24
2938 4484 8 9 10 11 13 15 18 21 26
1828 4516 8 9 10 11 13 15 18 21 26
3114 4674 8 9 10 11 13 15 18 21 26
3636 4258 8 9 10 11 13 15 20 21 26
3652 3410 8 9 10 11 14 15 18 21 23
1784 4134 10 9 10 11 15 17 18 20 21 23 24
1996 3958 10 9 10 11 15 18 20 21 22 23 26
2598 4130 6 9 10 11 15 18 21
4468 5134 6 9 10 11 15 18 21
2996 3750 6 9 10 11 15 18 21
3654 2618 6 9 10 11 15 20 21
5406 2424 6 9 10 11 15 20 21
3518 5496 8 9 10 12 13 20 21 24 26
3150 4338 10 9 10 12 14 15 18 21 24 25 26
4418 3388 8 9 10 12 14 18 21 24 25
3678 4484 8 9 10 12 15 18 21 24 26
3800 3418 6 9 10 12 18 21 24
2060 1766 6 9 10 12 18 21 24
4848 5242 6 9 10 12 20 21 24
4738 1860 6 9 10 12 20 21 24
4612 3330 8 9 10 13 14 18 21 25 26
4198 2438 8 9 10 13 14 20 21 23 26
4198 4252 8 9 10 13 14 20 21 25 26
4180 2236 8 9 10 13 14 20 21 25 26
2130 1800 10 9 10 13 17 18 20 21 24 25 26
2252 4460 6 9 10 13 18 21 26
4236 900 6 9 10 13 18 21 26
2392 2406 6 9 10 13 18 21 26
5252 2920 6 9 10 13 20 21 26
2656 1440 6 9 10 13 20 21 26
4688 1834 8 9 10 14 15 18 21 23 26
3326 5406 8 9 10 14 15 18 21 25 26
4260 1516 8 9 10 14 15 20 21 23 26
4264 2366 8 9 10 14 15 20 21 25 26
5080 3520 6 9 10 14 18 21 25
4882 4872 6 9 10 14 18 21 25
2622 3000 6 9 10 14 18 21 25
2112 2922 10 9 10 15 17 18 20 21 24 25 26
4346 5352 6 9 10 15 18 21 26
1776 2962 6 9 10 15 18 21 26
2720 3712 6 9 10 15 20 21 26
5354 4330 6 9 10 15 20 21 26
2682 4040 8 9 10 17 18 20 21 23 24
2786 1054 8 9 10 17 18 20 21 23 24
2570 3608 8 9 10 17 18 20 21 24 25
3058 1836 8 9 10 17 18 20 21 24 25
3068 1546 8 9 10 18 20 21 22 23 26
2536 2026 8 9 10 18 20 21 22 25 26
2530 1634 8 9 10 18 20 21 22 25 26
2524 2754 4 9 10 18 21
1448 3898 4 9 10 18 21
2566 3868 4 9 10 18 21
3220 4620 4 9 10 20 21
4338 3050 10 9 11 12 13 14 20 22 23 24 26
3276 4850 10 9 11 12 13 15 16 19 21 24 26
4528 5068 8 9 11 12 13 18 22 24 26
5472 3550 8 9 11 12 13 20 22 24 26
4410 4262 10 9 11 12 14 15 20 22 23 24 26
3748 4766 8 9 11 12 15 16 19 21 24
5444 5530 6 9 11 12 18 22 24
4268 4320 10 9 11 13 14 15 16 19 21 23 26
4532 5100 10 9 11 13 14 15 17 20 23 24 26
4680 2008 8 9 11 13 14 17 18 23 24
3080 746 8 9 11 13 14 17 20 23 24
5072 3868 8 9 11 13 14 18 22 23 26
5212 3574 8 9 11 13 14 18 22 25 26
3472 4254 8 9 11 13 14 20 22 23 26
1788 1516 8 9 11 13 15 16 19 21 26
3722 4180 8 9 11 13 15 16 19 21 26
2118 3494 8 9 11 13 15 16 19 21 26
4520 4284 8 9 11 13 15 17 18 24 26
4742 3194 8 9 11 13 15 17 18 24 26
4680 4782 8 9 11 13 15 17 18 24 26
5174 1976 8 9 11 13 15 17 20 24 26
2374 1620 10 9 11 13 16 17 19 20 21 23 24
2760 3556 10 9 11 13 16 19 20 21 22 23 26
3534 1538 6 9 11 13 17 18 24
4250 3322 6 9 11 13 17 20 24
2836 2630 6 9 11 13 18 22 26
3730 3246 6 9 11 13 18 22 26
3490 5212 6 9 11 13 20 22 26
4606 3462 6 9 11 13 20 22 26
4668 2288 6 9 11 13 20 22 26
4458 1158 8 9 11 14 15 16 19 21 23
4752 5062 8 9 11 14 15 17 18 23 24
3154 1746 8 9 11 14 15 17 20 23 24
5144 5144 8 9 11 14 15 18 22 23 26
5342 2534 8 9 11 14 15 18 22 25 26
3546 3042 8 9 11 14 15 20 22 23 26
4850 4716 6 9 11 14 20 22 23
1666 1770 10 9 11 15 16 17 18 19 21 23 24
1976 3056 10 9 11 15 16 17 19 20 21 23 24
2000 3166 10 9 11 15 16 17 19 20 21 23 24
972 3564 10 9 11 15 16 17 19 20 21 23 24
2058 2886 10 9 11 15 16 18 19 21 22 23 26
2238 1800 10 9 11 15 16 19 20 21 22 23 26
932 3256 10 9 11 15 16 19 20 21 22 23 26
2286 3234 10 9 11 15 16 19 20 21 22 23 26
3042 2238 10 9 11 15 16 19 20 21 22 23 26
4212 1596 6 9 11 15 16 19 21
2558 4916 6 9 11 15 16 19 21
3604 5028 6 9 11 15 17 18 24
4322 4708 6 9 11 15 17 20 24
3776 2844 6 9 11 15 18 22 26
4714 4718 6 9 11 15 20 22 26
3370 5326 8 9 11 17 18 20 22 23 24
2896 3414 4 9 11 18 22
4888 5236 4 9 11 18 22
3554 2502 4 9 11 20 22
3956 1568 10 9 12 14 15 16 19 21 24 25 26
5224 2234 8 9 12 14 16 19 21 24 25
4554 2430 8 9 12 14 18 22 23 24 26
4596 1330 8 9 12 14 18 22 24 25 26
2980 3706 8 9 12 14 18 22 24 25 26
4516 3648 8 9 12 14 18 22 24 25 26
4612 1954 8 9 12 14 18 22 24 25 26
4594 4364 8 9 12 14 18 22 24 25 26
2000 836 8 9 12 14 18 22 24 25 26
2954 4230 8 9 12 14 20 22 23 24 26
2938 674 8 9 12 14 20 22 24 25 26
4144 2048 4 9 12 14 24
4484 3756 8 9 12 15 16 19 21 24 26
1552 1456 10 9 12 16 18 19 21 22 24 25 26
2512 5366 10 9 12 16 19 20 21 22 23 24 26
2358 1646 10 9 12 16 19 20 21 22 24 25 26
2866 4588 6 9 12 16 19 21 24
3070 3826 6 9 12 18 22 24 26
4008 3868 6 9 12 20 22 24 26
2894 1734 8 9 13 14 16 19 21 25 26
4674 3638 8 9 13 14 17 18 23 24 26
4638 1326 8 9 13 14 17 18 24 25 26
2976 3998 8 9 13 14 17 18 24 25 26
4716 1442 8 9 13 14 17 18 24 25 26
4638 5068 8 9 13 14 17 18 24 25 26
2116 2992 8 9 13 14 17 18 24 25 26
3076 1898 8 9 13 14 17 20 23 24 26
3060 442 8 9 13 14 17 20 24 25 26
3104 3072 8 9 13 14 17 20 24 25 26
3060 2684 8 9 13 14 17 20 24 25 26
1814 1448 4 9 13 14 26
1672 3498 10 9 13 16 17 18 19 21 24 25 26
2594 3464 10 9 13 16 17 19 20 21 23 24 26
2352 4448 10 9 13 16 17 19 20 21 24 25 26
2616 2172 10 9 13 16 17 19 20 21 24 25 26
3118 1694 6 9 13 16 19 21 26
3198 4854 6 9 13 16 19 21 26
968 5100 6 9 13 16 19 21 26
3434 2544 6 9 13 17 18 24 26
3108 3412 6 9 13 17 18 24 26
3248 1254 6 9 13 17 18 24 26
1682 4272 6 9 13 17 20 24 26
4130 2172 6 9 13 17 20 24 26
1644 2482 12 9 14 15 16 17 19 20 21 23 24 25 26
2916 4074 8 9 14 15 16 19 21 23 26
4526 2854 8 9 14 15 16 19 21 25 26
5048 3306 8 9 14 15 16 19 21 25 26
4820 4592 8 9 14 15 17 18 24 25 26
4820 4396 8 9 14 15 17 18 24 25 26
4838 4448 8 9 14 15 17 18 24 25 26
3968 3640 4 9 14 15 26
2016 2748 10 9 14 16 17 18 19 21 23 24 25
3330 3498 10 9 14 16 17 19 20 21 23 24 25
2784 2896 10 9 14 16 17 19 20 21 23 24 25
2744 4202 10 9 14 16 17 19 20 21 23 24 25
2192 2346 10 9 14 16 18 19 21 22 23 25 26
3136 1554 10 9 14 16 19 20 21 22 23 25 26
3194 4678 10 9 14 16 19 20 21 22 23 25 26
3716 3156 10 9 14 16 19 20 21 22 23 25 26
3090 3748 6 9 14 16 19 21 25
3796 4030 10 9 14 17 18 20 22 23 24 25 26
3296 5324 6 9 14 17 18 23 24
3170 3038 6 9 14 17 18 24 25
3382 1972 6 9 14 17 18 24 25
1702 4470 6 9 14 17 20 23 24
4876 1324 6 9 14 17 20 23 24
3824 2972 6 9 14 17 20 24 25
3694 1610 6 9 14 18 22 23 26
3556 3760 6 9 14 18 22 25 26
3718 4216 6 9 14 18 22 25 26
2094 2992 6 9 14 20 22 23 26
2634 2916 6 9 14 20 22 23 26
4674 4610 6 9 14 20 22 25 26
4210 2262 6 9 14 20 22 25 26
4674 2984 6 9 14 20 22 25 26
2172 3138 2 9 14
1712 3582 10 9 15 16 17 18 19 21 23 24 26
1736 1348 10 9 15 16 17 18 19 21 24 25 26
2670 4712 10 9 15 16 17 19 20 21 23 24 26
2594 4168 10 9 15 16 17 19 20 21 23 24 26
2680 2602 10 9 15 16 17 19 20 21 24 25 26
2570 2156 6 9 15 16 19 21 26
4872 5104 6 9 15 16 19 21 26
3066 3926 6 9 15 17 18 24 26
3720 2088 6 9 15 17 20 24 26
2854 4666 8 9 16 17 18 19 21 23 24
2852 3706 8 9 16 17 18 19 21 23 24
2894 2038 8 9 16 17 18 19 21 24 25
852 4224 8 9 16 17 18 19 21 24 25
1886 1994 8 9 16 17 18 19 21 24 25
972 5172 8 9 16 17 19 20 21 23 24
1254 3214 8 9 16 17 19 20 21 23 24
3488 2418 8 9 16 17 19 20 21 23 24
3548 2886 8 9 16 17 19 20 21 23 24
1510 774 8 9 16 17 19 20 21 24 25
2540 4682 8 9 16 17 19 20 21 24 25
3760 3310 8 9 16 17 19 20 21 24 25
3820 1302 8 9 16 17 19 20 21 24 25
3240 2750 8 9 16 18 19 21 22 23 26
2272 1612 8 9 16 18 19 21 22 25 26
814 4900 8 9 16 18 19 21 22 25 26
3956 1108 8 9 16 19 20 21 22 23 26
4246 3528 8 9 16 19 20 21 22 23 26
3894 3744 8 9 16 19 20 21 22 23 26
1358 1822 8 9 16 19 20 21 22 23 26
2926 1712 8 9 16 19 20 21 22 25 26
3114 4216 8 9 16 19 20 21 22 25 26
1628 812 8 9 16 19 20 21 22 25 26
1408 4650 4 9 16 19 21
4162 4198 8 9 17 18 20 22 23 24 26
4142 3446 8 9 17 18 20 22 23 24 26
3194 3128 8 9 17 18 20 22 24 25 26
3358 1994 8 9 17 18 20 22 24 25 26
1480 844 4 9 17 18 24
3728 3062 4 9 17 18 24
1734 3912 4 9 17 18 24
1838 3008 4 9 17 18 24
1100 4476 4 9 17 20 24
4726 5338 4 9 18 22 26
1436 3126 4 9 18 22 26
2204 3730 4 9 18 22 26
3148 1444 4 9 20 22 26
1062 2336 4 9 20 22 26
1054 1902 10 10 11 12 13 15 18 21 24 25 26
2392 1858 10 10 11 12 13 15 18 21 24 25 26
2418 1206 10 10 11 12 13 15 20 21 23 24 26
2400 904 10 10 11 12 13 15 20 21 24 25 26
3568 5106 8 10 11 12 13 20 21 23 24
3112 4628 10 10 11 12 14 15 18 21 23 24 25
1824 2762 8 10 11 12 15 18 21 24 25
2908 2104 8 10 11 12 15 18 21 24 25
2866 4820 8 10 11 12 15 18 21 24 25
2742 4378 8 10 11 12 15 18 21 24 25
3638 3828 8 10 11 12 15 20 21 23 24
3562 3814 8 10 11 12 15 20 21 24 25
3492 3620 10 10 11 13 14 15 18 21 23 25 26
3092 4032 10 10 11 13 14 15 20 21 23 25 26
3100 4978 10 10 11 13 14 15 20 21 23 25 26
4682 4676 8 10 11 13 14 18 21 23 25
4250 1736 8 10 11 13 14 20 21 23 25
4232 3994 8 10 11 13 14 20 21 23 25
1850 3174 8 10 11 13 15 18 21 23 26
3936 2868 8 10 11 13 15 18 21 23 26
3156 4062 8 10 11 13 15 18 21 23 26
3164 3114 8 10 11 13 15 18 21 25 26
1862 1000 8 10 11 13 15 18 21 25 26
3132 3052 8 10 11 13 15 18 21 25 26
3050 2478 8 10 11 13 15 18 21 25 26
4094 2984 8 10 11 13 15 20 21 23 26
2096 3148 8 10 11 13 15 20 21 23 26
1558 1554 8 10 11 13 15 20 21 23 26
4144 4024 8 10 11 13 15 20 21 23 26
4156 4630 8 10 11 13 15 20 21 23 26
3828 1970 8 10 11 13 15 20 21 25 26
1964 4552 10 10 11 13 17 18 20 21 23 24 25
1982 5384 10 10 11 13 18 20 21 22 23 25 26
2324 2682 6 10 11 13 18 21 23
4922 4076 6 10 11 13 18 21 23
3082 2360 6 10 11 13 20 21 23
2708 1596 6 10 11 13 20 21 23
3844 4682 8 10 11 14 15 18 21 23 25
4304 3608 8 10 11 14 15 20 21 23 25
4962 4704 8 10 11 14 15 20 21 23 25
1012 3794 10 10 11 15 17 18 20 21 23 24 25
1896 3134 10 10 11 15 17 18 20 21 23 24 25
1904 1476 10 10 11 15 17 18 20 21 23 24 25
2096 4338 10 10 11 15 17 18 20 21 23 24 25
972 1858 10 10 11 15 18 20 21 22 23 25 26
1976 2922 10 10 11 15 18 20 21 22 23 25 26
2226 2616 10 10 11 15 18 20 21 22 23 25 26
2324 3854 10 10 11 15 18 20 21 22 23 25 26
1736 4408 6 10 11 15 18 21 23
4378 2624 6 10 11 15 18 21 23
4350 2282 6 10 11 15 18 21 23
4458 4954 6 10 11 15 18 21 23
1956 5340 6 10 11 15 18 21 23
3604 2118 6 10 11 15 18 21 25
2632 4016 6 10 11 15 18 21 25
5378 1364 6 10 11 15 20 21 23
2680 2824 6 10 11 15 20 21 23
978 4282 6 10 11 15 20 21 23
2750 2496 6 10 11 15 20 21 23
2562 4284 6 10 11 15 20 21 23
5288 3048 6 10 11 15 20 21 23
4300 3594 6 10 11 15 20 21 25
3456 3760 8 10 11 18 20 21 22 23 25
2608 2100 8 10 12 13 18 21 24 25 26
3564 4104 8 10 12 13 20 21 23 24 26
3546 3712 8 10 12 13 20 21 24 25 26
2574 1620 10 10 12 14 15 20 21 23 24 25 26
3714 3648 8 10 12 14 20 21 23 24 25
2672 2446 8 10 12 15 18 21 24 25 26
1836 1210 8 10 12 15 18 21 24 25 26
3626 5396 8 10 12 15 20 21 23 24 26
3610 2172 8 10 12 15 20 21 24 25 26
1736 4212 10 10 12 18 20 21 22 23 24 25 26
3788 1658 6 10 12 18 21 23 24
1984 4494 6 10 12 18 21 24 25
674 4828 6 10 12 18 21 24 25
2182 3946 6 10 12 18 21 24 25
4730 4458 6 10 12 18 21 24 25
3940 3144 6 10 12 18 21 24 25
4726 2524 6 10 12 20 21 23 24
2190 3000 6 10 12 20 21 23 24
2172 1518 6 10 12 20 21 24 25
4226 2642 8 10 13 14 20 21 23 25 26
4226 2684 8 10 13 14 20 21 23 25 26
1856 1472 10 10 13 17 18 20 21 23 24 25 26
4302 1722 6 10 13 18 21 23 26
746 2226 6 10 13 18 21 25 26
2364 3072 6 10 13 18 21 25 26
5064 3554 6 10 13 18 21 25 26
4938 4214 6 10 13 18 21 25 26
1742 3550 6 10 13 18 21 25 26
2704 5444 6 10 13 20 21 23 26
3062 4356 6 10 13 20 21 25 26
2686 3254 6 10 13 20 21 25 26
3312 2038 8 10 14 15 18 21 23 25 26
1714 1786 8 10 14 15 20 21 23 25 26
4348 2744 8 10 14 15 20 21 23 25 26
4290 3712 8 10 14 15 20 21 23 25 26
3280 4500 6 10 14 18 21 23 25
2854 2992 6 10 14 20 21 23 25
2872 3104 6 10 14 20 21 23 25
2158 1458 10 10 15 17 18 20 21 23 24 25 26
2632 3870 6 10 15 18 21 23 26
5144 2182 6 10 15 18 21 23 26
1806 3894 6 10 15 18 21 25 26
4410 2656 6 10 15 18 21 25 26
2024 2066 6 10 15 18 21 25 26
4328 4988 6 10 15 18 21 25 26
3304 3476 6 10 15 20 21 23 26
2766 4402 6 10 15 20 21 23 26
2748 3902 6 10 15 20 21 25 26
5384 3448 6 10 15 20 21 25 26
3000 2134 8 10 17 18 20 21 23 24 25
1000 5366 8 10 17 18 20 21 23 24 25
2836 3984 8 10 17 18 20 21 23 24 25
1002 1788 8 10 17 18 20 21 23 24 25
960 3880 8 10 18 20 21 22 23 25 26
962 4820 8 10 18 20 21 22 23 25 26
3412 2032 8 10 18 20 21 22 23 25 26
3520 4884 4 10 18 21 23
1470 1956 4 10 18 21 23
2964 1740 4 10 18 21 25
2968 3836 4 10 18 21 25
2716 4256 4 10 18 21 25
858 1984 4 10 18 21 25
1680 1534 4 10 20 21 23
1330 2056 4 10 20 21 23
3414 3022 4 10 20 21 25
1516 1282 4 10 20 21 25
4368 3126 10 11 12 13 14 20 22 23 24 25 26
4368 3530 10 11 12 13 14 20 22 23 24 25 26
4448 690 10 11 12 13 14 20 22 23 24 25 26
1014 4978 10 11 12 13 15 16 19 21 24 25 26
3206 2192 10 11 12 13 15 16 19 21 24 25 26
4438 5076 8 11 12 13 18 22 23 24 26
4558 1962 8 11 12 13 18 22 24 25 26
4616 4464 8 11 12 13 18 22 24 25 26
5000 2572 8 11 12 13 18 22 24 25 26
1964 5452 8 11 12 13 18 22 24 25 26
4576 4636 8 11 12 13 18 22 24 25 26
2918 5488 8 11 12 13 20 22 23 24 26
2838 3456 8 11 12 13 20 22 23 24 26
5460 3040 8 11 12 13 20 22 23 24 26
2902 3476 8 11 12 13 20 22 24 25 26
3918 3948 10 11 12 14 15 16 19 21 23 24 25
4440 1966 10 11 12 14 15 20 22 23 24 25 26
4438 1012 10 11 12 14 15 20 22 23 24 25 26
4628 960 8 11 12 14 18 22 23 24 25
3648 5360 8 11 12 15 16 19 21 24 25
1784 1736 8 11 12 15 16 19 21 24 25
3678 4242 8 11 12 15 16 19 21 24 25
4508 2804 8 11 12 15 18 22 23 24 26
4646 2356 8 11 12 15 18 22 24 25 26
2910 3142 8 11 12 15 20 22 23 24 26
2762 2698 6 11 12 18 22 24 25
4198 4226 6 11 12 20 22 23 24
3418 3324 6 11 12 20 22 24 25
4298 2016 10 11 13 14 15 16 19 21 23 25 26
4562 2862 10 11 13 14 15 17 20 23 24 25 26
4560 2712 10 11 13 14 15 17 20 23 24 25 26
4618 2158 10 11 13 14 15 17 20 23 24 25 26
4610 3470 10 11 13 14 15 17 20 23 24 25 26
4708 4728 8 11 13 14 17 18 23 24 25
3110 4042 8 11 13 14 17 20 23 24 25
3154 1862 8 11 13 14 17 20 23 24 25
5100 4650 8 11 13 14 18 22 23 25 26
5140 5238 8 11 13 14 18 22 23 25 26
3662 3314 8 11 13 14 20 22 23 25 26
3502 3088 8 11 13 14 20 22 23 25 26
4406 2634 4 11 13 14 23
2142 3028 8 11 13 15 16 19 21 23 26
2142 3764 8 11 13 15 16 19 21 23 26
4748 3112 8 11 13 15 16 19 21 23 26
4748 4060 8 11 13 15 16 19 21 23 26
786 4526 8 11 13 15 16 19 21 23 26
4060 2004 8 11 13 15 16 19 21 25 26
1822 3900 8 11 13 15 16 19 21 25 26
1856 3662 8 11 13 15 16 19 21 25 26
3994 2996 8 11 13 15 16 19 21 25 26
4630 2904 8 11 13 15 17 18 23 24 26
5092 2062 8 11 13 15 17 18 24 25 26
4550 3954 8 11 13 15 17 18 24 25 26
3030 1990 8 11 13 15 17 20 23 24 26
5204 2590 8 11 13 15 17 20 24 25 26
1364 3068 4 11 13 15 26
2402 2402 10 11 13 16 17 19 20 21 23 24 25
2156 5286 10 11 13 16 18 19 21 22 23 25 26
2788 3096 10 11 13 16 19 20 21 22 23 25 26
3098 3506 10 11 13 16 19 20 21 22 23 25 26
3130 3872 6 11 13 16 19 21 23
3112 4194 10 11 13 17 18 20 22 23 24 25 26
3050 5204 10 11 13 17 18 20 22 23 24 25 26
3178 4986 6 11 13 17 18 23 24
4122 4768 6 11 13 17 20 23 24
4206 3900 6 11 13 17 20 23 24
1586 1600 6 11 13 17 20 23 24
3776 3456 6 11 13 18 22 23 26
3576 3428 6 11 13 18 22 23 26
3698 2656 6 11 13 18 22 25 26
3034 3468 6 11 13 18 22 25 26
1978 3778 6 11 13 20 22 23 26
1894 3502 6 11 13 20 22 23 26
4514 5000 6 11 13 20 22 23 26
3688 2888 6 11 13 20 22 25 26
3798 4320 6 11 13 20 22 25 26
2082 4346 2 11 13
4650 4686 8 11 14 15 16 19 21 23 25
4782 2062 8 11 14 15 17 18 23 24 25
3208 3222 8 11 14 15 17 20 23 24 25
3182 4832 8 11 14 15 17 20 23 24 25
5174 1814 8 11 14 15 18 22 23 25 26
5192 2570 8 11 14 15 18 22 23 25 26
3574 3996 8 11 14 15 20 22 23 25 26
3594 2494 8 11 14 15 20 22 23 25 26
3928 888 4 11 14 15 23
4878 1798 6 11 14 20 22 23 25
1696 5010 10 11 15 16 17 18 19 21 23 24 25
2698 4388 10 11 15 16 17 19 20 21 23 24 25
1976 5238 10 11 15 16 17 19 20 21 23 24 25
972 4020 10 11 15 16 17 19 20 21 23 24 25
2088 1592 10 11 15 16 18 19 21 22 23 25 26
3072 4618 10 11 15 16 19 20 21 22 23 25 26
2138 2512 10 11 15 16 19 20 21 22 23 25 26
932 5366 10 11 15 16 19 20 21 22 23 25 26
2630 2794 6 11 15 16 19 21 23
2608 3184 6 11 15 16 19 21 23
1554 4082 6 11 15 16 19 21 23
2592 3254 6 11 15 16 19 21 25
4388 4402 6 11 15 16 19 21 25
2578 3074 10 11 15 17 18 20 22 23 24 25 26
3028 4582 6 11 15 17 18 23 24
3682 1912 6 11 15 17 20 23 24
1576 3902 6 11 15 17 20 23 24
3304 1460 6 11 15 18 22 23 26
3828 1996 6 11 15 18 22 25 26
2048 4496 6 11 15 20 22 23 26
1534 3126 6 11 15 20 22 23 26
3958 2468 6 11 15 20 22 23 26
4766 2656 6 11 15 20 22 25 26
2134 2822 2 11 15
3318 2662 8 11 16 18 19 21 22 23 25
2804 4128 8 11 16 18 19 21 22 23 25
3458 4204 8 11 16 19 20 21 22 23 25
3562 1982 8 11 17 18 20 22 23 24 25
2238 4198 4 11 18 22 23
3502 2140 4 11 18 22 25
878 2508 4 11 20 22 23
2418 2564 4 11 20 22 23
4156 3354 4 11 20 22 25
4582 4156 8 12 14 18 22 23 24 25 26
2984 2006 8 12 14 20 22 23 24 25 26
2984 3052 8 12 14 20 22 23 24 25 26
3112 2072 8 12 14 20 22 23 24 25 26
1462 1784 4 12 14 24 25
4406 2744 8 12 15 16 19 21 24 25 26
1808 4522 8 12 15 16 19 21 24 25 26
1558 1472 10 12 16 18 19 21 22 23 24 25 26
2502 4638 10 12 16 19 20 21 22 23 24 25 26
2502 4444 10 12 16 19 20 21 22 23 24 25 26
634 1100 6 12 16 19 21 24 25
2768 3108 6 12 16 19 21 24 25
3058 2784 6 12 18 22 23 24 26
3022 4876 6 12 18 22 24 25 26
838 5030 6 12 18 22 24 25 26
3534 1616 6 12 18 22 24 25 26
646 1482 6 12 18 22 24 25 26
1460 3304 6 12 20 22 23 24 26
1492 3574 6 12 20 22 24 25 26
4140 3470 6 12 20 22 24 25 26
1444 2238 6 12 20 22 24 25 26
234 3568 2 12 24
4704 3064 8 13 14 17 18 23 24 25 26
4704 3754 8 13 14 17 18 23 24 25 26
3106 2922 8 13 14 17 20 23 24 25 26
3106 4850 8 13 14 17 20 23 24 25 26
3150 4630 8 13 14 17 20 23 24 25 26
1842 2094 4 13 14 25 26
1678 3780 10 13 16 17 18 19 21 23 24 25 26
2662 4144 10 13 16 17 19 20 21 23 24 25 26
2622 4780 10 13 16 17 19 20 21 23 24 25 26
706 4450 6 13 16 19 21 25 26
3174 814 6 13 17 18 23 24 26
760 3164 6 13 17 18 24 25 26
3216 3756 6 13 17 18 24 25 26
942 2842 6 13 17 18 24 25 26
1582 5472 6 13 17 20 23 24 26
4222 4406 6 13 17 20 24 25 26
1564 2908 6 13 17 20 24 25 26
1596 3568 6 13 17 20 24 25 26
412 3534 2 13 26
2946 1940 8 14 15 16 19 21 23 25 26
4824 1810 8 14 15 17 18 23 24 25 26
3226 3396 8 14 15 17 20 23 24 25 26
3998 836 4 14 15 25 26
1580 3826 6 14 16 19 21 23 25
3324 3284 6 14 17 18 23 24 25
3368 4420 6 14 17 18 23 24 25
1732 1434 6 14 17 20 23 24 25
1776 2788 6 14 17 20 23 24 25
1750 4328 6 14 17 20 23 24 25
4286 1622 6 14 17 20 23 24 25
3722 1766 6 14 18 22 23 25 26
3740 4608 6 14 18 22 23 25 26
4700 4680 6 14 20 22 23 25 26
2142 2686 6 14 20 22 23 25 26
2124 3374 6 14 20 22 23 25 26
4678 4916 6 14 20 22 23 25 26
3004 3162 2 14 23
2206 3202 2 14 25
1742 5004 10 15 16 17 18 19 21 23 24 25 26
2624 5308 10 15 16 17 19 20 21 23 24 25 26
3350 3656 6 15 16 19 21 23 26
1568 3388 6 15 16 19 21 23 26
5324 1894 6 15 16 19 21 25 26
2606 2682 6 15 16 19 21 25 26
3096 3940 6 15 17 18 24 25 26
4280 5016 6 15 17 20 23 24 26
3750 2582 6 15 17 20 24 25 26
2146 3232 2 15 26
3184 3916 8 16 17 18 19 21 23 24 25
2822 1814 8 16 17 18 19 21 23 24 25
2882 3382 8 16 17 18 19 21 23 24 25
870 4264 8 16 17 18 19 21 23 24 25
888 5072 8 16 17 18 19 21 23 24 25
1284 4034 8 16 17 19 20 21 23 24 25
1528 4162 8 16 17 19 20 21 23 24 25
1536 3130 8 16 17 19 20 21 23 24 25
1000 3154 8 16 17 19 20 21 23 24 25
3214 3928 8 16 18 19 21 22 23 25 26
3274 2524 8 16 18 19 21 22 23 25 26
880 4290 8 16 18 19 21 22 23 25 26
832 2962 8 16 18 19 21 22 23 25 26
1634 3472 8 16 19 20 21 22 23 25 26
1386 2094 8 16 19 20 21 22 23 25 26
1534 2050 8 16 19 20 21 22 23 25 26
4236 2092 8 16 19 20 21 22 23 25 26
404 2966 4 16 19 21 23
1728 2206 4 16 19 21 23
1442 1846 4 16 19 21 25
4190 3440 8 17 18 20 22 23 24 25 26
4304 1940 8 17 18 20 22 23 24 25 26
1762 2422 8 17 18 20 22 23 24 25 26
1654 1728 8 17 18 20 22 23 24 25 26
4422 2942 4 17 18 23 24
1800 2598 4 17 18 23 24
1764 4364 4 17 18 24 25
442 3924 4 17 18 24 25
1516 5342 4 17 18 24 25
552 4188 4 17 20 23 24
2786 2750 4 17 20 24 25
1100 2684 4 17 20 24 25
2192 3806 4 18 22 23 26
4858 4870 4 18 22 25 26
2156 5110 4 18 22 25 26
4756 5156 4 18 22 25 26
2234 2146 4 18 22 25 26
404 2938 4 18 22 25 26
516 1784 4 20 22 23 26
1062 3714 4 20 22 25 26
3280 2930 4 20 22 25 26
