22 685 
6339 2352 6 1 6 16 17 20 22
4899 3351 5 1 16 18 19 21
4779 6054 5 1 16 19 20 21
5934 4647 5 1 17 18 21 22
5556 6225 4 1 17 18 22
5811 4092 5 1 17 20 21 22
5427 1854 4 1 17 20 22
4797 3615 1 1
6141 4659 7 2 4 5 6 9 12 16
3015 5571 7 2 4 5 7 8 12 15
3015 4881 7 2 4 5 7 8 12 15
4572 5262 5 2 4 5 7 8
3159 6237 7 2 4 5 7 9 12 21
4998 6210 6 2 4 5 7 9 12
2592 3879 6 2 4 5 7 12 15
2457 6177 4 2 4 5 7
2928 4149 6 2 4 5 8 12 15
4485 4053 4 2 4 5 8
1617 4734 6 2 4 5 9 12 21
5901 4899 6 2 4 5 9 12 21
3444 6210 5 2 4 5 9 12
4758 3744 8 2 4 5 10 11 12 15 19
4407 4848 7 2 4 5 10 12 14 17
4623 6006 7 2 4 5 10 12 16 19
5859 3537 7 2 4 5 10 12 17 22
4062 6312 7 2 4 5 11 15 18 19
3939 4983 7 2 4 5 11 15 19 20
1197 2403 5 2 4 5 12 15
5334 3744 5 2 4 5 12 15
3714 2928 6 2 4 5 14 17 18
3591 1866 6 2 4 5 14 17 20
3927 6288 6 2 4 5 16 18 19
3804 5487 6 2 4 5 16 19 20
5163 4572 6 2 4 5 17 18 22
5043 2553 6 2 4 5 17 20 22
1656 4617 3 2 4 5
6354 5730 6 2 4 6 9 12 21
5775 1059 5 2 4 6 12 15
6504 6381 7 2 5 7 9 12 16 21
5937 4380 6 2 5 7 12 15 16
5601 2925 4 2 5 7 16
6072 4797 5 2 5 9 11 21
5577 3417 4 2 5 11 15
5433 4662 3 2 5 16
5013 3285 7 3 7 10 12 16 19 22
6009 6072 6 3 7 10 12 16 19
6525 5985 7 3 10 11 12 15 19 22
6378 2580 5 3 10 11 14 19
4569 4812 5 3 10 11 19 22
5574 4314 4 3 10 11 19
6165 6138 6 3 10 12 14 17 22
6381 3738 6 3 10 12 16 19 22
3798 2727 5 3 10 13 14 22
4800 6204 4 3 10 13 14
3285 4779 7 3 11 15 18 19 21 22
4701 6507 6 3 11 15 18 19 21
5046 4845 6 3 11 15 18 19 22
3165 4995 7 3 11 15 19 20 21 22
4578 4086 6 3 11 15 19 20 21
4875 4680 6 3 11 15 19 20 22
4533 5484 5 3 14 16 18 19
4413 4533 5 3 14 16 19 20
2979 1989 6 3 14 17 18 21 22
4380 3714 5 3 14 17 18 21
4695 6084 5 3 14 17 18 22
4257 3990 5 3 14 17 20 21
4542 5316 5 3 14 17 20 22
2724 2682 2 3 14
3144 3072 6 3 16 18 19 21 22
4926 1641 5 3 16 18 19 21
2724 3636 5 3 16 18 19 22
4149 6051 4 3 16 18 19
3021 4848 6 3 16 19 20 21 22
4803 6192 5 3 16 19 20 21
2613 5055 5 3 16 19 20 22
4026 3213 4 3 16 19 20
1785 3672 2 3 22
2466 3189 1 3
4530 4926 6 4 5 7 8 12 15
6084 4647 4 4 5 7 8
4674 6339 6 4 5 7 9 12 21
4107 5817 5 4 5 7 12 15
3771 2736 3 4 5 7
4443 4614 5 4 5 8 12 15
5997 4374 3 4 5 8
3120 4260 5 4 5 9 12 21
4959 3207 4 4 5 9 12
6273 4623 7 4 5 10 11 12 15 19
5919 4485 6 4 5 10 12 14 17
6135 4704 6 4 5 10 12 16 19
5577 4872 6 4 5 11 15 18 19
5454 6033 6 4 5 11 15 19 20
2553 6525 4 4 5 12 15
5226 4827 5 4 5 14 17 18
5106 5997 5 4 5 14 17 20
5442 4758 5 4 5 16 18 19
5319 3915 5 4 5 16 19 20
3171 3819 2 4 5
4296 4791 6 4 12 15 18 19 21
6051 2298 5 4 12 15 18 19
4173 5805 6 4 12 15 19 20 21
5880 6300 5 4 12 15 19 20
4914 3789 4 4 18 19 21
6039 5544 4 4 18 19 22
4791 5814 4 4 19 20 21
5916 5607 4 4 19 20 22
5457 5442 8 5 7 8 9 11 12 15 21
5787 2751 7 5 7 8 9 12 16 21
4551 5916 5 5 7 8 11 15
5217 4176 6 5 7 8 12 15 16
4881 3132 4 5 7 8 16
3621 6687 6 5 7 9 12 16 21
5349 5628 5 5 7 9 12 16
6588 5397 8 5 7 10 11 12 15 16 19
6261 4380 6 5 7 10 11 16 19
6312 5565 7 5 7 10 12 14 16 17
3072 4083 5 5 7 12 15 16
3048 4563 3 5 7 16
6033 3015 7 5 8 11 14 15 17 18
5910 6390 7 5 8 11 14 15 17 20
6246 5997 7 5 8 11 15 16 18 19
6123 5901 7 5 8 11 15 16 19 20
4476 3144 4 5 8 11 15
6363 3318 6 5 8 14 16 17 18
6240 1779 6 5 8 14 16 17 20
4806 3336 3 5 8 16
4875 4893 7 5 9 11 16 18 19 21
4755 6114 7 5 9 11 16 19 20 21
4017 5148 4 5 9 11 21
5685 4707 3 5 9 11
5946 5574 6 5 9 13 14 16 18
5853 2724 6 5 9 13 14 16 20
5877 6093 5 5 10 11 14 17
6084 4962 5 5 10 11 16 19
6177 2979 7 5 11 15 16 18 19 22
4383 1917 6 5 11 15 16 18 19
6054 5940 7 5 11 15 16 19 20 22
4260 6210 6 5 11 15 16 19 20
6036 3702 7 5 11 15 17 18 21 22
5916 3939 7 5 11 15 17 20 21 22
2985 3969 3 5 11 15
5829 6054 6 5 14 16 17 18 22
4035 3249 5 5 14 16 17 18
5706 5046 6 5 14 16 17 20 22
3912 5877 5 5 14 16 17 20
6255 1284 6 5 16 17 18 21 22
5475 2856 5 5 16 17 18 22
6132 4113 6 5 16 17 20 21 22
5352 3081 5 5 16 17 20 22
3189 2958 2 5 16
5607 6036 8 6 7 8 9 11 12 15 21
5940 6033 7 6 7 8 9 12 16 21
4704 3894 5 6 7 8 11 15
5361 2415 6 6 7 8 12 15 16
5034 4191 4 6 7 8 16
5397 4698 8 6 7 9 10 12 13 16 22
5865 3894 6 6 7 9 11 12 15
3894 5217 6 6 7 9 12 16 21
5562 5580 5 6 7 9 12 16
4806 1872 5 6 7 9 12 16
6741 5301 8 6 7 10 11 12 15 16 19
6405 3858 6 6 7 10 11 16 19
6453 2985 7 6 7 10 12 14 16 17
6435 4083 7 6 7 10 12 16 17 22
3345 6240 5 6 7 12 15 16
3318 4926 3 6 7 16
5538 1851 8 6 8 9 11 13 15 18 22
5415 4914 8 6 8 9 11 13 15 20 22
5868 5334 7 6 8 9 13 16 18 22
5745 3084 7 6 8 9 13 16 20 22
6177 6084 7 6 8 11 14 15 17 18
6054 4452 7 6 8 11 14 15 17 20
6390 4053 7 6 8 11 15 16 18 19
6267 6195 7 6 8 11 15 16 19 20
6156 5535 7 6 8 11 15 17 18 22
6033 4776 7 6 8 11 15 17 20 22
4617 4206 4 6 8 11 15
6507 2562 6 6 8 14 16 17 18
6384 5298 6 6 8 14 16 17 20
6324 1950 6 6 8 16 17 20 22
4947 5922 3 6 8 16
5766 156 7 6 9 10 11 13 14 22
4962 3261 6 6 9 10 11 13 22
6543 3015 8 6 9 11 12 15 16 18 19
6420 5811 8 6 9 11 12 15 16 19 20
4734 5922 5 6 9 11 12 15
4380 5031 8 6 9 11 13 14 15 18 21
6138 5988 7 6 9 11 13 14 15 18
4260 4092 8 6 9 11 13 14 15 20 21
5967 5217 7 6 9 11 13 14 15 20
4092 5454 8 6 9 11 13 15 18 21 22
4092 3345 8 6 9 11 13 15 18 21 22
5505 3795 7 6 9 11 13 15 18 21
5808 3165 8 6 9 11 13 15 20 21 22
3969 2589 8 6 9 11 13 15 20 21 22
5382 3891 7 6 9 11 13 15 20 21
5004 5787 7 6 9 11 16 18 19 21
5670 3555 7 6 9 11 16 18 19 22
4884 4593 7 6 9 11 16 19 20 21
5547 6357 7 6 9 11 16 19 20 22
3219 4890 4 6 9 11 21
5058 5562 3 6 9 11
6183 4740 7 6 9 12 14 16 17 18
6060 3927 7 6 9 12 14 16 17 20
4587 5034 4 6 9 12 16
4236 4539 7 6 9 13 14 16 18 21
3924 6741 7 6 9 13 14 16 18 22
5340 2592 6 6 9 13 14 16 18
4113 4884 7 6 9 13 14 16 20 21
3801 2280 7 6 9 13 14 16 20 22
5217 2727 6 6 9 13 14 16 20
4314 3261 7 6 9 13 16 18 21 22
5823 3798 7 6 9 13 16 18 21 22
4314 5028 7 6 9 13 16 18 21 22
5730 3048 6 6 9 13 16 18 21
3540 3270 6 6 9 13 16 18 22
4953 4314 5 6 9 13 16 18
4191 3648 7 6 9 13 16 20 21 22
5607 5544 6 6 9 13 16 20 21
3417 3798 6 6 9 13 16 20 22
4830 6150 5 6 9 13 16 20
6021 3354 5 6 10 11 14 17
6237 2304 5 6 10 11 16 19
5991 5607 5 6 10 11 17 22
5607 5808 7 6 11 15 16 18 19 22
4527 6453 6 6 11 15 16 18 19
5484 4035 7 6 11 15 16 19 20 22
4404 4185 6 6 11 15 16 19 20
4707 6234 7 6 11 15 17 18 21 22
6123 5136 6 6 11 15 17 18 21
4614 2187 7 6 11 15 17 20 21 22
6000 4551 6 6 11 15 17 20 21
2727 2931 3 6 11 15
5298 4509 6 6 14 16 17 18 22
4176 4770 5 6 14 16 17 18
5175 2457 6 6 14 16 17 20 22
4053 4863 5 6 14 16 17 20
4932 5361 6 6 16 17 18 21 22
4146 3804 5 6 16 17 18 22
5571 1608 4 6 16 17 18
4809 4404 6 6 16 17 20 21 22
6225 5616 5 6 16 17 20 21
4233 1977 5 6 16 17 20 22
5448 6411 4 6 16 17 20
2580 4530 2 6 16
3744 2790 5 7 8 9 12 21
5412 5043 4 7 8 9 12
6234 5433 7 7 8 10 11 12 15 19
6651 5706 7 7 8 10 12 13 15 22
5136 5511 6 7 8 10 12 14 17
6090 4281 6 7 8 10 12 16 19
3330 1617 6 7 8 10 12 17 22
4335 2808 5 7 8 10 12 17
3324 5163 7 7 8 12 15 16 18 19
3201 4830 7 7 8 12 15 16 19 20
2871 4614 8 7 8 12 15 17 18 21 22
3726 6288 7 7 8 12 15 17 18 21
5409 5919 7 7 8 12 15 17 18 22
2997 6111 8 7 8 12 15 17 20 21 22
3702 4704 7 7 8 12 15 17 20 21
5238 1815 7 7 8 12 15 17 20 22
5175 2820 5 7 8 12 15 21
1779 4533 4 7 8 12 15
4443 4701 5 7 8 16 18 19
4470 6234 5 7 8 16 19 20
3168 6165 6 7 8 17 18 21 22
4584 3792 5 7 8 17 18 21
5073 2997 5 7 8 17 18 22
3045 4569 6 7 8 17 20 21 22
4461 1197 5 7 8 17 20 21
4902 5913 5 7 8 17 20 22
4848 4875 3 7 8 21
3168 2955 2 7 8
4848 5790 7 7 9 10 11 12 19 21
6687 4530 6 7 9 10 11 12 19
5913 4860 6 7 9 10 12 13 14
4320 5448 7 7 9 12 16 18 19 21
5988 3591 6 7 9 12 16 18 19
4338 4959 7 7 9 12 16 19 20 21
6006 2925 6 7 9 12 16 19 20
2865 4494 4 7 9 12 21
5616 3327 4 7 9 12 21
4533 4947 3 7 9 12
6150 5562 7 7 10 11 12 15 19 22
4344 3990 6 7 10 11 12 15 19
4581 5340 6 7 10 12 14 16 19
5790 6123 6 7 10 12 14 17 22
3993 5577 5 7 10 12 14 17
3351 3021 8 7 10 12 16 17 19 20 22
4737 3801 7 7 10 12 16 17 19 20
6003 4803 6 7 10 12 16 19 22
3015 4770 6 7 10 12 16 19 22
3993 3912 5 7 10 12 16 19
6339 5556 6 7 10 12 17 21 22
5562 6543 5 7 10 12 17 22
4893 4371 7 7 12 15 16 18 19 21
2226 1266 7 7 12 15 16 18 19 21
3981 5427 7 7 12 15 16 18 19 21
4704 6354 7 7 12 15 16 18 19 22
6465 2466 6 7 12 15 16 18 19
3771 3726 6 7 12 15 16 18 19
6396 6069 6 7 12 15 16 18 19
2352 4902 7 7 12 15 16 19 20 21
4620 4953 7 7 12 15 16 19 20 21
4587 6204 7 7 12 15 16 19 20 21
4725 3045 7 7 12 15 16 19 20 22
3789 6024 6 7 12 15 16 19 20
6258 5415 6 7 12 15 16 19 20
4812 4875 7 7 12 15 17 18 21 22
5667 2316 6 7 12 15 17 18 21
4938 4443 7 7 12 15 17 20 21 22
5643 3837 6 7 12 15 17 20 21
2316 5574 3 7 12 15
3132 4758 6 7 16 18 19 21 22
2199 5610 5 7 16 18 19 21
4305 3999 5 7 16 18 19 21
4029 5412 5 7 16 18 19 21
4680 2442 5 7 16 18 19 22
3744 2514 4 7 16 18 19
6093 6135 4 7 16 18 19
3261 5745 6 7 16 19 20 21 22
3984 2793 5 7 16 19 20 21
2325 4584 5 7 16 19 20 21
4251 2979 5 7 16 19 20 21
4698 6177 5 7 16 19 20 22
5922 5607 4 7 16 19 20
3762 2367 4 7 16 19 20
5400 3810 5 7 17 18 21 22
5277 6126 5 7 17 20 21 22
2289 4344 1 7
3792 5352 8 8 9 11 12 15 18 19 21
5631 3066 7 8 9 11 12 15 18 19
3672 3219 8 8 9 11 12 15 19 20 21
5511 4107 7 8 9 11 12 15 19 20
4494 1884 6 8 9 11 18 19 21
6333 4998 5 8 9 11 18 19
4371 5046 6 8 9 11 19 20 21
6210 2715 5 8 9 11 19 20
4863 5154 7 8 9 12 13 14 15 18
4740 5106 7 8 9 12 13 14 15 20
6288 3927 7 8 9 12 13 15 20 22
5892 5445 5 8 9 13 14 18
5919 2349 5 8 9 13 14 20
5682 4335 6 8 9 13 18 21 22
5562 2637 6 8 9 13 20 21 22
4758 4203 7 8 10 11 17 18 19 22
5754 1878 6 8 10 11 17 18 19
4638 3330 7 8 10 11 17 19 20 22
5631 6138 6 8 10 11 17 19 20
3990 3762 7 8 10 13 14 17 18 22
4983 2682 6 8 10 13 14 17 18
3867 2613 7 8 10 13 14 17 20 22
4860 6378 6 8 10 13 14 17 20
6411 4527 6 8 10 13 17 20 22
6204 4800 6 8 11 15 18 19 21
5805 3444 6 8 11 15 18 19 22
3999 3789 5 8 11 15 18 19
6084 5457 6 8 11 15 19 20 21
5682 5481 6 8 11 15 19 20 22
3879 5196 5 8 11 15 19 20
4737 4467 7 8 12 14 15 17 18 22
2940 3111 6 8 12 14 15 17 18
4614 1173 7 8 12 14 15 17 20 22
2820 6261 6 8 12 14 15 17 20
4950 5805 7 8 12 15 16 18 19 22
3144 5400 6 8 12 15 16 18 19
4827 6363 7 8 12 15 16 19 20 22
3021 3774 6 8 12 15 16 19 20
4833 4209 7 8 12 15 17 18 21 22
4845 4296 7 8 12 15 17 18 21 22
6246 3177 6 8 12 15 17 18 21
4053 2199 6 8 12 15 17 18 22
5478 6420 5 8 12 15 17 18
4710 4833 7 8 12 15 17 20 21 22
6126 6333 6 8 12 15 17 20 21
3930 5643 6 8 12 15 17 20 22
5355 5193 5 8 12 15 17 20
1872 4149 3 8 12 15
5580 3861 6 8 13 14 15 18 21
5232 2868 6 8 13 14 15 18 22
5457 5874 6 8 13 14 15 20 21
5109 5967 6 8 13 14 15 20 22
6525 5658 5 8 13 14 15 20
5628 4587 6 8 13 15 18 21 22
4845 5427 5 8 13 15 18 22
5505 4617 6 8 13 15 20 21 22
4722 6165 5 8 13 15 20 22
6138 6504 4 8 13 15 20
3696 2517 5 8 14 17 18 21
5445 3696 5 8 14 17 18 22
2916 3702 4 8 14 17 18
3723 5319 5 8 14 17 20 21
5322 4461 5 8 14 17 20 22
2793 2043 4 8 14 17 20
2790 3993 7 8 16 17 18 19 20 22
4206 4932 6 8 16 17 18 19 20
6534 4446 5 8 16 18 19 21
5658 2772 5 8 16 18 19 22
3855 2571 4 8 16 18 19
6411 5538 5 8 16 19 20 21
5535 5073 5 8 16 19 20 22
3732 5682 4 8 16 19 20
6300 6429 5 8 17 18 21 22
2955 4737 5 8 17 18 21 22
6192 5445 5 8 17 18 21 22
3810 6339 4 8 17 18 21
5556 4860 4 8 17 18 22
4995 5946 4 8 17 18 22
1854 4413 4 8 17 18 22
2709 3783 3 8 17 18
6177 6087 5 8 17 20 21 22
3084 6426 5 8 17 20 21 22
6099 3324 5 8 17 20 21 22
3789 930 4 8 17 20 21
1884 3732 4 8 17 20 22
5382 5916 4 8 17 20 22
5148 3696 4 8 17 20 22
2589 4173 3 8 17 20
4761 5754 2 8 21
3261 5784 1 8
5511 4761 7 9 10 11 12 19 21 22
3705 5790 6 9 10 11 12 19 21
5544 1737 5 9 10 11 12 19
5442 4902 5 9 10 12 13 14
6357 2475 7 9 11 12 15 18 19 21
6234 3231 7 9 11 12 15 19 20 21
4113 5232 6 9 11 18 19 21 22
4029 4146 6 9 11 18 19 21 22
2904 5934 5 9 11 18 19 21
5544 4026 5 9 11 18 19 22
4575 6534 4 9 11 18 19
3858 3144 6 9 11 19 20 21 22
6393 3705 5 9 11 19 20 21
6426 5670 5 9 11 19 20 21
2925 6003 5 9 11 19 20 21
6462 2871 5 9 11 19 20 21
5565 4017 5 9 11 19 20 22
4593 1785 4 9 11 19 20
6408 6393 7 9 12 13 15 18 21 22
6288 2997 7 9 12 13 15 20 21 22
5997 4725 6 9 12 14 17 18 21
5874 6060 6 9 12 14 17 20 21
6210 5349 6 9 12 16 18 19 21
6087 4638 6 9 12 16 19 20 21
2391 4620 3 9 12 21
4425 2391 3 9 12 21
4059 5004 2 9 12
3630 4674 6 9 13 14 18 21 22
3795 6039 6 9 13 14 18 21 22
5154 6156 5 9 13 14 18 21
3648 5034 5 9 13 14 18 21
5301 5547 5 9 13 14 18 21
5175 5775 5 9 13 14 18 22
5193 3855 4 9 13 14 18
3615 5859 6 9 13 14 20 21 22
3774 3675 5 9 13 14 20 21
5427 6021 5 9 13 14 20 21
5031 3981 5 9 13 14 20 21
5196 4950 5 9 13 14 20 22
5211 5505 4 9 13 14 20
3354 5991 5 9 13 18 21 22
3327 1017 5 9 13 18 21 22
4770 4107 4 9 13 18 21
5514 2904 4 9 13 18 21
5400 5823 4 9 13 18 22
4872 2793 4 9 13 18 22
3231 4809 5 9 13 20 21 22
4788 4542 5 9 13 20 21 22
3453 6405 5 9 13 20 21 22
4647 4113 4 9 13 20 21
4890 2226 4 9 13 20 22
5394 4737 8 10 11 12 15 17 19 20 22
6387 4260 7 10 11 12 15 17 19 20
6204 6033 7 10 11 12 15 19 21 22
5007 5577 6 10 11 12 15 19 22
3213 6090 5 10 11 12 15 19
4617 3021 7 10 11 13 14 15 18 19
4446 4305 7 10 11 13 14 15 19 20
4410 5175 8 10 11 13 15 18 19 21 22
2571 5556 8 10 11 13 15 18 19 21 22
4107 4845 7 10 11 13 15 18 19 21
6165 4476 7 10 11 13 15 18 19 22
6210 6465 7 10 11 13 15 18 19 22
2517 5535 8 10 11 13 15 19 20 21 22
4083 3045 7 10 11 13 15 19 20 21
5994 4236 7 10 11 13 15 19 20 22
6033 5382 7 10 11 13 15 19 20 22
6081 5910 7 10 11 13 15 19 20 22
3270 5400 7 10 11 14 17 18 19 21
5034 1242 6 10 11 14 17 18 19
3147 2157 7 10 11 14 17 19 20 21
4107 1662 6 10 11 14 17 19 20
4149 3723 4 10 11 14 19
3249 2286 7 10 11 17 18 19 21 22
4434 5655 6 10 11 17 18 19 21
3177 6324 7 10 11 17 19 20 21 22
4563 3159 6 10 11 17 19 20 21
2298 5667 6 10 11 17 19 20 22
3324 3984 5 10 11 17 19 20
2340 5478 4 10 11 19 22
3336 4029 3 10 11 19
4662 2289 7 10 12 14 16 17 18 19
4539 2580 7 10 12 14 16 17 19 20
5895 3201 6 10 12 14 17 21 22
4659 6123 5 10 12 14 17 22
2931 1047 4 10 12 14 17
5784 6141 7 10 12 16 17 18 19 22
5607 5505 7 10 12 16 17 19 20 22
6159 3111 7 10 12 16 17 19 20 22
6429 1656 6 10 12 16 19 21 22
4860 4416 5 10 12 16 19 22
3066 6159 4 10 12 16 19
4743 4788 5 10 12 17 21 22
5817 3852 4 10 12 17 21
4125 5892 4 10 12 17 22
5508 5511 3 10 12 17
2715 6132 7 10 13 14 16 18 19 21
2403 2658 7 10 13 14 16 18 19 22
3819 2136 6 10 13 14 16 18 19
4374 3759 6 10 13 14 16 18 19
2280 4317 7 10 13 14 16 19 20 22
4299 6084 6 10 13 14 16 19 20
3696 5409 6 10 13 14 16 19 20
2658 3168 7 10 13 14 17 18 21 22
4185 4443 7 10 13 14 17 18 21 22
4224 5607 6 10 13 14 17 18 21
5055 3939 6 10 13 14 17 18 21
5853 3771 6 10 13 14 17 18 22
5886 6462 6 10 13 14 17 18 22
5814 2865 6 10 13 14 17 18 22
2637 5175 7 10 13 14 17 20 21 22
4203 3141 6 10 13 14 17 20 21
4884 5853 6 10 13 14 17 20 22
2559 4113 6 10 13 14 17 20 22
5937 5445 6 10 13 14 17 20 22
3942 2940 5 10 13 14 17 20
4926 2724 4 10 13 14 22
1242 5025 4 10 13 14 22
5010 5394 4 10 13 14 22
2808 6387 3 10 13 14
2793 3867 7 10 13 16 18 19 21 22
4209 5979 6 10 13 16 18 19 21
5922 5277 6 10 13 16 18 19 22
2157 6384 6 10 13 16 18 19 22
6426 1143 6 10 13 16 18 19 22
2868 4224 6 10 13 16 18 19 22
3723 3630 5 10 13 16 18 19
2670 6099 7 10 13 16 19 20 21 22
4086 5010 6 10 13 16 19 20 21
6225 4425 6 10 13 16 19 20 22
5985 5934 6 10 13 16 19 20 22
2997 4338 6 10 13 16 19 20 22
2136 234 6 10 13 16 19 20 22
5847 3804 6 10 13 16 19 20 22
3702 4578 5 10 13 16 19 20
5025 5766 6 10 13 17 18 21 22
4902 4407 6 10 13 17 20 21 22
4083 4443 5 10 13 17 20 22
1989 3015 3 10 13 22
4113 3540 3 10 13 22
3555 3723 2 10 13
2856 5364 6 11 14 15 18 19 21
6150 5442 5 11 14 15 18 19
2736 6183 6 11 14 15 19 20 21
5979 4938 5 11 14 15 19 20
3111 6081 7 11 15 17 18 19 20 21
4452 5226 7 11 15 17 18 19 20 22
6069 5985 6 11 15 17 18 19 20
6111 3171 6 11 15 18 19 21 22
1950 4320 6 11 15 18 19 21 22
1917 4251 6 11 15 18 19 21 22
1017 5631 5 11 15 18 19 21
2772 3924 5 11 15 18 19 21
4272 6246 5 11 15 18 19 21
3537 6150 5 11 15 18 19 22
2562 5847 4 11 15 18 19
5985 5697 6 11 15 19 20 21 22
5259 4884 6 11 15 19 20 21 22
6024 4722 6 11 15 19 20 21 22
5988 6411 6 11 15 19 20 21 22
2043 6267 6 11 15 19 20 21 22
2751 2391 5 11 15 19 20 21
1143 5475 5 11 15 19 20 21
3516 4029 5 11 15 19 20 22
5934 4299 4 11 15 19 20
2580 5685 4 11 15 19 20
3759 5562 7 12 14 15 17 18 21 22
4416 4806 6 12 14 15 17 18 21
3636 5868 7 12 14 15 17 20 21 22
4443 3993 6 12 14 15 17 20 21
4281 3453 7 12 15 16 18 19 21 22
5697 4743 6 12 15 16 18 19 21
4158 4695 7 12 15 16 19 20 21 22
5574 5514 6 12 15 16 19 20 21
3675 5268 6 12 15 17 18 21 22
4530 5508 5 12 15 17 18 21
3804 5892 6 12 15 17 20 21 22
4509 4806 5 12 15 17 20 21
6114 3771 5 12 15 17 20 22
1284 5238 2 12 15
4770 6177 6 13 14 15 18 21 22
3783 5682 6 13 14 15 18 21 22
3798 2709 5 13 14 15 18 21
5445 5355 4 13 14 15 18
4647 4575 6 13 14 15 20 21 22
3852 4062 6 13 14 15 20 21 22
3927 4257 5 13 14 15 20 21
5364 5574 4 13 14 15 20
3939 5007 5 13 15 18 21 22
5268 5457 5 13 15 18 21 22
5505 5937 4 13 15 18 21
3915 1872 5 13 15 20 21 22
4776 4842 5 13 15 20 21 22
5481 5919 4 13 15 20 21
2514 5505 6 14 16 17 18 19 20
3081 4821 5 14 16 18 19 21
2304 5853 4 14 16 18 19
2958 2559 5 14 16 19 20 21
2304 5631 4 14 16 19 20
1641 4587 5 14 17 18 21 22
1608 6588 5 14 17 18 21 22
5655 4107 5 14 17 18 21 22
5805 3168 4 14 17 18 21
1137 6273 4 14 17 18 21
2925 3324 4 14 17 18 21
3861 5937 4 14 17 18 21
3990 6258 4 14 17 18 21
3189 2670 4 14 17 18 22
5046 4755 3 14 17 18
2682 5175 3 14 17 18
1737 4233 5 14 17 20 21 22
5535 4410 5 14 17 20 21 22
5028 5601 5 14 17 20 21 22
1266 3147 4 14 17 20 21
3867 6525 4 14 17 20 21
2442 3942 4 14 17 20 21
3738 2916 4 14 17 20 21
3207 3120 4 14 17 20 22
1815 6435 3 14 17 20
4863 5988 3 14 17 20
5445 6426 3 14 17 20
1047 4863 1 14
2187 3189 7 16 17 18 19 20 21 22
3111 5058 7 16 17 18 19 20 21 22
3045 3120 6 16 17 18 19 20 21
1872 4581 6 16 17 18 19 20 22
4317 5322 6 16 17 18 19 20 22
6276 5259 5 16 17 18 19 20
2727 5109 5 16 17 18 19 20
1866 4434 5 16 18 19 21 22
1851 2340 5 16 18 19 21 22
5610 4383 5 16 18 19 21 22
930 3621 4 16 18 19 21
2706 5382 4 16 18 19 21
1536 2304 4 16 18 19 22
4821 4272 4 16 18 19 22
5892 4125 3 16 18 19
2391 6000 3 16 18 19
5487 6396 5 16 19 20 21 22
1977 2706 5 16 19 20 21 22
2682 1137 4 16 19 20 21
1059 4158 4 16 19 20 21
1662 4059 4 16 19 20 22
6195 5211 3 16 19 20
5790 6408 3 16 19 20
2367 6009 3 16 19 20
5574 5886 4 17 18 21 22
2349 5880 4 17 18 21 22
3891 5865 4 17 18 21 22
2286 6276 4 17 18 21 22
3141 3930 3 17 18 21
5316 6651 3 17 18 21
3894 1536 3 17 18 22
4842 3867 2 17 18
2415 4470 4 17 20 21 22
2475 2325 4 17 20 21 22
3837 6225 4 17 20 21 22
5262 5829 3 17 20 21
3120 3516 3 17 20 21
2979 5994 3 17 20 22
1173 6255 3 17 20 22
1878 6246 2 17 20
4467 4710 2 17 20
234 5895 1 21
156 5013 1 22
