23 3068 
4220 2428 8 1 2 5 9 12 13 19 22
3154 4366 8 1 2 5 12 13 15 19 22
3954 4780 7 1 2 5 12 13 19 22
5044 3296 7 1 2 9 10 17 20 23
5008 1816 7 1 2 9 10 17 22 23
4518 1260 7 1 2 9 10 19 21 22
4850 3590 7 1 2 9 10 19 22 23
4452 2212 4 1 2 9 10
5262 3050 6 1 2 9 12 17 20
5224 2614 6 1 2 9 12 17 22
5068 4794 6 1 2 9 12 19 22
3978 3494 7 1 2 10 15 17 20 23
3940 2422 7 1 2 10 15 17 22 23
3452 4210 7 1 2 10 15 19 21 22
3784 3576 7 1 2 10 15 19 22 23
3386 5028 4 1 2 10 15
4780 3640 6 1 2 10 17 20 23
4742 4942 6 1 2 10 17 22 23
4252 4556 6 1 2 10 19 21 22
4584 4336 6 1 2 10 19 22 23
4186 3102 3 1 2 10
4196 4640 6 1 2 12 15 17 20
4158 4826 6 1 2 12 15 17 22
4002 3722 6 1 2 12 15 19 22
4996 4300 5 1 2 12 17 20
4958 4120 5 1 2 12 17 22
4804 4390 5 1 2 12 19 22
5318 1378 7 1 3 7 9 10 11 18
5438 3890 7 1 3 7 9 10 14 18
4252 2892 7 1 3 7 10 11 15 18
5052 4162 6 1 3 7 10 11 18
4372 4532 7 1 3 7 10 14 15 18
5174 4074 6 1 3 7 10 14 18
4502 4266 6 1 4 9 11 17 20
4464 4740 6 1 4 9 11 17 22
4236 2026 6 1 4 9 11 19 22
4594 3494 6 1 4 9 14 17 20
4556 4102 6 1 4 9 14 17 22
4328 1662 6 1 4 9 14 19 22
3436 3044 6 1 4 11 15 17 20
3398 4558 6 1 4 11 15 17 22
3170 4340 6 1 4 11 15 19 22
4238 1216 5 1 4 11 17 20
4200 1554 5 1 4 11 17 22
3970 5004 5 1 4 11 19 22
3528 3260 6 1 4 14 15 17 20
3490 5088 6 1 4 14 15 17 22
3262 4440 6 1 4 14 15 19 22
4330 2008 5 1 4 14 17 20
4292 4916 5 1 4 14 17 22
4062 3874 5 1 4 14 19 22
3290 4788 9 1 5 9 11 12 13 18 19 22
3382 3620 9 1 5 9 12 13 14 18 19 22
4082 5416 7 1 5 9 13 14 19 22
4248 5188 8 1 5 9 13 15 19 21 22
4580 4002 8 1 5 9 13 15 19 22 23
4966 4692 7 1 5 9 13 19 21 22
5274 2742 7 1 5 9 13 19 22 23
2224 3290 9 1 5 11 12 13 15 18 19 22
3026 5474 8 1 5 11 12 13 18 19 22
2316 4180 9 1 5 12 13 14 15 18 19 22
3118 4050 8 1 5 12 13 14 18 19 22
3016 4034 7 1 5 13 14 15 19 22
3812 4920 6 1 5 13 14 19 22
3900 5042 7 1 5 13 15 19 21 22
4208 4632 7 1 5 13 15 19 22 23
4694 2638 6 1 5 13 19 21 22
5010 3854 6 1 5 13 19 22 23
5284 5062 4 1 6 15 21
4314 4082 8 1 7 9 13 15 19 21 22
4646 4224 8 1 7 9 13 15 19 22 23
5032 4776 7 1 7 9 13 19 21 22
5342 3928 7 1 7 9 13 19 22 23
3966 2648 7 1 7 13 15 19 21 22
4276 3662 7 1 7 13 15 19 22 23
4762 5208 6 1 7 13 19 21 22
5076 5362 6 1 7 13 19 22 23
4116 3458 8 1 9 10 11 17 18 20 23
4078 4006 8 1 9 10 11 17 18 22 23
3588 4414 8 1 9 10 11 18 19 21 22
3920 2948 8 1 9 10 11 18 19 22 23
3524 1930 5 1 9 10 11 18
4208 5128 8 1 9 10 14 17 18 20 23
4170 2958 8 1 9 10 14 17 18 22 23
3680 1838 8 1 9 10 14 18 19 21 22
4012 5290 8 1 9 10 14 18 19 22 23
3616 5520 5 1 9 10 14 18
3854 4022 6 1 9 10 15 18 21
4186 5310 6 1 9 10 15 18 23
4572 3806 5 1 9 10 18 21
4880 3318 5 1 9 10 18 23
4332 1574 7 1 9 11 12 17 18 20
4294 3682 7 1 9 11 12 17 18 22
4140 3662 7 1 9 11 12 18 19 22
5128 3636 8 1 9 11 17 19 20 21 22
5432 3796 8 1 9 11 17 19 20 22 23
5088 1558 5 1 9 11 17 20
5050 2584 5 1 9 11 17 22
4902 5518 5 1 9 11 19 20
4822 4150 5 1 9 11 19 22
4424 4538 7 1 9 12 14 17 18 20
4386 3820 7 1 9 12 14 17 18 22
4232 1634 7 1 9 12 14 18 19 22
5220 3582 8 1 9 14 17 19 20 21 22
5552 4954 8 1 9 14 17 19 20 22 23
5524 4372 8 1 9 14 17 19 20 22 23
5180 3206 5 1 9 14 17 20
5142 3638 5 1 9 14 17 22
4996 1224 5 1 9 14 19 20
4914 4302 5 1 9 14 19 22
4200 3130 6 1 9 15 16 20 21
4532 3878 6 1 9 15 16 20 23
3066 3742 9 1 9 15 17 19 20 21 22 23
5346 2060 6 1 9 15 17 20 21
3026 2098 6 1 9 15 17 20 23
5310 3854 6 1 9 15 17 21 22
2990 4338 6 1 9 15 17 22 23
5234 1090 6 1 9 15 19 20 21
5566 3184 6 1 9 15 19 20 23
5076 3136 6 1 9 15 19 21 22
2500 4666 6 1 9 15 19 21 22
5408 3412 6 1 9 15 19 22 23
2832 2900 6 1 9 15 19 22 23
2434 4144 3 1 9 15
3760 3562 8 1 9 17 19 20 21 22 23
3722 4322 5 1 9 17 20 23
3684 1800 5 1 9 17 22 23
3212 2956 5 1 9 19 21 22
3526 4300 5 1 9 19 22 23
2984 2476 2 1 9
3050 2492 8 1 10 11 15 17 18 20 23
3012 4736 8 1 10 11 15 17 18 22 23
2522 2500 8 1 10 11 15 18 19 21 22
2854 2488 8 1 10 11 15 18 19 22 23
2458 3202 5 1 10 11 15 18
5034 5220 5 1 10 11 15 18
3850 5000 7 1 10 11 17 18 20 23
3812 5324 7 1 10 11 17 18 22 23
3322 4742 7 1 10 11 18 19 21 22
3656 5194 7 1 10 11 18 19 22 23
3252 4316 4 1 10 11 18
3142 3420 8 1 10 14 15 17 18 20 23
3104 2674 8 1 10 14 15 17 18 22 23
2614 5050 8 1 10 14 15 18 19 21 22
2946 3464 8 1 10 14 15 18 19 22 23
5126 4564 5 1 10 14 15 18
2550 3080 5 1 10 14 15 18
3942 2880 7 1 10 14 17 18 20 23
3906 3208 7 1 10 14 17 18 22 23
3416 3036 7 1 10 14 18 19 21 22
3748 4064 7 1 10 14 18 19 22 23
3344 4604 4 1 10 14 18
3506 2624 5 1 10 15 18 21
3814 3134 5 1 10 15 18 23
4302 4762 4 1 10 18 21
4616 4346 4 1 10 18 23
3266 3996 7 1 11 12 15 17 18 20
3228 4512 7 1 11 12 15 17 18 22
3074 2302 7 1 11 12 15 18 19 22
4068 4330 6 1 11 12 17 18 20
4030 4406 6 1 11 12 17 18 22
3874 5096 6 1 11 12 18 19 22
4062 2130 8 1 11 15 17 19 20 21 22
4366 4226 8 1 11 15 17 19 20 22 23
4022 3984 5 1 11 15 17 20
3984 764 5 1 11 15 17 22
3836 3678 5 1 11 15 19 20
3756 2706 5 1 11 15 19 22
4862 2810 7 1 11 17 19 20 21 22
5166 2830 7 1 11 17 19 20 22 23
5192 942 7 1 11 17 19 20 22 23
4818 4922 4 1 11 17 20
4780 4882 4 1 11 17 22
4632 5060 4 1 11 19 20
4550 4764 4 1 11 19 22
3358 2926 7 1 12 14 15 17 18 20
3320 5268 7 1 12 14 15 17 18 22
3166 5032 7 1 12 14 15 18 19 22
4160 4984 6 1 12 14 17 18 20
4122 4732 6 1 12 14 17 18 22
3966 3250 6 1 12 14 18 19 22
4154 5284 8 1 14 15 17 19 20 21 22
4458 3956 8 1 14 15 17 19 20 22 23
4114 3354 5 1 14 15 17 20
4076 2502 5 1 14 15 17 22
3930 1012 5 1 14 15 19 20
3848 2224 5 1 14 15 19 22
4954 3650 7 1 14 17 19 20 21 22
5258 2926 7 1 14 17 19 20 22 23
4910 2688 4 1 14 17 20
4872 3254 4 1 14 17 22
4724 4290 4 1 14 19 20
4642 2958 4 1 14 19 22
4520 5350 5 1 15 16 20 21
5350 4306 5 1 15 16 20 23
4852 3358 5 1 15 16 20 23
4764 2058 5 1 15 16 21 22
5096 4484 5 1 15 16 22 23
5312 3782 5 1 15 16 22 23
2694 4136 8 1 15 17 19 20 21 22 23
5000 4186 5 1 15 17 20 21
2656 2730 5 1 15 17 20 23
2762 2428 5 1 15 17 20 23
5414 5622 5 1 15 17 20 23
4934 3288 5 1 15 17 20 23
4962 1776 5 1 15 17 21 22
5104 3154 5 1 15 17 22 23
5194 3610 5 1 15 17 22 23
2618 3224 5 1 15 17 22 23
4886 4022 5 1 15 19 20 21
5194 1582 5 1 15 19 20 23
2146 3682 5 1 15 19 21 22
4810 3424 5 1 15 19 21 22
4728 3810 5 1 15 19 21 22
5264 3014 5 1 15 19 22 23
2460 4346 5 1 15 19 22 23
2566 2632 5 1 15 19 22 23
1912 4002 2 1 15
1912 4078 2 1 15
3496 3386 7 1 17 19 20 21 22 23
3450 1634 4 1 17 20 23
3412 4874 4 1 17 22 23
2946 1526 4 1 19 21 22
3256 3210 4 1 19 22 23
2714 4622 1 1
1670 1736 9 2 3 4 7 9 10 14 16 20
2774 3966 8 2 3 4 7 10 19 21 22
3108 1868 8 2 3 4 7 10 19 22 23
3326 5528 7 2 3 4 7 12 19 22
2642 3824 11 2 3 5 7 10 12 13 14 16 18 20
2704 3294 11 2 3 5 7 10 12 13 14 16 18 22
5146 3106 7 2 3 5 8 12 15 19
5242 3390 6 2 3 5 10 12 18
3928 1920 6 2 3 5 12 19 22
4080 4082 5 2 4 6 10 21
4412 3046 5 2 4 6 10 23
4630 1978 4 2 4 6 12
3178 4760 7 2 4 9 10 16 20 21
3510 4860 7 2 4 9 10 16 20 23
3730 3000 6 2 4 9 12 16 20
3498 5244 6 2 4 10 16 20 21
3830 3720 6 2 4 10 16 20 23
3742 4000 6 2 4 10 16 21 22
4074 5346 6 2 4 10 16 22 23
3592 4288 6 2 4 10 19 21 22
3924 5312 6 2 4 10 19 22 23
4050 5012 5 2 4 12 16 20
4294 3092 5 2 4 12 16 22
4144 3284 5 2 4 12 19 22
3318 2194 8 2 5 6 10 12 13 18 21
3650 1374 8 2 5 6 10 12 13 18 23
4510 2886 9 2 5 6 10 13 17 20 21 23
4460 2506 9 2 5 6 10 13 17 21 22 23
4302 5166 9 2 5 6 10 13 19 21 22 23
3938 4392 6 2 5 6 10 13 21
4272 5068 6 2 5 6 10 13 23
4728 4286 8 2 5 6 12 13 17 20 21
5060 1786 8 2 5 6 12 13 17 20 23
4676 2712 8 2 5 6 12 13 17 21 22
5048 5458 8 2 5 6 12 13 17 22 23
4672 4380 8 2 5 6 12 13 19 20 21
5004 1898 8 2 5 6 12 13 19 20 23
1918 1994 8 2 5 6 12 13 19 21 22
4432 5074 8 2 5 6 12 13 19 21 22
4518 5030 8 2 5 6 12 13 19 21 22
4874 4356 8 2 5 6 12 13 19 22 23
2290 3086 8 2 5 6 12 13 19 22 23
4402 1908 5 2 5 6 12 13
1894 4126 5 2 5 6 12 13
5518 5058 8 2 5 8 9 10 13 19 21
4026 2190 10 2 5 8 9 12 13 16 19 22 23
3472 4736 7 2 5 8 9 12 13 19
4492 2674 8 2 5 8 10 13 15 19 21
4824 3874 8 2 5 8 10 13 15 19 23
5252 4862 7 2 5 8 10 13 19 21
3000 4822 10 2 5 8 12 13 15 16 19 22 23
5178 4434 7 2 5 8 12 13 15 16
5166 2192 7 2 5 8 12 13 15 17
5024 3854 7 2 5 8 12 13 15 19
2446 4774 7 2 5 8 12 13 15 19
3760 3182 9 2 5 8 12 13 16 19 22 23
3208 4762 6 2 5 8 12 13 19
3258 3932 11 2 5 9 10 13 16 19 20 21 22 23
5436 4724 8 2 5 9 10 13 16 20 21
5594 4028 8 2 5 9 10 13 17 20 21
5482 2542 8 2 5 9 10 13 19 20 21
3650 2946 10 2 5 9 12 13 16 17 20 21 22
4022 4020 10 2 5 9 12 13 16 17 20 22 23
3416 4002 10 2 5 9 12 13 16 19 20 21 22
3788 3084 10 2 5 9 12 13 16 19 20 22 23
1264 2292 10 2 5 9 12 13 16 19 20 22 23
3390 3212 7 2 5 9 12 13 16 20
3574 4306 10 2 5 9 12 13 17 19 20 21 22
3946 4608 10 2 5 9 12 13 17 19 20 22 23
3550 4138 7 2 5 9 12 13 17 20
3436 2708 7 2 5 9 12 13 19 20
2608 4484 9 2 5 10 12 13 18 19 21 22
2980 3126 9 2 5 10 12 13 18 19 22 23
5160 4182 6 2 5 10 12 13 18
3576 3826 10 2 5 10 13 16 19 20 21 22 23
3840 2682 10 2 5 10 13 17 19 20 21 22 23
3274 4126 7 2 5 10 13 19 21 22
3606 4490 7 2 5 10 13 19 22 23
3968 4170 9 2 5 12 13 16 17 20 21 22
4342 3342 9 2 5 12 13 16 17 20 22 23
4152 2896 9 2 5 12 13 16 19 20 21 22
3736 1908 9 2 5 12 13 16 19 20 21 22
4108 2072 9 2 5 12 13 16 19 20 22 23
1526 4840 9 2 5 12 13 16 19 20 22 23
3704 3840 6 2 5 12 13 16 20
3954 564 6 2 5 12 13 16 22
4056 3084 9 2 5 12 13 17 19 20 21 22
3894 1814 9 2 5 12 13 17 19 20 21 22
4266 3938 9 2 5 12 13 17 19 20 22 23
4310 3524 9 2 5 12 13 17 19 20 22 23
4390 2714 9 2 5 12 13 17 19 20 22 23
3864 1490 6 2 5 12 13 17 20
4038 2048 6 2 5 12 13 17 22
3750 2578 6 2 5 12 13 19 20
3804 3644 6 2 5 12 13 19 22
1222 2098 6 2 5 12 13 19 22
4590 4096 9 2 6 7 10 13 17 20 21 23
4540 2838 9 2 6 7 10 13 17 21 22 23
4382 3516 9 2 6 7 10 13 19 21 22 23
4018 4774 6 2 6 7 10 13 21
4350 4600 6 2 6 7 10 13 23
4808 4336 8 2 6 7 12 13 17 20 21
5140 4324 8 2 6 7 12 13 17 20 23
4756 4924 8 2 6 7 12 13 17 21 22
5128 4412 8 2 6 7 12 13 17 22 23
4600 2766 8 2 6 7 12 13 19 21 22
4972 3576 8 2 6 7 12 13 19 22 23
4570 4356 5 2 6 7 12 13
4180 2186 6 2 6 10 12 18 21
4512 4302 6 2 6 10 12 18 23
5458 5484 7 2 6 10 16 20 21 23
5406 3146 7 2 6 10 16 21 22 23
5428 5072 7 2 6 10 17 20 21 23
5428 4642 7 2 6 10 17 20 21 23
2758 1250 7 2 6 10 17 20 21 23
2706 1594 7 2 6 10 17 21 22 23
5220 2784 7 2 6 10 17 21 22 23
5316 2984 7 2 6 10 19 20 21 23
2588 5220 7 2 6 10 19 21 22 23
2548 4268 7 2 6 10 19 21 22 23
2190 5036 4 2 6 10 21
4700 1934 4 2 6 10 21
5032 3904 4 2 6 10 23
2524 2794 4 2 6 10 23
5674 720 6 2 6 12 16 20 21
5622 5304 6 2 6 12 16 21 22
3338 4178 9 2 6 12 17 19 20 21 22 23
5488 5164 6 2 6 12 17 20 21
2974 5436 6 2 6 12 17 20 21
3306 3722 6 2 6 12 17 20 23
2922 5112 6 2 6 12 17 21 22
3294 5262 6 2 6 12 17 22 23
5534 1520 6 2 6 12 19 20 21
2766 4474 6 2 6 12 19 21 22
3140 5576 6 2 6 12 19 22 23
2742 5566 3 2 6 12
5586 4718 8 2 7 8 9 10 13 19 21
4560 4492 8 2 7 8 10 13 15 19 21
4892 4824 8 2 7 8 10 13 15 19 23
5320 4666 7 2 7 8 10 13 19 21
5110 4170 7 2 7 8 12 13 15 19
3324 5196 11 2 7 9 10 13 16 19 20 21 22 23
5504 3970 8 2 7 9 10 13 16 20 21
5662 3682 8 2 7 9 10 13 17 20 21
5548 4890 8 2 7 9 10 13 19 20 21
3876 3014 10 2 7 9 12 13 16 19 20 22 23
3644 1996 10 2 7 10 13 16 19 20 21 22 23
3908 818 10 2 7 10 13 17 19 20 21 22 23
3340 4370 7 2 7 10 13 19 21 22
3674 3796 7 2 7 10 13 19 22 23
4196 4628 9 2 7 12 13 16 19 20 22 23
4124 5072 9 2 7 12 13 17 19 20 21 22
4456 4996 9 2 7 12 13 17 19 20 22 23
3892 5362 6 2 7 12 13 19 22
4492 1620 9 2 8 9 10 16 17 20 21 23
4440 5158 9 2 8 9 10 16 17 21 22 23
4322 4112 9 2 8 9 10 16 19 21 22 23
3926 5376 6 2 8 9 10 16 21
4258 3250 6 2 8 9 10 16 23
4336 2062 9 2 8 9 10 17 19 20 21 23
4286 3214 9 2 8 9 10 17 19 21 22 23
4170 2090 6 2 8 9 10 17 23
3770 2946 6 2 8 9 10 19 21
4102 2670 6 2 8 9 10 19 23
4708 1426 8 2 8 9 12 16 17 20 21
5040 3682 8 2 8 9 12 16 17 20 23
4656 3324 8 2 8 9 12 16 17 21 22
5030 2634 8 2 8 9 12 16 17 22 23
4874 2526 8 2 8 9 12 16 19 22 23
4474 3066 5 2 8 9 12 16
4554 4116 8 2 8 9 12 17 19 20 21
4886 4868 8 2 8 9 12 17 19 20 23
4502 5158 8 2 8 9 12 17 19 21 22
4874 3872 8 2 8 9 12 17 19 22 23
4386 3812 5 2 8 9 12 17
4322 4636 5 2 8 9 12 19
3466 1930 9 2 8 10 15 16 17 20 21 23
3414 3524 9 2 8 10 15 16 17 21 22 23
3296 4710 9 2 8 10 15 16 19 21 22 23
2900 5048 6 2 8 10 15 16 21
3232 5090 6 2 8 10 15 16 23
3310 5102 9 2 8 10 15 17 19 20 21 23
3258 2576 9 2 8 10 15 17 19 21 22 23
5464 1792 6 2 8 10 15 17 21
3144 1514 6 2 8 10 15 17 23
2744 4486 6 2 8 10 15 19 21
3076 4038 6 2 8 10 15 19 23
4226 3144 8 2 8 10 16 17 20 21 23
4174 3012 8 2 8 10 16 17 21 22 23
4058 2010 8 2 8 10 16 19 21 22 23
3660 3920 5 2 8 10 16 21
3992 2970 5 2 8 10 16 23
4072 3184 8 2 8 10 17 19 20 21 23
4020 2496 8 2 8 10 17 19 21 22 23
3904 1828 5 2 8 10 17 23
3504 3248 5 2 8 10 19 21
3838 3888 5 2 8 10 19 23
3682 4998 8 2 8 12 15 16 17 20 21
4014 798 8 2 8 12 15 16 17 20 23
3630 636 8 2 8 12 15 16 17 21 22
4004 4176 8 2 8 12 15 16 17 22 23
3848 3996 8 2 8 12 15 16 19 22 23
3448 1734 5 2 8 12 15 16
3528 3034 8 2 8 12 15 17 19 20 21
3860 4414 8 2 8 12 15 17 19 20 23
3476 1626 8 2 8 12 15 17 19 21 22
3848 3420 8 2 8 12 15 17 19 22 23
3360 2228 5 2 8 12 15 17
3296 5080 5 2 8 12 15 19
4444 3864 7 2 8 12 16 17 20 21
4776 2544 7 2 8 12 16 17 20 23
4392 2950 7 2 8 12 16 17 21 22
4764 1538 7 2 8 12 16 17 22 23
4608 3884 7 2 8 12 16 19 22 23
4210 3264 4 2 8 12 16
4288 4556 7 2 8 12 17 19 20 21
4620 4484 7 2 8 12 17 19 20 23
4236 4298 7 2 8 12 17 19 21 22
4608 5552 7 2 8 12 17 19 22 23
4122 1920 4 2 8 12 17
4056 2114 4 2 8 12 19
3080 2386 8 2 9 10 12 16 18 20 21
3412 5012 8 2 9 10 12 16 18 20 23
3162 3434 8 2 9 10 12 17 18 20 21
3496 4056 8 2 9 10 12 17 18 20 23
4204 2726 9 2 9 10 16 17 20 21 22 23
1626 2694 9 2 9 10 16 17 20 21 22 23
4320 1124 9 2 9 10 16 17 20 21 22 23
4046 2826 9 2 9 10 16 19 20 21 22 23
1510 4262 9 2 9 10 16 19 20 21 22 23
1112 1050 6 2 9 10 16 20 21
1444 2706 6 2 9 10 16 20 23
4204 5038 9 2 9 10 17 19 20 21 22 23
4288 3586 9 2 9 10 17 19 20 21 22 23
3846 1148 6 2 9 10 17 20 21
1526 2640 6 2 9 10 17 20 23
4134 4434 6 2 9 10 17 20 23
3734 1962 6 2 9 10 19 20 21
4066 5350 6 2 9 10 19 20 23
1844 3820 8 2 9 12 16 17 20 21 22
4992 2840 8 2 9 12 16 17 20 22 23
2216 2994 8 2 9 12 16 17 20 22 23
4264 3850 8 2 9 12 16 19 20 21 22
2060 5066 8 2 9 12 16 19 20 22 23
4638 3298 8 2 9 12 16 19 20 22 23
1662 4882 5 2 9 12 16 20
4422 4672 8 2 9 12 17 19 20 21 22
4838 3570 8 2 9 12 17 19 20 22 23
4796 4764 8 2 9 12 17 19 20 22 23
4350 1660 5 2 9 12 17 20
1744 3694 5 2 9 12 17 20
4284 1668 5 2 9 12 19 20
3400 4294 7 2 10 12 16 18 20 21
3732 3956 7 2 10 12 16 18 20 23
3644 4390 7 2 10 12 16 18 21 22
3976 4858 7 2 10 12 16 18 22 23
3482 5088 7 2 10 12 17 18 20 21
3814 2836 7 2 10 12 17 18 20 23
3612 3334 7 2 10 12 17 18 21 22
3984 5290 7 2 10 12 17 18 22 23
3456 2802 7 2 10 12 18 19 21 22
3828 5534 7 2 10 12 18 19 22 23
3828 3588 7 2 10 12 18 19 22 23
3432 4200 4 2 10 12 18
1940 4988 8 2 10 16 17 20 21 22 23
4722 4506 8 2 10 16 17 20 21 22 23
4366 4998 8 2 10 16 19 20 21 22 23
4782 1840 8 2 10 16 19 20 21 22 23
1824 2056 8 2 10 16 19 20 21 22 23
1426 5522 5 2 10 16 20 21
1758 5042 5 2 10 16 20 23
4334 4670 5 2 10 16 20 23
1670 4294 5 2 10 16 21 22
2002 3656 5 2 10 16 22 23
2092 4954 8 2 10 17 19 20 21 22 23
4568 3490 8 2 10 17 19 20 21 22 23
4524 2710 8 2 10 17 19 20 21 22 23
4564 4988 8 2 10 17 19 20 21 22 23
4160 3310 5 2 10 17 20 21
1840 4396 5 2 10 17 20 23
4336 2718 5 2 10 17 21 22
2010 2362 5 2 10 17 22 23
4048 5170 5 2 10 19 20 21
4380 4186 5 2 10 19 20 23
1520 4760 5 2 10 19 21 22
1852 4512 5 2 10 19 22 23
4434 3978 5 2 10 19 22 23
240 5244 2 2 10
2460 5470 7 2 12 16 17 20 21 22
4740 4608 7 2 12 16 17 20 21 22
2158 4874 7 2 12 16 17 20 21 22
5036 776 7 2 12 16 17 20 21 22
2530 4930 7 2 12 16 17 20 22 23
5398 2460 7 2 12 16 17 20 22 23
5188 4386 7 2 12 16 17 20 22 23
4584 4570 7 2 12 16 19 20 21 22
5004 3954 7 2 12 16 19 20 21 22
2374 4932 7 2 12 16 19 20 22 23
1974 4692 4 2 12 16 20
2220 4878 4 2 12 16 22
4742 4204 7 2 12 17 19 20 21 22
2310 4460 7 2 12 17 19 20 21 22
2642 3040 7 2 12 17 19 20 22 23
5160 2278 7 2 12 17 19 20 22 23
2058 2368 4 2 12 17 20
2226 1888 4 2 12 17 22
4598 4204 4 2 12 19 20
2072 3510 4 2 12 19 22
5490 5378 7 3 4 5 6 7 11 13
4824 3576 8 3 4 5 7 11 13 19 22
1276 3982 7 3 4 5 7 12 13 18
4918 4338 8 3 4 5 7 13 14 19 22
2484 4596 8 3 4 6 7 10 11 18 21
2816 2984 8 3 4 6 7 10 11 18 23
2576 4292 8 3 4 6 7 10 14 18 21
2908 3876 8 3 4 6 7 10 14 18 23
3034 4824 7 3 4 6 7 11 12 18
3878 1062 8 3 4 6 7 11 19 20 21
4210 3528 8 3 4 6 7 11 19 20 23
3768 4322 8 3 4 6 7 11 19 21 22
4142 1570 8 3 4 6 7 11 19 22 23
3560 1950 5 3 4 6 7 11
3126 3950 7 3 4 6 7 12 14 18
3970 942 8 3 4 6 7 14 19 20 21
4302 3328 8 3 4 6 7 14 19 20 23
3888 4258 8 3 4 6 7 14 19 21 22
4262 4568 8 3 4 6 7 14 19 22 23
3680 1320 5 3 4 6 7 14
3936 2186 6 3 4 6 7 15 21
4268 4948 6 3 4 6 7 15 23
4648 2398 5 3 4 6 7 21
4958 1938 5 3 4 6 7 23
5478 4118 7 3 4 7 8 9 11 16
5462 3126 7 3 4 7 8 9 11 17
2670 4240 7 3 4 7 8 9 11 19
5598 2296 7 3 4 7 8 9 14 16
5582 3156 7 3 4 7 8 9 14 17
2762 2816 7 3 4 7 8 9 14 19
5362 3078 7 3 4 7 8 9 14 19
3002 3962 8 3 4 7 8 9 15 19 21
3334 3602 8 3 4 7 8 9 15 19 23
3720 1888 7 3 4 7 8 9 19 21
4028 4826 7 3 4 7 8 9 19 23
4452 3824 7 3 4 7 8 11 15 16
4436 3598 7 3 4 7 8 11 15 17
1644 3756 7 3 4 7 8 11 15 19
5212 5454 6 3 4 7 8 11 16
5198 3480 6 3 4 7 8 11 17
2400 2188 6 3 4 7 8 11 19
5058 2424 6 3 4 7 8 11 19
4572 3654 7 3 4 7 8 14 15 16
4556 4958 7 3 4 7 8 14 15 17
1736 3358 7 3 4 7 8 14 15 19
4314 2512 7 3 4 7 8 14 15 19
5334 2974 6 3 4 7 8 14 16
5318 5088 6 3 4 7 8 14 17
2492 4336 6 3 4 7 8 14 19
5150 3528 6 3 4 7 8 14 19
2694 776 7 3 4 7 8 15 19 21
3002 4510 7 3 4 7 8 15 19 23
3448 4010 6 3 4 7 8 19 21
3764 1712 6 3 4 7 8 19 23
2734 2374 10 3 4 7 9 11 16 19 20 21 22
3062 2860 10 3 4 7 9 11 16 19 20 22 23
2664 2804 7 3 4 7 9 11 16 20
5442 3562 7 3 4 7 9 11 16 20
3188 4864 10 3 4 7 9 11 17 19 20 22 23
2820 3432 7 3 4 7 9 11 17 20
5426 3296 7 3 4 7 9 11 17 20
2634 4452 7 3 4 7 9 11 19 20
5286 3182 7 3 4 7 9 11 19 20
2826 4186 10 3 4 7 9 14 16 19 20 21 22
3182 5274 10 3 4 7 9 14 16 19 20 22 23
5562 2652 7 3 4 7 9 14 16 20
2786 4308 7 3 4 7 9 14 16 20
3280 3656 10 3 4 7 9 14 17 19 20 22 23
5518 5250 7 3 4 7 9 14 17 20
2940 4820 7 3 4 7 9 14 17 20
5324 5134 7 3 4 7 9 14 19 20
2726 3664 7 3 4 7 9 14 19 20
2964 3394 8 3 4 7 9 15 19 20 21
3296 900 8 3 4 7 9 15 19 20 23
3682 3742 7 3 4 7 9 19 20 21
3992 3870 7 3 4 7 9 19 20 23
2038 1450 9 3 4 7 10 11 16 18 20 23
2288 3344 9 3 4 7 10 11 16 18 22 23
2120 4548 9 3 4 7 10 11 17 18 20 23
2296 1828 9 3 4 7 10 11 17 18 22 23
2138 5180 9 3 4 7 10 11 18 19 22 23
1734 1970 6 3 4 7 10 11 18
4338 3880 6 3 4 7 10 11 18
2130 5258 9 3 4 7 10 14 16 18 20 23
2380 2404 9 3 4 7 10 14 16 18 22 23
2212 5008 9 3 4 7 10 14 17 18 20 23
2388 2488 9 3 4 7 10 14 17 18 22 23
2230 3382 9 3 4 7 10 14 18 19 22 23
1828 1230 6 3 4 7 10 14 18
4486 4590 6 3 4 7 10 14 18
2072 2972 7 3 4 7 10 15 18 21
2404 4198 7 3 4 7 10 15 18 23
2784 4712 6 3 4 7 10 18 21
3098 1724 6 3 4 7 10 18 23
2254 3580 8 3 4 7 11 12 16 18 20
2504 2570 8 3 4 7 11 12 16 18 22
2336 2130 8 3 4 7 11 12 17 18 20
2512 4682 8 3 4 7 11 12 17 18 22
2356 5320 8 3 4 7 11 12 18 19 22
3048 2602 9 3 4 7 11 16 19 20 21 22
3420 3500 9 3 4 7 11 16 19 20 22 23
3376 4366 9 3 4 7 11 16 19 20 22 23
2978 3686 6 3 4 7 11 16 20
3224 3604 6 3 4 7 11 16 22
3502 3964 9 3 4 7 11 17 19 20 22 23
3132 5402 6 3 4 7 11 17 20
3302 3336 6 3 4 7 11 17 22
2948 4226 6 3 4 7 11 19 20
688 1040 6 3 4 7 11 19 22
2346 3834 8 3 4 7 12 14 16 18 20
2598 3074 8 3 4 7 12 14 16 18 22
2430 924 8 3 4 7 12 14 17 18 20
2604 4740 8 3 4 7 12 14 17 18 22
2450 3628 8 3 4 7 12 14 18 19 22
3140 1276 9 3 4 7 14 16 19 20 21 22
3496 3242 9 3 4 7 14 16 19 20 22 23
3098 2840 6 3 4 7 14 16 20
3344 3248 6 3 4 7 14 16 22
3594 2710 9 3 4 7 14 17 19 20 22 23
3254 1778 6 3 4 7 14 17 20
3422 4498 6 3 4 7 14 17 22
3040 5186 6 3 4 7 14 19 20
694 3076 6 3 4 7 14 19 22
3284 826 7 3 4 7 15 19 20 21
3616 3356 7 3 4 7 15 19 20 23
914 4808 7 3 4 7 15 19 21 22
3356 5048 7 3 4 7 15 19 21 22
1090 618 7 3 4 7 15 19 22 23
3786 2442 7 3 4 7 15 19 22 23
2018 2268 9 3 4 7 17 19 20 21 22 23
3996 2438 6 3 4 7 19 20 21
4306 3170 6 3 4 7 19 20 23
4046 3240 6 3 4 7 19 21 22
1470 1572 6 3 4 7 19 21 22
1778 4696 6 3 4 7 19 22 23
4804 4178 9 3 5 6 7 10 11 13 18 21
5136 5054 9 3 5 6 7 10 11 13 18 23
4924 3056 9 3 5 6 7 10 13 14 18 21
5258 5268 9 3 5 6 7 10 13 14 18 23
2784 4286 11 3 5 6 7 11 12 13 18 19 21 22
3156 4066 11 3 5 6 7 11 12 13 18 19 22 23
2758 3098 8 3 5 6 7 11 12 13 18
5268 3210 8 3 5 6 7 11 12 13 18
3574 5098 9 3 5 6 7 12 13 14 15 18
2904 3076 11 3 5 6 7 12 13 14 18 19 21 22
3276 1838 11 3 5 6 7 12 13 14 18 19 22 23
5474 2238 8 3 5 6 7 12 13 14 18
2880 2058 8 3 5 6 7 12 13 14 18
4338 4354 10 3 5 7 8 9 11 12 13 18 19
4458 4120 10 3 5 7 8 9 12 13 14 18 19
3312 3452 10 3 5 7 8 11 12 13 15 18 19
4074 2548 9 3 5 7 8 11 12 13 18 19
3898 2512 10 3 5 7 8 12 13 14 15 16 18
3404 3762 10 3 5 7 8 12 13 14 15 18 19
4194 3622 9 3 5 7 8 12 13 14 18 19
4256 2388 10 3 5 7 9 11 12 13 16 18 20
4414 424 10 3 5 7 9 11 12 13 17 18 20
4302 5314 10 3 5 7 9 11 12 13 18 19 20
3052 3186 11 3 5 7 9 12 13 14 15 16 18 20
4376 3154 10 3 5 7 9 12 13 14 16 18 20
4536 2734 10 3 5 7 9 12 13 14 17 18 20
4422 4046 10 3 5 7 9 12 13 14 18 19 20
4140 2996 10 3 5 7 10 11 13 18 19 21 22
4472 4884 10 3 5 7 10 11 13 18 19 22 23
4260 3372 10 3 5 7 10 13 14 18 19 21 22
4592 5462 10 3 5 7 10 13 14 18 19 22 23
2392 3830 12 3 5 7 11 12 13 16 18 19 20 22 23
4570 4062 9 3 5 7 11 12 13 16 18 20
4820 5218 9 3 5 7 11 12 13 16 18 22
4728 2280 9 3 5 7 11 12 13 17 18 20
4904 4180 9 3 5 7 11 12 13 17 18 22
4616 4662 9 3 5 7 11 12 13 18 19 20
2088 5240 9 3 5 7 11 12 13 18 19 22
4688 4472 9 3 5 7 11 12 13 18 19 22
3752 2166 10 3 5 7 12 13 14 15 16 18 20
3814 5464 10 3 5 7 12 13 14 15 16 18 22
3326 1000 10 3 5 7 12 13 14 15 18 19 22
2512 4134 12 3 5 7 12 13 14 16 18 19 20 22 23
4690 1388 9 3 5 7 12 13 14 16 18 20
4942 4416 9 3 5 7 12 13 14 16 18 22
4850 2520 9 3 5 7 12 13 14 17 18 20
5024 4646 9 3 5 7 12 13 14 17 18 22
4736 5002 9 3 5 7 12 13 14 18 19 20
2208 240 9 3 5 7 12 13 14 18 19 22
5242 4632 8 3 5 8 9 11 12 18 19
5334 2400 8 3 5 8 9 12 14 18 19
4216 3732 8 3 5 8 11 12 15 18 19
4978 4220 7 3 5 8 11 12 18 19
4308 3490 8 3 5 8 12 14 15 18 19
5070 3942 7 3 5 8 12 14 18 19
5206 4942 8 3 5 9 11 12 18 19 20
5298 3440 8 3 5 9 12 14 18 19 20
5520 4924 7 3 5 11 12 18 19 20
2992 4550 7 3 5 11 12 18 19 22
3084 3208 7 3 5 12 14 18 19 22
3328 2736 8 3 5 12 15 18 19 21 22
3662 4912 8 3 5 12 15 18 19 22 23
4042 2140 7 3 5 12 18 19 21 22
4356 4466 7 3 5 12 18 19 22 23
5590 2420 8 3 6 7 8 11 15 19 21
3622 4560 10 3 6 7 10 11 17 18 20 21 23
3572 5296 10 3 6 7 10 11 17 18 21 22 23
3414 5042 10 3 6 7 10 11 18 19 21 22 23
3056 2774 7 3 6 7 10 11 18 21
3388 2548 7 3 6 7 10 11 18 23
3744 3014 10 3 6 7 10 14 17 18 20 21 23
3692 3572 10 3 6 7 10 14 17 18 21 22 23
3534 3472 10 3 6 7 10 14 18 19 21 22 23
3190 3650 7 3 6 7 10 14 18 21
3522 3814 7 3 6 7 10 14 18 23
3840 1818 9 3 6 7 11 12 17 18 20 21
4172 2068 9 3 6 7 11 12 17 18 20 23
3788 3810 9 3 6 7 11 12 17 18 21 22
4160 4926 9 3 6 7 11 12 17 18 22 23
3632 4316 9 3 6 7 11 12 18 19 21 22
4006 4816 9 3 6 7 11 12 18 19 22 23
3608 4602 6 3 6 7 11 12 18
4966 3454 10 3 6 7 11 17 19 20 21 22 23
4450 5006 7 3 6 7 11 19 20 21
4782 4700 7 3 6 7 11 19 20 23
4398 3746 7 3 6 7 11 19 21 22
4772 2638 7 3 6 7 11 19 22 23
4186 1968 4 3 6 7 11
3972 3338 9 3 6 7 12 14 17 18 20 21
4306 3428 9 3 6 7 12 14 17 18 20 23
3922 1408 9 3 6 7 12 14 17 18 21 22
4294 2892 9 3 6 7 12 14 17 18 22 23
3766 1074 9 3 6 7 12 14 18 19 21 22
4138 5124 9 3 6 7 12 14 18 19 22 23
3740 2340 6 3 6 7 12 14 18
5086 4292 10 3 6 7 14 17 19 20 21 22 23
4584 3498 7 3 6 7 14 19 20 21
4916 5136 7 3 6 7 14 19 20 23
4532 3848 7 3 6 7 14 19 21 22
4904 3832 7 3 6 7 14 19 22 23
4306 3902 4 3 6 7 14
4790 1132 9 3 7 8 9 10 11 16 18 21
5124 3930 9 3 7 8 9 10 11 16 18 23
5036 4864 9 3 7 8 9 10 11 17 18 23
4636 3436 9 3 7 8 9 10 11 18 19 21
4968 3588 9 3 7 8 9 10 11 18 19 23
4912 3612 9 3 7 8 9 10 14 16 18 21
5244 2438 9 3 7 8 9 10 14 16 18 23
5156 3720 9 3 7 8 9 10 14 17 18 23
4756 4980 9 3 7 8 9 10 14 18 19 21
5088 3616 9 3 7 8 9 10 14 18 19 23
5340 1692 8 3 7 8 9 11 12 16 18
5252 3042 8 3 7 8 9 11 12 17 18
5188 4800 8 3 7 8 9 11 12 18 19
4512 3736 10 3 7 8 9 11 15 16 19 20 21
4844 4288 10 3 7 8 9 11 15 16 19 20 23
4926 4910 10 3 7 8 9 11 15 17 19 20 23
3250 3804 6 3 7 8 9 11 19
5460 4468 8 3 7 8 9 12 14 16 18
5372 3560 8 3 7 8 9 12 14 17 18
5308 5200 8 3 7 8 9 12 14 18 19
4632 4594 10 3 7 8 9 14 15 16 19 20 21
4964 5474 10 3 7 8 9 14 15 16 19 20 23
5048 3644 10 3 7 8 9 14 15 17 19 20 23
3372 2212 6 3 7 8 9 14 19
3764 4502 9 3 7 8 10 11 15 16 18 21
4098 4234 9 3 7 8 10 11 15 16 18 23
4010 5422 9 3 7 8 10 11 15 17 18 23
3610 3860 9 3 7 8 10 11 15 18 19 21
3942 4912 9 3 7 8 10 11 15 18 19 23
4526 2460 8 3 7 8 10 11 16 18 21
4858 5154 8 3 7 8 10 11 16 18 23
4770 5428 8 3 7 8 10 11 17 18 23
4370 4714 8 3 7 8 10 11 18 19 21
4704 4144 8 3 7 8 10 11 18 19 23
3886 2964 9 3 7 8 10 14 15 16 18 21
4218 3760 9 3 7 8 10 14 15 16 18 23
4130 4324 9 3 7 8 10 14 15 17 18 23
3730 1752 9 3 7 8 10 14 15 18 19 21
4062 4586 9 3 7 8 10 14 15 18 19 23
4646 1000 8 3 7 8 10 14 16 18 21
4978 3140 8 3 7 8 10 14 16 18 23
4890 4278 8 3 7 8 10 14 17 18 23
4492 5010 8 3 7 8 10 14 18 19 21
4824 2404 8 3 7 8 10 14 18 19 23
4314 4330 8 3 7 8 11 12 15 16 18
4226 3186 8 3 7 8 11 12 15 17 18
4160 3492 8 3 7 8 11 12 15 18 19
5074 2258 7 3 7 8 11 12 16 18
4988 4584 7 3 7 8 11 12 17 18
4922 3262 7 3 7 8 11 12 18 19
4826 4536 9 3 7 8 11 15 16 19 20 21
5158 1626 9 3 7 8 11 15 16 19 20 23
5076 5258 9 3 7 8 11 15 16 19 21 22
5408 4762 9 3 7 8 11 15 16 19 22 23
5240 4132 9 3 7 8 11 15 17 19 20 23
5392 4324 9 3 7 8 11 15 17 19 22 23
2224 3432 6 3 7 8 11 15 19
4806 3058 6 3 7 8 11 15 19
2986 2896 5 3 7 8 11 19
4434 3422 8 3 7 8 12 14 15 16 18
4346 5182 8 3 7 8 12 14 15 17 18
4282 2930 8 3 7 8 12 14 15 18 19
5196 3110 7 3 7 8 12 14 16 18
5108 4456 7 3 7 8 12 14 17 18
5042 4868 7 3 7 8 12 14 18 19
4946 4010 9 3 7 8 14 15 16 19 20 21
5278 4282 9 3 7 8 14 15 16 19 20 23
5196 3738 9 3 7 8 14 15 16 19 21 22
5530 3682 9 3 7 8 14 15 16 19 22 23
5362 4820 9 3 7 8 14 15 17 19 20 23
5512 4266 9 3 7 8 14 15 17 19 22 23
2344 3948 6 3 7 8 14 15 19
3106 2918 5 3 7 8 14 19
2492 5312 12 3 7 9 10 11 16 17 18 20 21 22 23
2376 3328 12 3 7 9 10 11 16 18 19 20 21 22 23
1978 3534 9 3 7 9 10 11 16 18 20 21
4576 1228 9 3 7 9 10 11 16 18 20 21
2310 4564 9 3 7 9 10 11 16 18 20 23
4712 4194 9 3 7 9 10 11 17 18 20 21
2392 2458 9 3 7 9 10 11 17 18 20 23
4998 4898 9 3 7 9 10 11 17 18 20 23
4600 4824 9 3 7 9 10 11 18 19 20 21
4932 2948 9 3 7 9 10 11 18 19 20 23
2612 5138 12 3 7 9 10 14 16 17 18 20 21 22 23
2496 3070 12 3 7 9 10 14 16 18 19 20 21 22 23
2098 4500 9 3 7 9 10 14 16 18 20 21
2430 2714 9 3 7 9 10 14 16 18 20 23
5006 1336 9 3 7 9 10 14 16 18 20 23
4832 4574 9 3 7 9 10 14 17 18 20 21
2512 3830 9 3 7 9 10 14 17 18 20 23
4720 3568 9 3 7 9 10 14 18 19 20 21
5052 2228 9 3 7 9 10 14 18 19 20 23
2710 2814 11 3 7 9 11 12 16 17 18 20 21 22
3082 3184 11 3 7 9 11 12 16 17 18 20 22 23
2926 4518 11 3 7 9 11 12 16 18 19 20 22 23
2526 3938 8 3 7 9 11 12 16 18 20
2610 3074 8 3 7 9 11 12 17 18 20
5208 3920 8 3 7 9 11 12 17 18 20
5150 4676 8 3 7 9 11 12 18 19 20
3320 4444 9 3 7 9 11 16 19 20 21 22
3692 3748 9 3 7 9 11 16 19 20 22 23
3774 5132 9 3 7 9 11 17 19 20 22 23
3214 4638 6 3 7 9 11 19 20
2830 2388 11 3 7 9 12 14 16 17 18 20 21 22
3202 1894 11 3 7 9 12 14 16 17 18 20 22 23
3046 2184 11 3 7 9 12 14 16 18 19 20 22 23
5246 2086 8 3 7 9 12 14 16 18 20
2648 3194 8 3 7 9 12 14 16 18 20
2730 1250 8 3 7 9 12 14 17 18 20
5336 1286 8 3 7 9 12 14 17 18 20
5270 4804 8 3 7 9 12 14 18 19 20
3440 3380 9 3 7 9 14 16 19 20 21 22
3812 4804 9 3 7 9 14 16 19 20 22 23
3894 3416 9 3 7 9 14 17 19 20 22 23
3334 4422 6 3 7 9 14 19 20
2806 5252 11 3 7 10 11 16 17 18 20 21 22 23
2688 3066 11 3 7 10 11 16 18 19 20 21 22 23
2292 2596 8 3 7 10 11 16 18 20 21
2624 4590 8 3 7 10 11 16 18 20 23
5200 3600 8 3 7 10 11 16 18 20 23
2536 5362 8 3 7 10 11 16 18 21 22
5450 2394 8 3 7 10 11 16 18 22 23
2868 2248 8 3 7 10 11 16 18 22 23
2958 5326 11 3 7 10 11 17 18 19 20 21 22 23
5026 5154 8 3 7 10 11 17 18 20 21
5358 2310 8 3 7 10 11 17 18 20 23
2706 5048 8 3 7 10 11 17 18 20 23
5202 3290 8 3 7 10 11 17 18 21 22
2876 2690 8 3 7 10 11 17 18 22 23
4912 4042 8 3 7 10 11 18 19 20 21
5246 3760 8 3 7 10 11 18 19 20 23
2386 4942 8 3 7 10 11 18 19 21 22
4968 4168 8 3 7 10 11 18 19 21 22
2718 3592 8 3 7 10 11 18 19 22 23
2320 4596 5 3 7 10 11 18
2926 5024 11 3 7 10 14 16 17 18 20 21 22 23
2810 4208 11 3 7 10 14 16 18 19 20 21 22 23
2412 1862 8 3 7 10 14 16 18 20 21
5320 5372 8 3 7 10 14 16 18 20 23
2744 1894 8 3 7 10 14 16 18 20 23
2656 1454 8 3 7 10 14 16 18 21 22
2988 4914 8 3 7 10 14 16 18 22 23
3078 2464 11 3 7 10 14 17 18 19 20 21 22 23
5146 4312 8 3 7 10 14 17 18 20 21
2826 3788 8 3 7 10 14 17 18 20 23
5322 1160 8 3 7 10 14 17 18 21 22
2996 4934 8 3 7 10 14 17 18 22 23
5034 3222 8 3 7 10 14 18 19 20 21
5366 5336 8 3 7 10 14 18 19 20 23
2506 4442 8 3 7 10 14 18 19 21 22
5208 4728 8 3 7 10 14 18 19 21 22
2838 3922 8 3 7 10 14 18 19 22 23
5422 2512 8 3 7 10 14 18 19 22 23
2442 3816 5 3 7 10 14 18
3022 3758 10 3 7 11 12 16 17 18 20 21 22
3396 2568 10 3 7 11 12 16 17 18 20 22 23
3240 1478 10 3 7 11 12 16 18 19 20 22 23
2840 3734 7 3 7 11 12 16 18 20
5418 3650 7 3 7 11 12 16 18 20
3086 2544 7 3 7 11 12 16 18 22
3174 3722 10 3 7 11 12 17 18 19 20 21 22
3508 4998 10 3 7 11 12 17 18 19 20 22 23
2922 2702 7 3 7 11 12 17 18 20
5522 2556 7 3 7 11 12 17 18 20
3092 4054 7 3 7 11 12 17 18 22
5464 2912 7 3 7 11 12 18 19 20
2938 4840 7 3 7 11 12 18 19 22
3634 3174 8 3 7 11 16 19 20 21 22
4006 244 8 3 7 11 16 19 20 22 23
4088 1792 8 3 7 11 17 19 20 22 23
3528 3370 5 3 7 11 19 20
1000 5074 5 3 7 11 19 22
3144 3524 10 3 7 12 14 16 17 18 20 21 22
3516 1824 10 3 7 12 14 16 17 18 20 22 23
3360 5578 10 3 7 12 14 16 18 19 20 22 23
2960 3784 7 3 7 12 14 16 18 20
3206 5590 7 3 7 12 14 16 18 22
3296 3500 10 3 7 12 14 17 18 19 20 21 22
3628 4906 10 3 7 12 14 17 18 19 20 22 23
3044 4524 7 3 7 12 14 17 18 20
3212 2090 7 3 7 12 14 17 18 22
3058 4464 7 3 7 12 14 18 19 22
3754 1670 8 3 7 14 16 19 20 21 22
4126 2812 8 3 7 14 16 19 20 22 23
4208 856 8 3 7 14 17 19 20 22 23
3648 4976 5 3 7 14 19 20
1126 4616 5 3 7 14 19 22
3030 2188 7 4 5 6 11 12 13 18
3680 3332 8 4 5 6 11 13 19 21 22
4052 4584 8 4 5 6 11 13 19 22 23
3654 2330 5 4 5 6 11 13
3124 5066 7 4 5 6 12 13 14 18
3772 5412 8 4 5 6 13 14 19 21 22
4144 3410 8 4 5 6 13 14 19 22 23
3748 1160 5 4 5 6 13 14
3992 2704 6 4 5 6 13 15 21
4324 4916 6 4 5 6 13 15 23
4704 4918 5 4 5 6 13 21
5012 3194 5 4 5 6 13 23
5234 3900 7 4 5 8 9 11 13 19
5326 4126 7 4 5 8 9 13 14 19
4208 4688 7 4 5 8 11 13 15 19
4968 4130 6 4 5 8 11 13 19
4300 4958 7 4 5 8 13 14 15 19
5062 3956 6 4 5 8 13 14 19
2974 3562 10 4 5 9 11 13 16 19 20 22 23
5152 2888 7 4 5 9 11 13 16 20
5310 3772 7 4 5 9 11 13 17 20
5198 4300 7 4 5 9 11 13 19 20
3066 3622 10 4 5 9 13 14 16 19 20 22 23
5244 5164 7 4 5 9 13 14 16 20
5402 5326 7 4 5 9 13 14 17 20
5290 3924 7 4 5 9 13 14 19 20
2366 4964 8 4 5 11 12 13 18 19 22
3288 1816 9 4 5 11 13 16 19 20 22 23
2984 1342 6 4 5 11 13 19 22
2458 3730 8 4 5 12 13 14 18 19 22
3380 4404 9 4 5 13 14 16 19 20 22 23
3076 5124 6 4 5 13 14 19 22
3320 4224 7 4 5 13 15 19 21 22
3654 4780 7 4 5 13 15 19 22 23
4034 3166 6 4 5 13 19 21 22
4348 4644 6 4 5 13 19 22 23
3762 1670 8 4 6 7 11 13 19 21 22
4134 3106 8 4 6 7 11 13 19 22 23
3736 4038 5 4 6 7 11 13
3854 2762 8 4 6 7 13 14 19 21 22
4226 2524 8 4 6 7 13 14 19 22 23
3828 4522 5 4 6 7 13 14
4074 4102 6 4 6 7 13 15 21
4406 3812 6 4 6 7 13 15 23
4786 4208 5 4 6 7 13 21
5094 3736 5 4 6 7 13 23
3144 3804 6 4 6 10 11 18 21
3340 3830 6 4 6 10 11 18 21
3476 4302 6 4 6 10 11 18 23
3674 4642 6 4 6 10 11 18 23
3236 3506 6 4 6 10 14 18 21
3570 3130 6 4 6 10 14 18 23
3696 5068 5 4 6 11 12 18
4838 3692 6 4 6 11 16 20 21
5170 5358 6 4 6 11 16 20 23
4786 5396 6 4 6 11 16 21 22
5158 3732 6 4 6 11 16 22 23
2420 3606 6 4 6 11 17 20 21
2560 5674 6 4 6 11 17 20 23
2380 4278 6 4 6 11 17 21 22
5112 3616 6 4 6 11 17 22 23
2548 3090 6 4 6 11 17 22 23
4498 5014 6 4 6 11 19 20 21
4830 2530 6 4 6 11 19 20 23
5028 4914 6 4 6 11 19 20 23
1934 1952 6 4 6 11 19 21 22
4586 3266 6 4 6 11 19 21 22
4524 3894 6 4 6 11 19 21 22
4958 3896 6 4 6 11 19 22 23
4774 2458 6 4 6 11 19 22 23
2306 3544 6 4 6 11 19 22 23
1724 2504 3 4 6 11
1908 1940 3 4 6 11
3788 4948 5 4 6 12 14 18
4930 3442 6 4 6 14 16 20 21
5262 3504 6 4 6 14 16 20 23
4878 5460 6 4 6 14 16 21 22
5250 4730 6 4 6 14 16 22 23
4898 3206 6 4 6 14 17 20 21
2424 5414 6 4 6 14 17 20 21
2652 5284 6 4 6 14 17 20 23
2384 4970 6 4 6 14 17 21 22
2640 3502 6 4 6 14 17 22 23
4590 3968 6 4 6 14 19 20 21
4922 4878 6 4 6 14 19 20 23
5120 5070 6 4 6 14 19 20 23
2026 2946 6 4 6 14 19 21 22
4534 5202 6 4 6 14 19 21 22
4912 2228 6 4 6 14 19 22 23
2398 2196 6 4 6 14 19 22 23
2002 3192 3 4 6 14
1818 5578 3 4 6 14
2628 4288 7 4 6 15 17 20 21 23
2576 1112 7 4 6 15 17 21 22 23
2418 4272 7 4 6 15 19 21 22 23
2616 866 7 4 6 15 19 21 22 23
2056 2818 4 4 6 15 21
4970 3752 4 4 6 15 23
2388 3356 4 4 6 15 23
3316 2838 6 4 6 17 20 21 23
3264 5392 6 4 6 17 21 22 23
3108 4620 6 4 6 19 21 22 23
3292 5490 6 4 6 19 21 22 23
2768 4786 3 4 6 21
3082 5082 3 4 6 23
5304 4416 7 4 7 8 9 11 13 19
5396 4554 7 4 7 8 9 13 14 19
4278 4322 7 4 7 8 11 13 15 19
5038 4998 6 4 7 8 11 13 19
4370 4166 7 4 7 8 13 14 15 19
5130 5196 6 4 7 8 13 14 19
3042 2346 10 4 7 9 11 13 16 19 20 22 23
5222 4846 7 4 7 9 11 13 16 20
5380 4704 7 4 7 9 11 13 17 20
5266 4748 7 4 7 9 11 13 19 20
3134 3986 10 4 7 9 13 14 16 19 20 22 23
5314 4862 7 4 7 9 13 14 16 20
5472 4424 7 4 7 9 13 14 17 20
5358 5156 7 4 7 9 13 14 19 20
3356 3102 9 4 7 11 13 16 19 20 22 23
3054 3266 6 4 7 11 13 19 22
3448 2930 9 4 7 13 14 16 19 20 22 23
3146 4342 6 4 7 13 14 19 22
3390 2922 7 4 7 13 15 19 21 22
3722 4592 7 4 7 13 15 19 22 23
4102 5530 6 4 7 13 19 21 22
4416 3232 6 4 7 13 19 22 23
4040 3382 8 4 8 9 11 16 19 22 23
3644 2896 5 4 8 9 11 16
3628 2636 5 4 8 9 11 17
3488 1480 5 4 8 9 11 19
4134 3070 8 4 8 9 14 16 19 22 23
3736 3284 5 4 8 9 14 16
3720 4420 5 4 8 9 14 17
3580 3874 5 4 8 9 14 19
3974 3886 6 4 8 9 15 16 21
4306 962 6 4 8 9 15 16 23
3958 2746 6 4 8 9 15 17 21
4290 5320 6 4 8 9 15 17 23
3818 4936 6 4 8 9 15 19 21
4152 4850 6 4 8 9 15 19 23
4692 4970 5 4 8 9 16 21
5000 3274 5 4 8 9 16 23
4676 3970 5 4 8 9 17 21
4986 2392 5 4 8 9 17 23
4538 4290 5 4 8 9 19 21
4846 4594 5 4 8 9 19 23
3014 4848 8 4 8 11 15 16 19 22 23
2618 2974 5 4 8 11 15 16
2602 5024 5 4 8 11 15 17
2462 3218 5 4 8 11 15 19
3776 3078 7 4 8 11 16 19 22 23
3372 2922 4 4 8 11 16
3356 1900 4 4 8 11 17
3218 2356 4 4 8 11 19
3108 5304 8 4 8 14 15 16 19 22 23
2710 2228 5 4 8 14 15 16
5362 2592 5 4 8 14 15 16
2694 2340 5 4 8 14 15 17
5132 3196 5 4 8 14 15 19
2554 5000 5 4 8 14 15 19
3868 4284 7 4 8 14 16 19 22 23
3464 4838 4 4 8 14 16
3448 5222 4 4 8 14 17
3310 3448 4 4 8 14 19
3666 2156 5 4 8 15 16 21
3974 4310 5 4 8 15 16 23
3650 2094 5 4 8 15 17 21
3960 2984 5 4 8 15 17 23
3512 730 5 4 8 15 19 21
3820 5372 5 4 8 15 19 23
4422 2594 4 4 8 16 21
4736 2210 4 4 8 16 23
4406 4290 4 4 8 17 21
4720 5380 4 4 8 17 23
4266 4480 4 4 8 19 21
4580 3670 4 4 8 19 23
2250 2762 8 4 9 10 11 16 18 20 21
2582 3540 8 4 9 10 11 16 18 20 23
2664 3812 8 4 9 10 11 17 18 20 23
2342 2072 8 4 9 10 14 16 18 20 21
2674 4078 8 4 9 10 14 16 18 20 23
2756 4038 8 4 9 10 14 17 18 20 23
2798 3844 7 4 9 11 12 16 18 20
2880 1902 7 4 9 11 12 17 18 20
1896 5300 8 4 9 11 16 17 20 21 22
1936 3252 8 4 9 11 16 17 20 22 23
3432 2002 8 4 9 11 16 19 20 21 22
3508 3666 8 4 9 11 16 19 20 21 22
1228 3436 8 4 9 11 16 19 20 22 23
3804 4048 8 4 9 11 16 19 20 22 23
3880 824 8 4 9 11 16 19 20 22 23
824 3140 5 4 9 11 16 20
3590 5184 8 4 9 11 17 19 20 21 22
3962 3510 8 4 9 11 17 19 20 22 23
3562 4026 5 4 9 11 17 20
1656 3750 5 4 9 11 17 20
3452 2592 5 4 9 11 19 20
2890 3958 7 4 9 12 14 16 18 20
2974 1644 7 4 9 12 14 17 18 20
3754 3628 8 4 9 14 16 17 20 21 22
1900 3680 8 4 9 14 16 17 20 21 22
1940 5010 8 4 9 14 16 17 20 22 23
4126 3400 8 4 9 14 16 17 20 22 23
3524 3528 8 4 9 14 16 19 20 21 22
3600 1016 8 4 9 14 16 19 20 21 22
1320 5258 8 4 9 14 16 19 20 22 23
3896 3680 8 4 9 14 16 19 20 22 23
3972 3174 8 4 9 14 16 19 20 22 23
916 3668 5 4 9 14 16 20
3682 4080 8 4 9 14 17 19 20 21 22
4054 4014 8 4 9 14 17 19 20 22 23
3656 3376 5 4 9 14 17 20
1660 4444 5 4 9 14 17 20
3544 3900 5 4 9 14 19 20
1160 2760 6 4 9 15 16 20 21
1494 5086 6 4 9 15 16 20 23
4070 4320 6 4 9 15 16 20 23
3894 4604 6 4 9 15 17 20 21
1880 2190 6 4 9 15 17 20 21
4226 4088 6 4 9 15 17 20 23
1880 2674 6 4 9 15 17 20 23
3782 3294 6 4 9 15 19 20 21
4114 5488 6 4 9 15 19 20 23
2370 1000 8 4 9 16 17 20 21 22 23
2212 2242 8 4 9 16 19 20 21 22 23
2276 4390 8 4 9 16 19 20 21 22 23
1874 4298 5 4 9 16 20 21
2188 4266 5 4 9 16 20 23
4764 2554 5 4 9 16 20 23
4612 4400 5 4 9 17 20 21
2308 3292 5 4 9 17 20 21
2640 3608 5 4 9 17 20 23
4948 1166 5 4 9 17 20 23
4500 2314 5 4 9 19 20 21
4810 3522 5 4 9 19 20 23
2564 1616 7 4 10 11 16 18 20 21
2896 5206 7 4 10 11 16 18 20 23
2814 4656 7 4 10 11 16 18 21 22
3146 4350 7 4 10 11 16 18 22 23
2978 3312 7 4 10 11 17 18 20 23
3154 4498 7 4 10 11 17 18 22 23
2624 4978 7 4 10 11 18 19 21 22
2996 2430 7 4 10 11 18 19 22 23
2996 2694 7 4 10 11 18 19 22 23
2592 3974 4 4 10 11 18
2656 2690 7 4 10 14 16 18 20 21
2988 3836 7 4 10 14 16 18 20 23
2906 4978 7 4 10 14 16 18 21 22
3238 2562 7 4 10 14 16 18 22 23
3070 4772 7 4 10 14 17 18 20 23
3246 5538 7 4 10 14 17 18 22 23
2716 2442 7 4 10 14 18 19 21 22
3088 2012 7 4 10 14 18 19 22 23
2684 870 4 4 10 14 18
2930 1434 5 4 10 15 18 21
3262 5310 5 4 10 15 18 23
3642 5050 4 4 10 18 21
3956 5194 4 4 10 18 23
3112 4052 6 4 11 12 16 18 20
3362 4690 6 4 11 12 16 18 22
3194 4720 6 4 11 12 17 18 20
3370 4904 6 4 11 12 17 18 22
3214 1012 6 4 11 12 18 19 22
2184 4824 7 4 11 16 17 20 21 22
1882 5026 7 4 11 16 17 20 21 22
4278 4422 7 4 11 16 17 20 21 22
4610 3946 7 4 11 16 17 20 22 23
1922 3364 7 4 11 16 17 20 22 23
2184 2832 7 4 11 16 17 20 22 23
3746 5102 7 4 11 16 19 20 21 22
4168 3848 7 4 11 16 19 20 21 22
1542 2520 7 4 11 16 19 20 22 23
4500 2678 7 4 11 16 19 20 22 23
4118 2656 7 4 11 16 19 20 22 23
1138 4348 4 4 11 16 20
1388 3090 4 4 11 16 22
4126 3430 7 4 11 17 19 20 21 22
1888 3088 7 4 11 17 19 20 21 22
4460 5426 7 4 11 17 19 20 22 23
1888 2646 7 4 11 17 19 20 22 23
2244 1182 4 4 11 17 20
4046 4546 4 4 11 17 22
2238 5464 4 4 11 17 22
3766 4282 4 4 11 19 20
1238 2694 4 4 11 19 22
3890 2324 4 4 11 19 22
3204 2898 6 4 12 14 16 18 20
3454 3528 6 4 12 14 16 18 22
3286 3142 6 4 12 14 17 18 20
3462 5074 6 4 12 14 17 18 22
3306 3326 6 4 12 14 18 19 22
2190 3958 7 4 14 16 17 20 21 22
4398 4634 7 4 14 16 17 20 21 22
1888 4880 7 4 14 16 17 20 21 22
1928 4704 7 4 14 16 17 20 22 23
4440 2874 7 4 14 16 17 20 22 23
2190 4050 7 4 14 16 17 20 22 23
3914 1234 7 4 14 16 19 20 21 22
3838 1852 7 4 14 16 19 20 21 22
4210 4748 7 4 14 16 19 20 22 23
1634 3690 7 4 14 16 19 20 22 23
1230 3296 4 4 14 16 20
1480 3820 4 4 14 16 22
1894 4328 7 4 14 17 19 20 21 22
3996 4440 7 4 14 17 19 20 21 22
1970 4142 7 4 14 17 19 20 22 23
2248 3306 4 4 14 17 20
2242 4382 4 4 14 17 22
3858 4334 4 4 14 19 20
1330 2742 4 4 14 19 22
1996 5234 8 4 15 16 17 20 21 22 23
1838 3220 8 4 15 16 19 20 21 22 23
1474 3294 5 4 15 16 20 21
1806 2698 5 4 15 16 20 23
4302 3764 5 4 15 16 21 22
1724 3118 5 4 15 16 21 22
4634 4268 5 4 15 16 22 23
2058 3438 5 4 15 16 22 23
2142 4812 8 4 15 17 19 20 21 22 23
4214 4140 5 4 15 17 20 21
2468 3320 5 4 15 17 20 21
4546 4594 5 4 15 17 20 23
2468 2786 5 4 15 17 20 23
2464 4572 5 4 15 17 21 22
4380 4198 5 4 15 17 21 22
4716 4028 5 4 15 17 22 23
2464 5194 5 4 15 17 22 23
4102 4628 5 4 15 19 20 21
4434 2610 5 4 15 19 20 23
1574 826 5 4 15 19 21 22
4604 1454 5 4 15 19 22 23
1908 4588 5 4 15 19 22 23
2684 956 7 4 16 17 20 21 22 23
2526 3692 7 4 16 19 20 21 22 23
2188 2652 4 4 16 20 21
2502 4368 4 4 16 20 23
2438 5666 4 4 16 21 22
5454 2586 4 4 16 22 23
2746 4124 4 4 16 22 23
2836 2316 7 4 17 19 20 21 22 23
2896 5152 4 4 17 20 21
4954 3276 4 4 17 20 21
5262 3992 4 4 17 20 23
3228 5076 4 4 17 20 23
5096 3418 4 4 17 21 22
2890 4136 4 4 17 21 22
3222 5034 4 4 17 22 23
4814 4020 4 4 19 20 21
5122 5252 4 4 19 20 23
2288 5046 4 4 19 21 22
2596 1854 4 4 19 22 23
5504 2992 8 5 6 8 11 13 15 19 21
3576 1634 10 5 6 10 11 13 17 18 20 21 23
3524 4946 10 5 6 10 11 13 17 18 21 22 23
3368 4328 10 5 6 10 11 13 18 19 21 22 23
3368 3406 10 5 6 10 11 13 18 19 21 22 23
3010 1446 7 5 6 10 11 13 18 21
3342 2880 7 5 6 10 11 13 18 23
3668 1882 10 5 6 10 13 14 17 18 20 21 23
3616 4264 10 5 6 10 13 14 17 18 21 22 23
3460 3360 10 5 6 10 13 14 18 19 21 22 23
3460 2924 10 5 6 10 13 14 18 19 21 22 23
3102 5048 7 5 6 10 13 14 18 21
3434 1724 7 5 6 10 13 14 18 23
3678 2342 8 5 6 10 13 15 18 21 23
4368 1692 7 5 6 10 13 18 21 23
3792 4932 9 5 6 11 12 13 17 18 20 21
4126 5516 9 5 6 11 12 13 17 18 20 23
3742 4922 9 5 6 11 12 13 17 18 21 22
4114 5026 9 5 6 11 12 13 17 18 22 23
3738 2588 9 5 6 11 12 13 18 19 20 21
4070 5158 9 5 6 11 12 13 18 19 20 23
1444 4628 9 5 6 11 12 13 18 19 21 22
3498 3936 9 5 6 11 12 13 18 19 21 22
3566 4932 9 5 6 11 12 13 18 19 21 22
3586 3550 9 5 6 11 12 13 18 19 21 22
3870 4966 9 5 6 11 12 13 18 19 22 23
3956 3170 9 5 6 11 12 13 18 19 22 23
1484 3264 9 5 6 11 12 13 18 19 22 23
3938 2578 9 5 6 11 12 13 18 19 22 23
1244 3504 6 5 6 11 12 13 18
3472 2120 6 5 6 11 12 13 18
4878 3412 10 5 6 11 13 17 19 20 21 22 23
4548 4862 7 5 6 11 13 17 20 21
4882 4466 7 5 6 11 13 17 20 23
4498 4460 7 5 6 11 13 17 21 22
4870 5390 7 5 6 11 13 17 22 23
4364 5096 7 5 6 11 13 19 20 21
4696 3396 7 5 6 11 13 19 20 23
4266 4264 7 5 6 11 13 19 21 22
4638 5408 7 5 6 11 13 19 22 23
4240 4412 4 5 6 11 13
3886 584 9 5 6 12 13 14 17 18 20 21
4218 1138 9 5 6 12 13 14 17 18 20 23
3834 1382 9 5 6 12 13 14 17 18 21 22
4206 4866 9 5 6 12 13 14 17 18 22 23
3830 5490 9 5 6 12 13 14 18 19 20 21
4162 1740 9 5 6 12 13 14 18 19 20 23
1450 4406 9 5 6 12 13 14 18 19 21 22
3658 3906 9 5 6 12 13 14 18 19 21 22
3590 2550 9 5 6 12 13 14 18 19 21 22
4048 4742 9 5 6 12 13 14 18 19 22 23
4030 3158 9 5 6 12 13 14 18 19 22 23
1490 3872 9 5 6 12 13 14 18 19 22 23
3566 4302 6 5 6 12 13 14 18
1250 1776 6 5 6 12 13 14 18
1428 1230 7 5 6 12 13 15 18 21
3810 2474 7 5 6 12 13 15 18 21
1628 4444 7 5 6 12 13 15 18 23
4142 1502 7 5 6 12 13 15 18 23
2556 2558 9 5 6 12 13 17 18 20 21 23
2504 3002 9 5 6 12 13 17 18 21 22 23
2410 4852 9 5 6 12 13 18 19 21 22 23
2388 2862 9 5 6 12 13 18 19 21 22 23
4522 5154 6 5 6 12 13 18 21
2008 5034 6 5 6 12 13 18 21
4916 3016 6 5 6 12 13 18 23
2322 4484 6 5 6 12 13 18 23
4970 4656 10 5 6 13 14 17 19 20 21 22 23
4642 2898 7 5 6 13 14 17 20 21
4974 3392 7 5 6 13 14 17 20 23
4590 3788 7 5 6 13 14 17 21 22
4962 4490 7 5 6 13 14 17 22 23
4456 1804 7 5 6 13 14 19 20 21
4788 5028 7 5 6 13 14 19 20 23
4358 4758 7 5 6 13 14 19 21 22
2674 1758 7 5 6 13 14 19 21 22
4662 4140 7 5 6 13 14 19 22 23
4732 1226 7 5 6 13 14 19 22 23
4730 3256 7 5 6 13 14 19 22 23
2714 3644 7 5 6 13 14 19 22 23
2474 4626 4 5 6 13 14
4266 1146 4 5 6 13 14
5188 5094 8 5 6 13 15 16 20 21 23
5136 3914 8 5 6 13 15 16 21 22 23
5002 4322 8 5 6 13 15 17 20 21 23
2488 1716 8 5 6 13 15 17 20 21 23
5146 3356 8 5 6 13 15 17 20 21 23
2436 4028 8 5 6 13 15 17 21 22 23
4950 4934 8 5 6 13 15 17 21 22 23
5018 3306 8 5 6 13 15 17 21 22 23
5032 4584 8 5 6 13 15 19 20 21 23
4860 5136 8 5 6 13 15 19 21 22 23
2278 2058 8 5 6 13 15 19 21 22 23
4860 4922 8 5 6 13 15 19 21 22 23
2318 2198 8 5 6 13 15 19 21 22 23
2278 2446 8 5 6 13 15 19 21 22 23
4860 2576 8 5 6 13 15 19 21 22 23
4900 3720 8 5 6 13 15 19 21 22 23
4498 4670 5 5 6 13 15 21
1920 5174 5 5 6 13 15 21
2254 3654 5 5 6 13 15 23
3182 4872 7 5 6 13 17 20 21 23
3130 4110 7 5 6 13 17 21 22 23
2972 2128 7 5 6 13 19 21 22 23
2634 5312 4 5 6 13 21
2948 4874 4 5 6 13 23
4588 5114 9 5 8 9 10 11 13 18 19 21
4922 2230 9 5 8 9 10 11 13 18 19 23
4682 3486 9 5 8 9 10 13 14 18 19 21
5014 3652 9 5 8 9 10 13 14 18 19 23
3096 3390 11 5 8 9 11 12 13 16 18 19 22 23
5276 5254 8 5 8 9 11 12 13 16 18
5264 5094 8 5 8 9 11 12 13 17 18
2544 3844 8 5 8 9 11 12 13 18 19
5196 4564 8 5 8 9 11 12 13 18 19
3188 4550 11 5 8 9 12 13 14 16 18 19 22 23
5368 2216 8 5 8 9 12 13 14 16 18
5356 2278 8 5 8 9 12 13 14 17 18
2636 5356 8 5 8 9 12 13 14 18 19
5230 2608 8 5 8 9 12 13 14 18 19
2874 1448 9 5 8 9 12 13 15 18 19 21
3206 3356 9 5 8 9 12 13 15 18 19 23
3592 3742 8 5 8 9 12 13 18 19 21
3902 3744 8 5 8 9 12 13 18 19 23
4028 4310 9 5 8 9 13 14 16 19 22 23
3634 5528 6 5 8 9 13 14 19
4052 1956 10 5 8 9 13 15 16 19 21 22 23
4066 3322 10 5 8 9 13 15 17 19 20 21 23
4016 4696 10 5 8 9 13 15 17 19 21 22 23
3500 3864 7 5 8 9 13 15 19 21
3832 4716 7 5 8 9 13 15 19 23
4772 2812 9 5 8 9 13 16 19 21 22 23
4762 4214 9 5 8 9 13 17 19 20 21 23
4710 4276 9 5 8 9 13 17 19 21 22 23
4212 2484 6 5 8 9 13 19 21
4528 1228 6 5 8 9 13 19 23
3562 2876 9 5 8 10 11 13 15 18 19 21
3896 4638 9 5 8 10 11 13 15 18 19 23
4324 5036 8 5 8 10 11 13 18 19 21
4656 5342 8 5 8 10 11 13 18 19 23
3656 4720 9 5 8 10 13 14 15 18 19 21
3988 3828 9 5 8 10 13 14 15 18 19 23
4416 5094 8 5 8 10 13 14 18 19 21
4748 5208 8 5 8 10 13 14 18 19 23
2198 3732 11 5 8 11 12 13 15 16 18 19 22 23
4250 1290 8 5 8 11 12 13 15 16 18
4238 4508 8 5 8 11 12 13 15 17 18
1804 4254 8 5 8 11 12 13 15 18 19
4112 3942 8 5 8 11 12 13 15 18 19
2830 3360 10 5 8 11 12 13 16 18 19 22 23
5010 4694 7 5 8 11 12 13 16 18
4998 2346 7 5 8 11 12 13 17 18
4872 3594 7 5 8 11 12 13 18 19
2314 3840 7 5 8 11 12 13 18 19
5346 4220 9 5 8 11 13 15 16 19 22 23
4794 2278 6 5 8 11 13 15 19
4342 1132 8 5 8 12 13 14 15 16 18
4330 1478 8 5 8 12 13 14 15 17 18
4204 3872 8 5 8 12 13 14 15 18 19
1808 4056 8 5 8 12 13 14 15 18 19
2924 3394 10 5 8 12 13 14 16 18 19 22 23
5102 4128 7 5 8 12 13 14 16 18
5090 4134 7 5 8 12 13 14 17 18
2364 4666 7 5 8 12 13 14 18 19
2566 2804 8 5 8 12 13 15 18 19 21
2876 3544 8 5 8 12 13 15 18 19 23
3322 2226 7 5 8 12 13 18 19 21
3636 3010 7 5 8 12 13 18 19 23
5066 5438 9 5 8 13 14 15 16 19 21 22
3428 4100 9 5 8 13 14 15 16 19 22 23
5042 3274 6 5 8 13 14 15 16
5482 3292 9 5 8 13 14 15 17 19 20 23
5054 1262 9 5 8 13 14 15 17 19 21 22
5428 3498 9 5 8 13 14 15 17 19 22 23
5030 3986 6 5 8 13 14 15 17
3034 1410 6 5 8 13 14 15 19
4886 5496 6 5 8 13 14 15 19
3938 4722 8 5 8 13 14 16 19 22 23
3544 2604 5 5 8 13 14 19
3746 4386 9 5 8 13 15 16 19 21 22 23
3736 2568 9 5 8 13 15 17 19 20 21 23
3684 4688 9 5 8 13 15 17 19 21 22 23
3186 2486 6 5 8 13 15 19 21
3502 3352 6 5 8 13 15 19 23
4500 3110 8 5 8 13 16 19 21 22 23
4496 4034 8 5 8 13 17 19 20 21 23
4444 3914 8 5 8 13 17 19 21 22 23
3948 4134 5 5 8 13 19 21
4256 4114 5 5 8 13 19 23
2328 4392 12 5 9 10 11 13 16 18 19 20 21 22 23
4508 5432 9 5 9 10 11 13 16 18 20 21
4840 2986 9 5 9 10 11 13 16 18 20 23
4666 726 9 5 9 10 11 13 17 18 20 21
4998 2560 9 5 9 10 11 13 17 18 20 23
4552 5198 9 5 9 10 11 13 18 19 20 21
4884 4398 9 5 9 10 11 13 18 19 20 23
2420 3788 12 5 9 10 13 14 16 18 19 20 21 22 23
4600 1988 9 5 9 10 13 14 16 18 20 21
4932 1396 9 5 9 10 13 14 16 18 20 23
4758 3258 9 5 9 10 13 14 17 18 20 21
5088 1022 9 5 9 10 13 14 17 18 20 23
4644 5080 9 5 9 10 13 14 18 19 20 21
4976 5274 9 5 9 10 13 14 18 19 20 23
2720 2958 11 5 9 11 12 13 16 17 18 20 21 22
3092 4452 11 5 9 11 12 13 16 17 18 20 22 23
2486 2860 11 5 9 11 12 13 16 18 19 20 21 22
1012 4440 11 5 9 11 12 13 16 18 19 20 22 23
2860 2738 11 5 9 11 12 13 16 18 19 20 22 23
2860 3656 11 5 9 11 12 13 16 18 19 20 22 23
2462 2412 8 5 9 11 12 13 16 18 20
2646 4280 11 5 9 11 12 13 17 18 19 20 21 22
3018 4302 11 5 9 11 12 13 17 18 19 20 22 23
2620 5512 8 5 9 11 12 13 17 18 20
5102 5270 8 5 9 11 12 13 18 19 20
2506 3986 8 5 9 11 12 13 18 19 20
3560 3288 9 5 9 11 13 16 19 20 22 23
2812 5428 11 5 9 12 13 14 16 17 18 20 21 22
3184 3104 11 5 9 12 13 14 16 17 18 20 22 23
2580 3716 11 5 9 12 13 14 16 18 19 20 21 22
3028 2102 11 5 9 12 13 14 16 18 19 20 22 23
1016 1896 11 5 9 12 13 14 16 18 19 20 22 23
2554 3296 8 5 9 12 13 14 16 18 20
2738 4160 11 5 9 12 13 14 17 18 19 20 21 22
3110 4534 11 5 9 12 13 14 17 18 19 20 22 23
2712 4670 8 5 9 12 13 14 17 18 20
5304 3414 8 5 9 12 13 14 17 18 20
5194 4266 8 5 9 12 13 14 18 19 20
2600 2792 8 5 9 12 13 14 18 19 20
2792 2938 9 5 9 12 13 15 16 18 20 21
3124 3112 9 5 9 12 13 15 16 18 20 23
2950 3692 9 5 9 12 13 15 17 18 20 21
3284 4796 9 5 9 12 13 15 17 18 20 23
2838 3210 9 5 9 12 13 15 18 19 20 21
3170 3650 9 5 9 12 13 15 18 19 20 23
1624 4350 11 5 9 12 13 16 18 19 20 21 22 23
3510 2088 8 5 9 12 13 16 18 20 21
3820 3774 8 5 9 12 13 16 18 20 23
3670 1938 8 5 9 12 13 17 18 20 21
3978 3400 8 5 9 12 13 17 18 20 23
3556 2992 8 5 9 12 13 18 19 20 21
3864 1370 8 5 9 12 13 18 19 20 23
3512 3296 9 5 9 13 14 16 17 20 21 22
3884 1960 9 5 9 13 14 16 17 20 22 23
3280 2980 9 5 9 13 14 16 19 20 21 22
2242 2044 9 5 9 13 14 16 19 20 22 23
3652 4210 9 5 9 13 14 16 19 20 22 23
3248 3048 6 5 9 13 14 16 20
3438 3892 9 5 9 13 14 17 19 20 21 22
3810 5216 9 5 9 13 14 17 19 20 22 23
3406 4160 6 5 9 13 14 17 20
3294 1380 6 5 9 13 14 19 20
4050 4434 10 5 9 13 15 16 17 20 21 22 23
3934 4646 10 5 9 13 15 16 17 20 21 22 23
3776 3526 10 5 9 13 15 16 19 20 21 22 23
1514 3034 10 5 9 13 15 16 19 20 21 22 23
3816 1466 10 5 9 13 15 16 19 20 21 22 23
3418 2926 7 5 9 13 15 16 20 21
3750 4748 7 5 9 13 15 16 20 23
3974 2194 10 5 9 13 15 17 19 20 21 22 23
3934 5034 10 5 9 13 15 17 19 20 21 22 23
3576 5304 7 5 9 13 15 17 20 21
3910 1892 7 5 9 13 15 17 20 23
3464 2412 7 5 9 13 15 19 20 21
3796 732 7 5 9 13 15 19 20 23
4628 2566 9 5 9 13 16 17 20 21 22 23
4534 2012 9 5 9 13 16 19 20 21 22 23
1952 1220 9 5 9 13 16 19 20 21 22 23
4132 5230 6 5 9 13 16 20 21
4446 2420 6 5 9 13 16 20 23
4628 1190 9 5 9 13 17 19 20 21 22 23
4628 2320 9 5 9 13 17 19 20 21 22 23
4290 4586 6 5 9 13 17 20 21
4604 4370 6 5 9 13 17 20 23
4176 5246 6 5 9 13 19 20 21
4490 5366 6 5 9 13 19 20 23
2642 4458 11 5 10 11 13 16 18 19 20 21 22 23
4820 3012 8 5 10 11 13 16 18 20 21
5154 5192 8 5 10 11 13 16 18 20 23
5072 3132 8 5 10 11 13 16 18 21 22
5404 4512 8 5 10 11 13 16 18 22 23
2912 3156 11 5 10 11 13 17 18 19 20 21 22 23
4980 4180 8 5 10 11 13 17 18 20 21
5312 824 8 5 10 11 13 17 18 20 23
5154 3238 8 5 10 11 13 17 18 21 22
5488 5246 8 5 10 11 13 17 18 22 23
4866 4378 8 5 10 11 13 18 19 20 21
5198 4830 8 5 10 11 13 18 19 20 23
2338 4358 8 5 10 11 13 18 19 21 22
4956 3898 8 5 10 11 13 18 19 21 22
2672 5346 8 5 10 11 13 18 19 22 23
5254 4532 8 5 10 11 13 18 19 22 23
2734 2946 11 5 10 13 14 16 18 19 20 21 22 23
4914 5548 8 5 10 13 14 16 18 20 21
5246 1144 8 5 10 13 14 16 18 20 23
5164 3650 8 5 10 13 14 16 18 21 22
5496 4206 8 5 10 13 14 16 18 22 23
3004 5178 11 5 10 13 14 17 18 19 20 21 22 23
5072 3108 8 5 10 13 14 17 18 20 21
5402 3452 8 5 10 13 14 17 18 20 23
5246 5398 8 5 10 13 14 17 18 21 22
5578 2756 8 5 10 13 14 17 18 22 23
4958 3124 8 5 10 13 14 18 19 20 21
5290 730 8 5 10 13 14 18 19 20 23
5048 4640 8 5 10 13 14 18 19 21 22
2432 4678 8 5 10 13 14 18 19 21 22
2764 4518 8 5 10 13 14 18 19 22 23
5346 1138 8 5 10 13 14 18 19 22 23
2838 4682 8 5 10 13 14 18 19 22 23
5016 2920 5 5 10 13 14 18
2968 1880 9 5 10 13 15 18 19 21 22 23
5186 2840 6 5 10 13 15 18 21
3720 5416 8 5 10 13 18 19 21 22 23
3662 3276 8 5 10 13 18 19 21 22 23
3034 4974 10 5 11 12 13 16 17 18 20 21 22
3406 2432 10 5 11 12 13 16 17 18 20 22 23
2800 2592 10 5 11 12 13 16 18 19 20 21 22
3222 4534 10 5 11 12 13 16 18 19 20 21 22
1000 4226 10 5 11 12 13 16 18 19 20 22 23
3192 4070 10 5 11 12 13 16 18 19 20 22 23
3174 1598 10 5 11 12 13 16 18 19 20 22 23
2776 4014 7 5 11 12 13 16 18 20
3020 3142 7 5 11 12 13 16 18 22
2958 2520 10 5 11 12 13 17 18 19 20 21 22
3128 5146 10 5 11 12 13 17 18 19 20 21 22
3332 3058 10 5 11 12 13 17 18 19 20 22 23
3562 4338 10 5 11 12 13 17 18 19 20 22 23
5528 3144 7 5 11 12 13 17 18 20
2934 4498 7 5 11 12 13 17 18 20
3104 4504 7 5 11 12 13 17 18 22
2820 4226 7 5 11 12 13 18 19 20
5416 2418 7 5 11 12 13 18 19 20
726 3232 7 5 11 12 13 18 19 22
2888 2242 7 5 11 12 13 18 19 22
2946 3746 7 5 11 12 13 18 19 22
3874 2934 8 5 11 13 16 19 20 22 23
3878 4878 8 5 11 13 17 19 20 21 22
4210 2382 8 5 11 13 17 19 20 22 23
3570 5482 5 5 11 13 19 22
3126 2768 10 5 12 13 14 16 17 18 20 21 22
3498 4158 10 5 12 13 14 16 17 18 20 22 23
2892 4532 10 5 12 13 14 16 18 19 20 21 22
3012 3010 10 5 12 13 14 16 18 19 20 21 22
1004 4590 10 5 12 13 14 16 18 19 20 22 23
3266 1906 10 5 12 13 14 16 18 19 20 22 23
2868 2380 7 5 12 13 14 16 18 20
3112 3086 7 5 12 13 14 16 18 22
3052 3082 10 5 12 13 14 17 18 19 20 21 22
3424 2656 10 5 12 13 14 17 18 19 20 22 23
3610 3984 10 5 12 13 14 17 18 19 20 22 23
3026 4314 7 5 12 13 14 17 18 20
3196 2720 7 5 12 13 14 17 18 22
2912 2090 7 5 12 13 14 18 19 20
5490 5188 7 5 12 13 14 18 19 20
730 2004 7 5 12 13 14 18 19 22
3112 2208 8 5 12 13 15 16 18 20 21
3444 4802 8 5 12 13 15 16 18 20 23
3356 3240 8 5 12 13 15 16 18 21 22
3690 4600 8 5 12 13 15 16 18 22 23
3270 4448 8 5 12 13 15 17 18 20 21
3602 3600 8 5 12 13 15 17 18 20 23
3440 2392 8 5 12 13 15 17 18 21 22
3772 1264 8 5 12 13 15 17 18 22 23
3158 4512 8 5 12 13 15 18 19 20 21
3490 2738 8 5 12 13 15 18 19 20 23
910 5060 8 5 12 13 15 18 19 21 22
3206 5034 8 5 12 13 15 18 19 21 22
3540 5138 8 5 12 13 15 18 19 22 23
962 5662 8 5 12 13 15 18 19 22 23
1646 1808 10 5 12 13 16 18 19 20 21 22 23
3824 4046 7 5 12 13 16 18 20 21
4134 2044 7 5 12 13 16 18 20 23
4070 5040 7 5 12 13 16 18 21 22
4384 3168 7 5 12 13 16 18 22 23
1892 4478 10 5 12 13 17 18 19 20 21 22 23
3984 2912 7 5 12 13 17 18 20 21
4292 4712 7 5 12 13 17 18 20 23
4152 1494 7 5 12 13 17 18 21 22
4466 3074 7 5 12 13 17 18 22 23
3870 4512 7 5 12 13 18 19 20 21
4178 2598 7 5 12 13 18 19 20 23
1342 4926 7 5 12 13 18 19 21 22
3920 4210 7 5 12 13 18 19 21 22
4234 3196 7 5 12 13 18 19 22 23
1668 2458 7 5 12 13 18 19 22 23
494 4472 4 5 12 13 18
3826 3642 8 5 13 14 16 17 20 21 22
4198 4076 8 5 13 14 16 17 20 22 23
3592 4236 8 5 13 14 16 19 20 21 22
4166 2002 8 5 13 14 16 19 20 22 23
2228 2726 8 5 13 14 16 19 20 22 23
3966 5504 8 5 13 14 16 19 20 22 23
3562 4452 5 5 13 14 16 20
3812 3150 5 5 13 14 16 22
3902 4682 8 5 13 14 17 19 20 21 22
4168 4114 8 5 13 14 17 19 20 22 23
4302 2148 8 5 13 14 17 19 20 22 23
4124 5070 8 5 13 14 17 19 20 22 23
3720 5472 5 5 13 14 17 20
3896 3204 5 5 13 14 17 22
3608 3770 5 5 13 14 19 20
3662 1714 5 5 13 14 19 22
1956 2628 5 5 13 14 19 22
4550 2838 9 5 13 15 16 17 20 21 22 23
4252 3864 9 5 13 15 16 17 20 21 22 23
4626 3014 9 5 13 15 16 17 20 21 22 23
4136 2758 9 5 13 15 16 19 20 21 22 23
4136 2308 9 5 13 15 16 19 20 21 22 23
4336 240 9 5 13 15 16 19 20 21 22 23
1554 3092 9 5 13 15 16 19 20 21 22 23
3732 2382 6 5 13 15 16 20 21
4064 3736 6 5 13 15 16 20 23
3982 3226 6 5 13 15 16 21 22
4316 5024 6 5 13 15 16 22 23
4254 2846 9 5 13 15 17 19 20 21 22 23
4294 4236 9 5 13 15 17 19 20 21 22 23
1822 4472 9 5 13 15 17 19 20 21 22 23
4476 2892 9 5 13 15 17 19 20 21 22 23
4400 3958 9 5 13 15 17 19 20 21 22 23
3890 2868 6 5 13 15 17 20 21
4224 4860 6 5 13 15 17 20 23
4066 4612 6 5 13 15 17 21 22
4398 3696 6 5 13 15 17 22 23
3778 4380 6 5 13 15 19 20 21
4110 2248 6 5 13 15 19 20 23
1250 2652 6 5 13 15 19 21 22
4166 5524 6 5 13 15 19 22 23
1582 2990 6 5 13 15 19 22 23
4942 3196 8 5 13 16 17 20 21 22 23
5244 4804 8 5 13 16 17 20 21 22 23
4784 3052 8 5 13 16 19 20 21 22 23
2266 3054 8 5 13 16 19 20 21 22 23
5048 5052 8 5 13 16 19 20 21 22 23
4848 2566 8 5 13 16 19 20 21 22 23
4444 3730 5 5 13 16 20 21
4760 3550 5 5 13 16 20 23
4696 5308 5 5 13 16 21 22
5004 3880 5 5 13 16 22 23
2512 4170 8 5 13 17 19 20 21 22 23
5094 4306 8 5 13 17 19 20 21 22 23
4942 5130 8 5 13 17 19 20 21 22 23
5006 1882 8 5 13 17 19 20 21 22 23
4604 3566 5 5 13 17 20 21
4918 4748 5 5 13 17 20 23
4778 2598 5 5 13 17 21 22
5088 3942 5 5 13 17 22 23
4490 4580 5 5 13 19 20 21
4804 4496 5 5 13 19 20 23
1962 1854 5 5 13 19 21 22
4854 2450 5 5 13 19 22 23
2278 4770 5 5 13 19 22 23
778 3934 2 5 13
5584 4842 8 6 7 8 11 13 15 19 21
5676 4260 8 6 7 8 13 14 15 19 21
3656 4016 10 6 7 10 11 13 17 18 20 21 23
3604 3742 10 6 7 10 11 13 17 18 21 22 23
3446 4874 10 6 7 10 11 13 18 19 21 22 23
3090 4062 7 6 7 10 11 13 18 21
3422 4122 7 6 7 10 11 13 18 23
3748 3940 10 6 7 10 13 14 17 18 20 21 23
3696 2924 10 6 7 10 13 14 17 18 21 22 23
3540 2066 10 6 7 10 13 14 18 19 21 22 23
3580 5076 10 6 7 10 13 14 18 19 21 22 23
3182 1244 7 6 7 10 13 14 18 21
3514 5224 7 6 7 10 13 14 18 23
3758 4534 8 6 7 10 13 15 18 21 23
4448 4278 7 6 7 10 13 18 21 23
3872 5088 9 6 7 11 12 13 17 18 20 21
4206 5244 9 6 7 11 12 13 17 18 20 23
3820 4412 9 6 7 11 12 13 17 18 21 22
4194 3260 9 6 7 11 12 13 17 18 22 23
3666 3978 9 6 7 11 12 13 18 19 21 22
4038 4676 9 6 7 11 12 13 18 19 22 23
3640 3444 6 6 7 11 12 13 18
4958 956 10 6 7 11 13 17 19 20 21 22 23
4628 3558 7 6 7 11 13 17 20 21
4962 2556 7 6 7 11 13 17 20 23
4576 3330 7 6 7 11 13 17 21 22
4950 3104 7 6 7 11 13 17 22 23
4444 2940 7 6 7 11 13 19 20 21
4776 5562 7 6 7 11 13 19 20 23
4348 5254 7 6 7 11 13 19 21 22
4720 4074 7 6 7 11 13 19 22 23
4720 5242 7 6 7 11 13 19 22 23
4322 3212 4 6 7 11 13
3964 2018 9 6 7 12 13 14 17 18 20 21
4298 3944 9 6 7 12 13 14 17 18 20 23
3914 1510 9 6 7 12 13 14 17 18 21 22
4286 3610 9 6 7 12 13 14 17 18 22 23
3746 2388 9 6 7 12 13 14 18 19 21 22
4118 2642 9 6 7 12 13 14 18 19 22 23
3732 4034 6 6 7 12 13 14 18
3978 2172 7 6 7 12 13 15 18 21
4310 2152 7 6 7 12 13 15 18 23
4690 3166 6 6 7 12 13 18 21
4998 2528 6 6 7 12 13 18 23
5050 3812 10 6 7 13 14 17 19 20 21 22 23
4720 4526 7 6 7 13 14 17 20 21
5054 868 7 6 7 13 14 17 20 23
4670 4210 7 6 7 13 14 17 21 22
5042 898 7 6 7 13 14 17 22 23
4536 5262 7 6 7 13 14 19 20 21
4868 3340 7 6 7 13 14 19 20 23
4440 3742 7 6 7 13 14 19 21 22
4440 3476 7 6 7 13 14 19 21 22
4812 3442 7 6 7 13 14 19 22 23
4414 2214 4 6 7 13 14
5268 4628 8 6 7 13 15 16 20 21 23
5216 3640 8 6 7 13 15 16 21 22 23
5150 5504 8 6 7 13 15 17 20 21 23
2760 1806 8 6 7 13 15 17 20 21 23
5068 2118 8 6 7 13 15 17 20 21 23
5098 3236 8 6 7 13 15 17 21 22 23
2720 4888 8 6 7 13 15 17 21 22 23
5174 4628 8 6 7 13 15 17 21 22 23
5112 2344 8 6 7 13 15 19 20 21 23
5112 3592 8 6 7 13 15 19 20 21 23
4940 5010 8 6 7 13 15 19 21 22 23
4980 3722 8 6 7 13 15 19 21 22 23
2626 4956 8 6 7 13 15 19 21 22 23
2586 3456 8 6 7 13 15 19 21 22 23
2586 1808 8 6 7 13 15 19 21 22 23
2386 1852 5 6 7 13 15 21
4910 3020 5 6 7 13 15 23
2386 2826 5 6 7 13 15 23
3262 4224 7 6 7 13 17 20 21 23
3210 716 7 6 7 13 17 21 22 23
3110 4992 7 6 7 13 19 21 22 23
3110 5052 7 6 7 13 19 21 22 23
2812 4416 4 6 7 13 21
3144 3972 4 6 7 13 23
4322 1656 9 6 8 11 15 17 19 20 21 23
4272 2876 9 6 8 11 15 17 19 21 22 23
3756 5270 6 6 8 11 15 19 21
4088 2498 6 6 8 11 15 19 23
4416 3894 9 6 8 14 15 17 19 20 21 23
4364 3876 9 6 8 14 15 17 19 21 22 23
3848 1320 6 6 8 14 15 19 21
4182 4160 6 6 8 14 15 19 23
5268 2240 6 6 8 15 16 21 23
5182 4422 6 6 8 15 17 21 23
5114 3498 6 6 8 15 19 21 23
4522 3684 8 6 10 11 16 18 20 21 23
4470 4994 8 6 10 11 16 18 21 22 23
1828 2624 8 6 10 11 17 18 20 21 23
4480 4830 8 6 10 11 17 18 20 21 23
4286 3606 8 6 10 11 17 18 21 22 23
1776 5404 8 6 10 11 17 18 21 22 23
4380 1640 8 6 10 11 18 19 20 21 23
4128 4492 8 6 10 11 18 19 21 22 23
4196 3238 8 6 10 11 18 19 21 22 23
1620 3338 8 6 10 11 18 19 21 22 23
1660 4056 8 6 10 11 18 19 21 22 23
1262 4832 5 6 10 11 18 21
4260 4036 5 6 10 11 18 23
1594 5238 5 6 10 11 18 23
4614 4762 8 6 10 14 16 18 20 21 23
4564 5150 8 6 10 14 16 18 21 22 23
1920 2430 8 6 10 14 17 18 20 21 23
4586 4404 8 6 10 14 17 18 20 21 23
4586 3772 8 6 10 14 17 18 20 21 23
1868 3486 8 6 10 14 17 18 21 22 23
4378 4314 8 6 10 14 17 18 21 22 23
4522 3784 8 6 10 14 17 18 21 22 23
4472 2290 8 6 10 14 18 19 20 21 23
1712 5450 8 6 10 14 18 19 21 22 23
4300 3626 8 6 10 14 18 19 21 22 23
1752 2506 8 6 10 14 18 19 21 22 23
4288 1972 8 6 10 14 18 19 21 22 23
3862 3894 5 6 10 14 18 21
1354 4320 5 6 10 14 18 21
1686 4332 5 6 10 14 18 23
4264 3624 5 6 10 14 18 23
1938 3464 6 6 10 15 18 21 23
4440 4778 6 6 10 15 18 21 23
1938 3026 6 6 10 15 18 21 23
5196 3012 5 6 10 18 21 23
2650 3860 5 6 10 18 21 23
2632 4442 5 6 10 18 21 23
4740 1526 7 6 11 12 16 18 20 21
5072 5398 7 6 11 12 16 18 20 23
4688 3204 7 6 11 12 16 18 21 22
5060 3320 7 6 11 12 16 18 22 23
2044 2306 7 6 11 12 17 18 20 21
2378 2948 7 6 11 12 17 18 20 23
4886 4846 7 6 11 12 17 18 20 23
1994 3010 7 6 11 12 17 18 21 22
2366 3632 7 6 11 12 17 18 22 23
4874 2502 7 6 11 12 17 18 22 23
4598 4872 7 6 11 12 18 19 20 21
4932 3308 7 6 11 12 18 19 20 23
1838 2258 7 6 11 12 18 19 21 22
4346 1908 7 6 11 12 18 19 21 22
4718 3116 7 6 11 12 18 19 22 23
4800 3762 7 6 11 12 18 19 22 23
2210 4810 7 6 11 12 18 19 22 23
4478 3122 4 6 11 12 18
1812 3082 4 6 11 12 18
5424 1744 5 6 11 16 20 21
5372 3670 5 6 11 16 21 22
3130 1724 8 6 11 17 19 20 21 22 23
5310 3416 5 6 11 17 20 21
3122 2382 5 6 11 17 20 21
3146 1974 5 6 11 17 20 23
5326 5018 5 6 11 17 21 22
3082 4724 5 6 11 17 21 22
3134 3274 5 6 11 17 22 23
2616 2484 5 6 11 19 20 21
2948 5196 5 6 11 19 20 23
5028 4876 5 6 11 19 21 22
2520 3280 5 6 11 19 21 22
2892 3508 5 6 11 19 22 23
2346 1182 2 6 11
4832 3116 7 6 12 14 16 18 20 21
5164 4662 7 6 12 14 16 18 20 23
4780 3128 7 6 12 14 16 18 21 22
5152 4172 7 6 12 14 16 18 22 23
4646 3204 7 6 12 14 17 18 20 21
2138 2634 7 6 12 14 17 18 20 21
2470 2770 7 6 12 14 17 18 20 23
5134 3826 7 6 12 14 17 18 20 23
4594 1238 7 6 12 14 17 18 21 22
2086 5318 7 6 12 14 17 18 21 22
5034 4356 7 6 12 14 17 18 22 23
2458 2934 7 6 12 14 17 18 22 23
4692 5148 7 6 12 14 18 19 20 21
5024 3900 7 6 12 14 18 19 20 23
4596 850 7 6 12 14 18 19 21 22
1930 3634 7 6 12 14 18 19 21 22
4812 2084 7 6 12 14 18 19 22 23
2302 3490 7 6 12 14 18 19 22 23
5012 5126 7 6 12 14 18 19 22 23
4414 3092 4 6 12 14 18
1906 2522 4 6 12 14 18
2726 3004 8 6 12 15 17 18 20 21 23
2726 3776 8 6 12 15 17 18 20 21 23
2674 2346 8 6 12 15 17 18 21 22 23
2520 4208 8 6 12 15 18 19 21 22 23
2520 4364 8 6 12 15 18 19 21 22 23
2156 2086 5 6 12 15 18 21
2488 4492 5 6 12 15 18 23
4990 4786 5 6 12 15 18 23
3418 3496 7 6 12 17 18 20 21 23
3416 4384 7 6 12 17 18 20 21 23
3364 4398 7 6 12 17 18 21 22 23
3208 2524 7 6 12 18 19 21 22 23
3208 4720 7 6 12 18 19 21 22 23
2870 4048 4 6 12 18 21
3184 5076 4 6 12 18 23
5516 5112 5 6 14 16 20 21
5464 3868 5 6 14 16 21 22
3262 4370 8 6 14 17 19 20 21 22 23
3222 4124 8 6 14 17 19 20 21 22 23
3076 2500 5 6 14 17 20 21
3238 3828 5 6 14 17 20 23
5350 4062 5 6 14 17 21 22
3036 4852 5 6 14 17 21 22
3226 2288 5 6 14 17 22 23
2708 2616 5 6 14 19 20 21
3040 5358 5 6 14 19 20 23
2612 4458 5 6 14 19 21 22
5164 5032 5 6 14 19 21 22
5202 2726 5 6 14 19 21 22
2984 2940 5 6 14 19 22 23
2438 4250 2 6 14
3434 4238 6 6 15 16 20 21 23
3382 2830 6 6 15 16 21 22 23
3248 1142 6 6 15 17 20 21 23
1316 4854 6 6 15 17 20 21 23
3354 4590 6 6 15 17 21 22 23
1276 3462 6 6 15 17 21 22 23
3196 4034 6 6 15 17 21 22 23
3292 4076 6 6 15 19 20 21 23
1142 772 6 6 15 19 21 22 23
3078 3660 6 6 15 19 21 22 23
1182 4776 6 6 15 19 21 22 23
942 4416 3 6 15 21
2682 3498 3 6 15 21
3014 1936 3 6 15 23
942 3992 3 6 15 23
4128 2486 5 6 16 20 21 23
4076 4604 5 6 16 21 22 23
1434 3040 5 6 17 20 21 23
4010 4160 5 6 17 20 21 23
1380 2612 5 6 17 21 22 23
3890 4022 5 6 17 21 22 23
3986 3542 5 6 19 20 21 23
3734 3962 5 6 19 21 22 23
1902 3276 5 6 19 21 22 23
3872 3976 5 6 19 21 22 23
1610 2590 5 6 19 21 22 23
1370 2656 2 6 21
1714 4810 2 6 23
4656 3326 9 7 8 9 10 11 13 18 19 21
4988 3482 9 7 8 9 10 11 13 18 19 23
4748 1428 9 7 8 9 10 13 14 18 19 21
5080 5598 9 7 8 9 10 13 14 18 19 23
5208 4512 8 7 8 9 11 12 13 18 19
5300 5508 8 7 8 9 12 13 14 18 19
4120 1874 10 7 8 9 13 15 16 19 21 22 23
4134 4292 10 7 8 9 13 15 17 19 20 21 23
4082 792 10 7 8 9 13 15 17 19 21 22 23
3568 3926 7 7 8 9 13 15 19 21
3900 5358 7 7 8 9 13 15 19 23
4838 2376 9 7 8 9 13 16 19 21 22 23
4828 4218 9 7 8 9 13 17 19 20 21 23
4776 4152 9 7 8 9 13 17 19 21 22 23
4280 5510 6 7 8 9 13 19 21
4594 3328 6 7 8 9 13 19 23
3630 1430 9 7 8 10 11 13 15 18 19 21
3962 3672 9 7 8 10 11 13 15 18 19 23
4390 4996 8 7 8 10 11 13 18 19 21
4724 3366 8 7 8 10 11 13 18 19 23
3722 1330 9 7 8 10 13 14 15 18 19 21
4054 4950 9 7 8 10 13 14 15 18 19 23
4484 2968 8 7 8 10 13 14 18 19 21
4816 1376 8 7 8 10 13 14 18 19 23
4182 4322 8 7 8 11 12 13 15 18 19
4942 5208 7 7 8 11 12 13 18 19
5416 3560 9 7 8 11 13 15 16 19 22 23
4864 4038 6 7 8 11 13 15 19
4274 4140 8 7 8 12 13 14 15 18 19
5034 3662 7 7 8 12 13 14 18 19
5508 4964 9 7 8 13 14 15 16 19 22 23
4956 2598 6 7 8 13 14 15 19
3812 3002 9 7 8 13 15 16 19 21 22 23
3802 4884 9 7 8 13 15 17 19 20 21 23
3750 3178 9 7 8 13 15 17 19 21 22 23
3358 3814 6 7 8 13 15 19 21
3634 3720 6 7 8 13 15 19 23
4568 3734 8 7 8 13 16 19 21 22 23
4564 3928 8 7 8 13 17 19 20 21 23
4512 3052 8 7 8 13 17 19 21 22 23
4014 3870 5 7 8 13 19 21
4324 4052 5 7 8 13 19 23
2442 2500 12 7 9 10 11 13 16 18 19 20 21 22 23
4574 4894 9 7 9 10 11 13 16 18 20 21
4906 4626 9 7 9 10 11 13 16 18 20 23
4732 4066 9 7 9 10 11 13 17 18 20 21
5066 1224 9 7 9 10 11 13 17 18 20 23
4620 2648 9 7 9 10 11 13 18 19 20 21
4952 2650 9 7 9 10 11 13 18 19 20 23
2488 4210 12 7 9 10 13 14 16 18 19 20 21 22 23
4666 2760 9 7 9 10 13 14 16 18 20 21
5000 3460 9 7 9 10 13 14 16 18 20 23
4824 3416 9 7 9 10 13 14 17 18 20 21
5158 5582 9 7 9 10 13 14 17 18 20 23
4712 3468 9 7 9 10 13 14 18 19 20 21
5044 3896 9 7 9 10 13 14 18 19 20 23
2946 4968 11 7 9 11 12 13 16 18 19 20 22 23
5126 4902 8 7 9 11 12 13 16 18 20
5284 4050 8 7 9 11 12 13 17 18 20
5170 3258 8 7 9 11 12 13 18 19 20
3628 4440 9 7 9 11 13 16 19 20 22 23
3038 1918 11 7 9 12 13 14 16 18 19 20 22 23
5218 3368 8 7 9 12 13 14 16 18 20
5376 4576 8 7 9 12 13 14 17 18 20
5262 2512 8 7 9 12 13 14 18 19 20
3720 2384 9 7 9 13 14 16 19 20 22 23
4000 5126 10 7 9 13 15 16 17 20 21 22 23
3844 3012 10 7 9 13 15 16 19 20 21 22 23
2140 2386 10 7 9 13 15 16 19 20 21 22 23
3486 4972 7 7 9 13 15 16 20 21
3818 2122 7 7 9 13 15 16 20 23
4002 3562 10 7 9 13 15 17 19 20 21 22 23
4002 3628 10 7 9 13 15 17 19 20 21 22 23
3644 5126 7 7 9 13 15 17 20 21
3976 3754 7 7 9 13 15 17 20 23
3530 3848 7 7 9 13 15 19 20 21
3864 2254 7 7 9 13 15 19 20 23
4694 4782 9 7 9 13 16 17 20 21 22 23
2568 3278 9 7 9 13 16 19 20 21 22 23
4602 3128 9 7 9 13 16 19 20 21 22 23
4198 2432 6 7 9 13 16 20 21
4512 3026 6 7 9 13 16 20 23
4760 4942 9 7 9 13 17 19 20 21 22 23
4696 4376 9 7 9 13 17 19 20 21 22 23
4356 2138 6 7 9 13 17 20 21
4670 3108 6 7 9 13 17 20 23
4244 2380 6 7 9 13 19 20 21
4558 3570 6 7 9 13 19 20 23
2710 5150 11 7 10 11 13 16 18 19 20 21 22 23
4888 2288 8 7 10 11 13 16 18 20 21
5220 2628 8 7 10 11 13 16 18 20 23
5138 2738 8 7 10 11 13 16 18 21 22
5470 3988 8 7 10 11 13 16 18 22 23
2978 4196 11 7 10 11 13 17 18 19 20 21 22 23
5046 1856 8 7 10 11 13 17 18 20 21
5378 2460 8 7 10 11 13 17 18 20 23
5222 4030 8 7 10 11 13 17 18 21 22
5554 4960 8 7 10 11 13 17 18 22 23
4934 3328 8 7 10 11 13 18 19 20 21
5266 2906 8 7 10 11 13 18 19 20 23
4988 3954 8 7 10 11 13 18 19 21 22
2406 2244 8 7 10 11 13 18 19 21 22
5320 4446 8 7 10 11 13 18 19 22 23
2738 3400 8 7 10 11 13 18 19 22 23
2802 4918 11 7 10 13 14 16 18 19 20 21 22 23
4980 5334 8 7 10 13 14 16 18 20 21
5312 5472 8 7 10 13 14 16 18 20 23
5230 5424 8 7 10 13 14 16 18 21 22
5564 3514 8 7 10 13 14 16 18 22 23
3070 3422 11 7 10 13 14 17 18 19 20 21 22 23
5138 1472 8 7 10 13 14 17 18 20 21
5472 4814 8 7 10 13 14 17 18 20 23
5314 3754 8 7 10 13 14 17 18 21 22
5646 2250 8 7 10 13 14 17 18 22 23
5026 688 8 7 10 13 14 18 19 20 21
5358 2978 8 7 10 13 14 18 19 20 23
2498 4070 8 7 10 13 14 18 19 21 22
5080 3406 8 7 10 13 14 18 19 21 22
5534 962 8 7 10 13 14 18 19 22 23
2830 4600 8 7 10 13 14 18 19 22 23
3036 4110 9 7 10 13 15 18 19 21 22 23
5254 3818 6 7 10 13 15 18 21
3730 2764 8 7 10 13 18 19 21 22 23
3260 2564 10 7 11 12 13 16 18 19 20 22 23
5440 5324 7 7 11 12 13 16 18 20
3196 4780 10 7 11 12 13 17 18 19 20 21 22
3528 5166 10 7 11 12 13 17 18 19 20 22 23
5598 5142 7 7 11 12 13 17 18 20
5484 1970 7 7 11 12 13 18 19 20
2958 2624 7 7 11 12 13 18 19 22
3942 3262 8 7 11 13 16 19 20 22 23
4022 4154 8 7 11 13 17 19 20 21 22
4278 4552 8 7 11 13 17 19 20 22 23
3640 3634 5 7 11 13 19 22
3352 2038 10 7 12 13 14 16 18 19 20 22 23
3288 1858 10 7 12 13 14 17 18 19 20 21 22
3620 3742 10 7 12 13 14 17 18 19 20 22 23
5690 4040 7 7 12 13 14 17 18 20
5576 2586 7 7 12 13 14 18 19 20
3050 3792 7 7 12 13 14 18 19 22
3294 4990 8 7 12 13 15 18 19 21 22
3626 5560 8 7 12 13 15 18 19 22 23
4006 3368 7 7 12 13 18 19 21 22
4320 2586 7 7 12 13 18 19 22 23
4034 3608 8 7 13 14 16 19 20 22 23
4038 4134 8 7 13 14 17 19 20 21 22
4370 4414 8 7 13 14 17 19 20 22 23
3732 862 5 7 13 14 19 22
4396 3740 9 7 13 15 16 17 20 21 22 23
4320 2584 9 7 13 15 16 17 20 21 22 23
4322 5406 9 7 13 15 16 19 20 21 22 23
4162 2272 9 7 13 15 16 19 20 21 22 23
4282 3550 9 7 13 15 16 19 20 21 22 23
2128 4816 9 7 13 15 16 19 20 21 22 23
3800 3956 6 7 13 15 16 20 21
4132 1470 6 7 13 15 16 20 23
4050 4378 6 7 13 15 16 21 22
4382 3660 6 7 13 15 16 22 23
4322 3764 9 7 13 15 17 19 20 21 22 23
4322 2142 9 7 13 15 17 19 20 21 22 23
2228 1004 9 7 13 15 17 19 20 21 22 23
3958 3448 6 7 13 15 17 20 21
4290 3984 6 7 13 15 17 20 23
4134 4568 6 7 13 15 17 21 22
4466 4958 6 7 13 15 17 22 23
3844 2684 6 7 13 15 19 20 21
4176 5082 6 7 13 15 19 20 23
1854 3252 6 7 13 15 19 21 22
3900 3470 6 7 13 15 19 21 22
1854 2214 6 7 13 15 19 22 23
4232 4112 6 7 13 15 19 22 23
5008 3780 8 7 13 16 17 20 21 22 23
5148 2742 8 7 13 16 17 20 21 22 23
5274 3028 8 7 13 16 19 20 21 22 23
5116 2880 8 7 13 16 19 20 21 22 23
4852 4966 8 7 13 16 19 20 21 22 23
2554 3592 8 7 13 16 19 20 21 22 23
4852 4206 8 7 13 16 19 20 21 22 23
4512 3748 5 7 13 16 20 21
4826 3922 5 7 13 16 20 23
4762 3946 5 7 13 16 21 22
5070 4968 5 7 13 16 22 23
5160 4910 8 7 13 17 19 20 21 22 23
2578 5340 8 7 13 17 19 20 21 22 23
5010 5424 8 7 13 17 19 20 21 22 23
5074 5274 8 7 13 17 19 20 21 22 23
4670 4050 5 7 13 17 20 21
4984 2434 5 7 13 17 20 23
4846 2656 5 7 13 17 21 22
5154 4176 5 7 13 17 22 23
4558 3886 5 7 13 19 20 21
4872 4294 5 7 13 19 20 23
2280 4980 5 7 13 19 21 22
4612 2962 5 7 13 19 21 22
4920 3660 5 7 13 19 22 23
2612 4018 5 7 13 19 22 23
3562 3262 10 8 9 10 11 16 17 18 20 21 23
3510 4832 10 8 9 10 11 16 17 18 21 22 23
3394 4550 10 8 9 10 11 16 18 19 21 22 23
2996 4244 7 8 9 10 11 16 18 21
3328 2458 7 8 9 10 11 16 18 23
3408 3766 10 8 9 10 11 17 18 19 20 21 23
3356 4756 10 8 9 10 11 17 18 19 21 22 23
5560 3448 7 8 9 10 11 17 18 21
3240 3562 7 8 9 10 11 17 18 23
2842 4752 7 8 9 10 11 18 19 21
3174 3302 7 8 9 10 11 18 19 23
3654 3024 10 8 9 10 14 16 17 18 20 21 23
3604 3960 10 8 9 10 14 16 17 18 21 22 23
3486 2430 10 8 9 10 14 16 18 19 21 22 23
3088 1780 7 8 9 10 14 16 18 21
3420 2342 7 8 9 10 14 16 18 23
3500 3966 10 8 9 10 14 17 18 19 20 21 23
3448 5198 10 8 9 10 14 17 18 19 21 22 23
5654 3240 7 8 9 10 14 17 18 21
3334 3680 7 8 9 10 14 17 18 23
2934 3246 7 8 9 10 14 18 19 21
3266 3728 7 8 9 10 14 18 19 23
3660 5212 8 8 9 10 15 16 18 21 23
3572 5264 8 8 9 10 15 17 18 21 23
3504 3026 8 8 9 10 15 18 19 21 23
4354 3030 7 8 9 10 16 18 21 23
4290 3908 7 8 9 10 17 18 21 23
4198 1222 7 8 9 10 18 19 21 23
3780 2996 9 8 9 11 12 16 17 18 20 21
4112 5584 9 8 9 11 12 16 17 18 20 23
3728 3940 9 8 9 11 12 16 17 18 21 22
4100 3630 9 8 9 11 12 16 17 18 22 23
3944 2092 9 8 9 11 12 16 18 19 22 23
3546 916 6 8 9 11 12 16 18
3624 1480 9 8 9 11 12 17 18 19 20 21
3956 3732 9 8 9 11 12 17 18 19 20 23
3572 4558 9 8 9 11 12 17 18 19 21 22
3946 5534 9 8 9 11 12 17 18 19 22 23
3458 4724 6 8 9 11 12 17 18
3392 1872 6 8 9 11 12 18 19
3192 4456 11 8 9 11 15 16 17 19 20 21 22 23
5470 4382 8 8 9 11 15 16 17 20 21
2678 3788 8 8 9 11 15 16 19 20 21
5254 4838 8 8 9 11 15 16 19 20 21
3010 1152 8 8 9 11 15 16 19 20 23
5412 2868 8 8 9 11 15 17 19 20 21
3092 5264 8 8 9 11 15 17 19 20 23
4864 3674 10 8 9 11 16 17 19 20 21 22 23
4536 4958 7 8 9 11 16 17 20 21
4868 1094 7 8 9 11 16 17 20 23
4484 4524 7 8 9 11 16 17 21 22
4856 4972 7 8 9 11 16 17 22 23
4350 3784 7 8 9 11 16 19 20 21
4682 3900 7 8 9 11 16 19 20 23
4298 4706 7 8 9 11 16 19 21 22
4626 3674 7 8 9 11 16 19 22 23
4224 4598 4 8 9 11 16
4380 3934 7 8 9 11 17 19 20 21
4594 4470 7 8 9 11 17 19 20 23
4328 5112 7 8 9 11 17 19 21 22
4584 4162 7 8 9 11 17 19 22 23
4208 3508 4 8 9 11 17
1416 4076 4 8 9 11 19
3872 4158 9 8 9 12 14 16 17 18 20 21
4204 5006 9 8 9 12 14 16 17 18 20 23
3820 3022 9 8 9 12 14 16 17 18 21 22
4192 3228 9 8 9 12 14 16 17 18 22 23
4038 4204 9 8 9 12 14 16 18 19 22 23
3638 4204 6 8 9 12 14 16 18
3716 3572 9 8 9 12 14 17 18 19 20 21
4050 4666 9 8 9 12 14 17 18 19 20 23
3664 5246 9 8 9 12 14 17 18 19 21 22
4038 4072 9 8 9 12 14 17 18 19 22 23
3550 3512 6 8 9 12 14 17 18
3484 1414 6 8 9 12 14 18 19
3876 3654 7 8 9 12 15 16 18 21
4208 5030 7 8 9 12 15 16 18 23
3788 4168 7 8 9 12 15 17 18 21
4120 5164 7 8 9 12 15 17 18 23
3722 5676 7 8 9 12 15 18 19 21
4056 2758 7 8 9 12 15 18 19 23
4594 2366 6 8 9 12 16 18 21
4902 2302 6 8 9 12 16 18 23
4506 3956 6 8 9 12 17 18 21
4816 1104 6 8 9 12 17 18 23
4442 4522 6 8 9 12 18 19 21
4750 4204 6 8 9 12 18 19 23
3284 3768 11 8 9 14 15 16 17 19 20 21 22 23
5562 910 8 8 9 14 15 16 17 20 21
2770 4694 8 8 9 14 15 16 19 20 21
3102 3890 8 8 9 14 15 16 19 20 23
5504 4120 8 8 9 14 15 17 19 20 21
3184 3110 8 8 9 14 15 17 19 20 23
4958 3724 10 8 9 14 16 17 19 20 21 22 23
4628 2854 7 8 9 14 16 17 20 21
4960 4004 7 8 9 14 16 17 20 23
4576 4594 7 8 9 14 16 17 21 22
4948 4022 7 8 9 14 16 17 22 23
4442 4172 7 8 9 14 16 19 20 21
4774 3576 7 8 9 14 16 19 20 23
4390 4290 7 8 9 14 16 19 21 22
4720 4334 7 8 9 14 16 19 22 23
4316 2462 4 8 9 14 16
4472 4200 7 8 9 14 17 19 20 21
4688 3562 7 8 9 14 17 19 20 23
4420 3422 7 8 9 14 17 19 21 22
4676 4616 7 8 9 14 17 19 22 23
4300 2576 4 8 9 14 17
1508 4838 4 8 9 14 19
5050 3782 8 8 9 15 16 17 20 21 23
4102 3506 8 8 9 15 16 17 20 21 23
2632 3270 8 8 9 15 16 17 20 21 23
4296 5262 8 8 9 15 16 17 20 21 23
2592 4838 8 8 9 15 16 17 21 22 23
5074 4812 8 8 9 15 16 17 21 22 23
4034 424 8 8 9 15 16 19 20 21 23
5014 5440 8 8 9 15 16 19 20 21 23
2498 4232 8 8 9 15 16 19 21 22 23
4842 4216 8 8 9 15 16 19 21 22 23
4882 3862 8 8 9 15 16 19 21 22 23
4484 3144 5 8 9 15 16 21
2258 4612 5 8 9 15 16 23
2476 4152 8 8 9 15 17 19 20 21 23
4972 2616 8 8 9 15 17 19 20 21 23
4926 2580 8 8 9 15 17 19 20 21 23
2436 3616 8 8 9 15 17 19 21 22 23
4830 4182 8 8 9 15 17 19 21 22 23
4472 2028 5 8 9 15 17 21
2152 3656 5 8 9 15 17 23
2102 4886 5 8 9 15 19 21
2102 4182 5 8 9 15 19 23
3168 5004 7 8 9 16 17 20 21 23
3116 2846 7 8 9 16 17 21 22 23
3018 1884 7 8 9 16 19 21 22 23
2684 5320 4 8 9 16 21
3016 3666 4 8 9 16 23
5666 1706 7 8 9 17 19 20 21 23
3014 1686 7 8 9 17 19 20 21 23
2962 1218 7 8 9 17 19 21 22 23
5538 4118 7 8 9 17 19 21 22 23
5184 3450 4 8 9 17 21
2840 3670 4 8 9 17 23
2530 4502 4 8 9 19 21
2862 4508 4 8 9 19 23
2536 4776 10 8 10 11 15 16 17 18 20 21 23
2484 5044 10 8 10 11 15 16 17 18 21 22 23
2368 4594 10 8 10 11 15 16 18 19 21 22 23
1970 4534 7 8 10 11 15 16 18 21
2302 2726 7 8 10 11 15 16 18 23
4880 3562 7 8 10 11 15 16 18 23
2382 2346 10 8 10 11 15 17 18 19 20 21 23
2330 3790 10 8 10 11 15 17 18 19 21 22 23
4534 5262 7 8 10 11 15 17 18 21
2214 3750 7 8 10 11 15 17 18 23
1816 3096 7 8 10 11 15 18 19 21
4392 4256 7 8 10 11 15 18 19 21
2148 2886 7 8 10 11 15 18 19 23
4724 2672 7 8 10 11 15 18 19 23
3298 4732 9 8 10 11 16 17 18 20 21 23
3246 4500 9 8 10 11 16 17 18 21 22 23
3128 4294 9 8 10 11 16 18 19 21 22 23
2726 4526 6 8 10 11 16 18 21
3058 4676 6 8 10 11 16 18 23
3142 2554 9 8 10 11 17 18 19 20 21 23
3090 3630 9 8 10 11 17 18 19 21 22 23
5296 3648 6 8 10 11 17 18 21
2970 2890 6 8 10 11 17 18 23
2570 4356 6 8 10 11 18 19 21
2902 2436 6 8 10 11 18 19 23
2628 2338 10 8 10 14 15 16 17 18 20 21 23
2578 3878 10 8 10 14 15 16 17 18 21 22 23
2460 5298 10 8 10 14 15 16 18 19 21 22 23
2062 1276 7 8 10 14 15 16 18 21
4638 3670 7 8 10 14 15 16 18 21
2394 2856 7 8 10 14 15 16 18 23
2474 4050 10 8 10 14 15 17 18 19 20 21 23
2422 4046 10 8 10 14 15 17 18 19 21 22 23
4628 5418 7 8 10 14 15 17 18 21
4884 4902 7 8 10 14 15 17 18 23
2308 3604 7 8 10 14 15 17 18 23
1908 4690 7 8 10 14 15 18 19 21
2240 3062 7 8 10 14 15 18 19 23
3390 3992 9 8 10 14 16 17 18 20 21 23
3338 3772 9 8 10 14 16 17 18 21 22 23
3220 3446 9 8 10 14 16 18 19 21 22 23
2818 4170 6 8 10 14 16 18 21
3150 3434 6 8 10 14 16 18 23
3234 2908 9 8 10 14 17 18 19 20 21 23
3184 2960 9 8 10 14 17 18 19 21 22 23
5388 1444 6 8 10 14 17 18 21
3062 4592 6 8 10 14 17 18 23
2662 4202 6 8 10 14 18 19 21
5244 3462 6 8 10 14 18 19 21
2994 3834 6 8 10 14 18 19 23
3328 2582 7 8 10 15 16 18 21 23
3264 4708 7 8 10 15 17 18 21 23
3172 2168 7 8 10 15 18 19 21 23
3240 2978 7 8 10 15 18 19 21 23
4088 3230 6 8 10 16 18 21 23
4020 3214 6 8 10 17 18 21 23
3934 726 6 8 10 18 19 21 23
2754 2820 9 8 11 12 15 16 17 18 20 21
3086 1934 9 8 11 12 15 16 17 18 20 23
2702 3134 9 8 11 12 15 16 17 18 21 22
3074 3934 9 8 11 12 15 16 17 18 22 23
2918 4294 9 8 11 12 15 16 18 19 22 23
2520 4476 6 8 11 12 15 16 18
5096 2780 6 8 11 12 15 16 18
2598 4134 9 8 11 12 15 17 18 19 20 21
2930 3024 9 8 11 12 15 17 18 19 20 23
2546 4638 9 8 11 12 15 17 18 19 21 22
2920 3812 9 8 11 12 15 17 18 19 22 23
2432 3146 6 8 11 12 15 17 18
2366 5654 6 8 11 12 15 18 19
4942 2918 6 8 11 12 15 18 19
3514 1458 8 8 11 12 16 17 18 20 21
3846 4962 8 8 11 12 16 17 18 20 23
3462 3776 8 8 11 12 16 17 18 21 22
3834 4218 8 8 11 12 16 17 18 22 23
3680 3584 8 8 11 12 16 18 19 22 23
3274 4380 5 8 11 12 16 18
3360 4818 8 8 11 12 17 18 19 20 21
3692 4638 8 8 11 12 17 18 19 20 23
3308 4856 8 8 11 12 17 18 19 21 22
3680 5554 8 8 11 12 17 18 19 22 23
3186 2310 5 8 11 12 17 18
3122 4212 5 8 11 12 18 19
3506 4192 10 8 11 15 16 17 19 20 21 22 23
3808 2102 10 8 11 15 16 17 19 20 21 22 23
3824 2406 7 8 11 15 16 17 20 21
3842 3162 7 8 11 15 16 17 20 23
3784 3016 7 8 11 15 16 17 21 22
3830 4322 7 8 11 15 16 17 22 23
2992 3448 7 8 11 15 16 19 20 21
3324 1542 7 8 11 15 16 19 20 23
3236 4604 7 8 11 15 16 19 21 22
3568 4962 7 8 11 15 16 19 22 23
3600 4586 7 8 11 15 16 19 22 23
3198 2468 4 8 11 15 16
3670 4614 7 8 11 15 17 19 20 21
3406 876 7 8 11 15 17 19 20 23
3630 2734 7 8 11 15 17 19 21 22
3558 3720 7 8 11 15 17 19 22 23
3576 3752 7 8 11 15 17 19 22 23
3182 2308 4 8 11 15 17
716 4252 4 8 11 15 19
4600 3214 9 8 11 16 17 19 20 21 22 23
4334 4576 6 8 11 16 17 20 21
4596 2184 6 8 11 16 17 20 23
4294 5598 6 8 11 16 17 21 22
4586 5388 6 8 11 16 17 22 23
4078 4828 6 8 11 16 19 20 21
4412 2612 6 8 11 16 19 20 23
4028 3428 6 8 11 16 19 21 22
4356 3638 6 8 11 16 19 22 23
3958 1094 3 8 11 16
4180 698 6 8 11 17 19 20 21
4324 3174 6 8 11 17 19 20 23
4140 5008 6 8 11 17 19 21 22
4312 1600 6 8 11 17 19 22 23
3942 5128 3 8 11 17
1226 5564 3 8 11 19
2846 3452 9 8 12 14 15 16 17 18 20 21
3178 4314 9 8 12 14 15 16 17 18 20 23
2794 2526 9 8 12 14 15 16 17 18 21 22
3166 2888 9 8 12 14 15 16 17 18 22 23
3012 3018 9 8 12 14 15 16 18 19 22 23
2612 2600 6 8 12 14 15 16 18
2690 1844 9 8 12 14 15 17 18 19 20 21
3024 3704 9 8 12 14 15 17 18 19 20 23
2638 5442 9 8 12 14 15 17 18 19 21 22
3012 2662 9 8 12 14 15 17 18 19 22 23
2524 4404 6 8 12 14 15 17 18
2458 3324 6 8 12 14 15 18 19
5112 1066 6 8 12 14 15 18 19
3606 2148 8 8 12 14 16 17 18 20 21
3938 3576 8 8 12 14 16 17 18 20 23
3554 3510 8 8 12 14 16 17 18 21 22
3928 1716 8 8 12 14 16 17 18 22 23
3772 1984 8 8 12 14 16 18 19 22 23
3366 3776 5 8 12 14 16 18
3452 4656 8 8 12 14 17 18 19 20 21
3784 2620 8 8 12 14 17 18 19 20 23
3400 4880 8 8 12 14 17 18 19 21 22
3772 5000 8 8 12 14 17 18 19 22 23
3278 3340 5 8 12 14 17 18
3214 5120 5 8 12 14 18 19
3568 1016 6 8 12 15 16 18 21
3876 1628 6 8 12 15 16 18 23
3480 4058 6 8 12 15 17 18 21
3790 3184 6 8 12 15 17 18 23
3416 3566 6 8 12 15 18 19 21
3724 3746 6 8 12 15 18 19 23
4324 2468 5 8 12 16 18 21
4638 4568 5 8 12 16 18 23
4236 4196 5 8 12 17 18 21
4550 3770 5 8 12 17 18 23
4170 4054 5 8 12 18 19 21
4484 1670 5 8 12 18 19 23
3932 3112 10 8 14 15 16 17 19 20 21 22 23
3598 5230 10 8 14 15 16 17 19 20 21 22 23
3776 4728 7 8 14 15 16 17 20 21
3934 1624 7 8 14 15 16 17 20 23
3736 494 7 8 14 15 16 17 21 22
3922 5408 7 8 14 15 16 17 22 23
3084 4720 7 8 14 15 16 19 20 21
3416 3274 7 8 14 15 16 19 20 23
3328 4194 7 8 14 15 16 19 21 22
3694 4692 7 8 14 15 16 19 22 23
3660 4372 7 8 14 15 16 19 22 23
3290 5244 4 8 14 15 16
3622 5174 7 8 14 15 17 19 20 21
3498 3496 7 8 14 15 17 19 20 23
3582 5586 7 8 14 15 17 19 21 22
3650 2474 7 8 14 15 17 19 22 23
3274 3748 4 8 14 15 17
826 3368 4 8 14 15 19
4692 3188 9 8 14 16 17 19 20 21 22 23
4356 2462 6 8 14 16 17 20 21
4690 2254 6 8 14 16 17 20 23
4304 2870 6 8 14 16 17 21 22
4678 3502 6 8 14 16 17 22 23
4172 4006 6 8 14 16 19 20 21
4504 4646 6 8 14 16 19 20 23
4120 2138 6 8 14 16 19 21 22
4448 3208 6 8 14 16 19 22 23
4050 916 3 8 14 16
4202 3514 6 8 14 17 19 20 21
4416 3018 6 8 14 17 19 20 23
4150 4290 6 8 14 17 19 21 22
4404 1900 6 8 14 17 19 22 23
4034 3034 3 8 14 17
1336 4208 3 8 14 19
4862 2536 7 8 15 16 17 20 21 23
2142 3978 7 8 15 16 17 20 21 23
4718 2840 7 8 15 16 17 20 21 23
2502 5346 7 8 15 16 17 21 22 23
4762 760 7 8 15 16 17 21 22 23
4666 4476 7 8 15 16 17 21 22 23
2090 4142 7 8 15 16 17 21 22 23
4372 3192 7 8 15 16 19 20 21 23
4706 3816 7 8 15 16 19 20 21 23
4682 1474 7 8 15 16 19 20 21 23
4348 5428 7 8 15 16 19 20 21 23
4574 4162 7 8 15 16 19 21 22 23
2324 470 7 8 15 16 19 21 22 23
4604 2520 7 8 15 16 19 21 22 23
4574 4436 7 8 15 16 19 21 22 23
4170 2172 4 8 15 16 21
2084 4098 4 8 15 16 21
4484 1026 4 8 15 16 23
2168 4916 4 8 15 16 23
4564 3634 7 8 15 17 19 20 21 23
1988 5222 7 8 15 17 19 20 21 23
4456 458 7 8 15 17 19 20 21 23
4640 3360 7 8 15 17 19 20 21 23
4512 4306 7 8 15 17 19 21 22 23
2346 2366 7 8 15 17 19 21 22 23
4498 3322 7 8 15 17 19 21 22 23
4512 5140 7 8 15 17 19 21 22 23
1936 5004 7 8 15 17 19 21 22 23
4158 4348 4 8 15 17 21
1882 1004 4 8 15 17 23
1814 4718 4 8 15 17 23
1930 3734 4 8 15 19 21
2012 3222 4 8 15 19 21
2012 3628 4 8 15 19 23
4330 3122 4 8 15 19 23
5510 3736 6 8 16 17 20 21 23
2898 1410 6 8 16 17 20 21 23
5528 3794 6 8 16 17 20 21 23
2846 1886 6 8 16 17 21 22 23
5516 3816 6 8 16 17 21 22 23
5442 4256 6 8 16 19 20 21 23
2834 3972 6 8 16 19 21 22 23
5270 3766 6 8 16 19 21 22 23
5390 3902 6 8 16 19 21 22 23
2594 4302 3 8 16 21
2926 4858 3 8 16 23
2742 2834 6 8 17 19 20 21 23
5324 3050 6 8 17 19 20 21 23
5274 2612 6 8 17 19 21 22 23
2690 4128 6 8 17 19 21 22 23
4920 5072 3 8 17 21
2576 5150 3 8 17 23
2440 4270 3 8 19 21
2770 4350 3 8 19 23
1106 3280 10 9 10 11 16 17 18 20 21 22 23
3274 3512 10 9 10 11 16 17 18 20 21 22 23
1012 4528 10 9 10 11 16 18 19 20 21 22 23
3116 5562 10 9 10 11 16 18 19 20 21 22 23
3276 2618 10 9 10 11 16 18 19 20 21 22 23
2760 4088 7 9 10 11 16 18 20 21
772 5504 7 9 10 11 16 18 20 21
3092 4304 7 9 10 11 16 18 20 23
772 3640 7 9 10 11 16 18 20 23
3276 4234 10 9 10 11 17 18 19 20 21 22 23
3276 2190 10 9 10 11 17 18 19 20 21 22 23
2918 3416 7 9 10 11 17 18 20 21
3204 5096 7 9 10 11 17 18 20 23
866 5026 7 9 10 11 17 18 20 23
2804 2172 7 9 10 11 18 19 20 21
3136 1380 7 9 10 11 18 19 20 23
3442 2996 10 9 10 14 16 17 18 20 21 22 23
1110 2612 10 9 10 14 16 17 18 20 21 22 23
3442 3052 10 9 10 14 16 17 18 20 21 22 23
1016 3450 10 9 10 14 16 18 19 20 21 22 23
3250 4586 10 9 10 14 16 18 19 20 21 22 23
3210 3390 10 9 10 14 16 18 19 20 21 22 23
3330 4286 10 9 10 14 16 18 19 20 21 22 23
776 2776 7 9 10 14 16 18 20 21
3052 2224 7 9 10 14 16 18 20 21
776 5368 7 9 10 14 16 18 20 23
3368 3178 10 9 10 14 17 18 19 20 21 22 23
3368 2710 10 9 10 14 17 18 19 20 21 22 23
3010 4238 7 9 10 14 17 18 20 21
3296 3190 7 9 10 14 17 18 20 23
870 2996 7 9 10 14 17 18 20 23
2896 3934 7 9 10 14 18 19 20 21
5474 5122 7 9 10 14 18 19 20 21
3230 3890 7 9 10 14 18 19 20 23
956 4986 8 9 10 15 16 18 20 21 23
3422 3198 8 9 10 15 16 18 20 21 23
956 3630 8 9 10 15 16 18 20 21 23
3580 4900 8 9 10 15 17 18 20 21 23
1050 3818 8 9 10 15 17 18 20 21 23
3468 4598 8 9 10 15 18 19 20 21 23
1558 1812 7 9 10 16 18 20 21 23
4116 4364 7 9 10 16 18 20 21 23
1716 3320 7 9 10 16 18 20 21 23
1640 2066 7 9 10 17 18 20 21 23
4224 2386 7 9 10 17 18 20 21 23
4162 2554 7 9 10 18 19 20 21 23
3490 3838 9 9 11 12 16 17 18 20 21 22
1066 4134 9 9 11 12 16 17 18 20 21 22
3940 4484 9 9 11 12 16 17 18 20 22 23
1286 5044 9 9 11 12 16 17 18 20 22 23
3336 5276 9 9 11 12 16 18 19 20 21 22
3410 5310 9 9 11 12 16 18 19 20 21 22
3826 4852 9 9 11 12 16 18 19 20 22 23
3782 2664 9 9 11 12 16 18 19 20 22 23
1132 2378 9 9 11 12 16 18 19 20 22 23
732 3836 6 9 11 12 16 18 20
3492 2492 9 9 11 12 17 18 19 20 21 22
3494 3808 9 9 11 12 17 18 19 20 21 22
3864 3416 9 9 11 12 17 18 19 20 22 23
826 3398 6 9 11 12 17 18 20
3356 3182 6 9 11 12 18 19 20
2598 1984 7 9 11 16 17 20 21 22
2638 3368 7 9 11 16 17 20 22 23
4622 2578 7 9 11 16 17 20 22 23
1480 5268 7 9 11 16 19 20 21 22
1852 5478 7 9 11 16 19 20 22 23
1808 3858 7 9 11 16 19 20 22 23
1410 4432 4 9 11 16 20
4220 3246 7 9 11 17 19 20 21 22
4176 772 7 9 11 17 19 20 21 22
4592 4576 7 9 11 17 19 20 22 23
1934 3756 7 9 11 17 19 20 22 23
2358 4998 4 9 11 17 20
1380 4252 4 9 11 19 20
3660 4166 9 9 12 14 16 17 18 20 21 22
1070 4912 9 9 12 14 16 17 18 20 21 22
3956 5316 9 9 12 14 16 17 18 20 22 23
1380 4484 9 9 12 14 16 17 18 20 22 23
3502 2798 9 9 12 14 16 18 19 20 21 22
3428 2336 9 9 12 14 16 18 19 20 21 22
1224 3124 9 9 12 14 16 18 19 20 22 23
3874 3262 9 9 12 14 16 18 19 20 22 23
818 4236 6 9 12 14 16 18 20
3600 3088 6 9 12 14 16 18 20
3584 1250 9 9 12 14 17 18 19 20 21 22
3628 1966 9 9 12 14 17 18 19 20 21 22
3958 4522 9 9 12 14 17 18 19 20 22 23
3956 3092 9 9 12 14 17 18 19 20 22 23
900 4790 6 9 12 14 17 18 20
3448 4904 6 9 12 14 18 19 20
3640 3324 7 9 12 15 16 18 20 21
1062 5160 7 9 12 15 16 18 20 21
1396 4724 7 9 12 15 16 18 20 23
1144 4688 7 9 12 15 17 18 20 21
3752 4014 7 9 12 15 17 18 20 21
1478 3820 7 9 12 15 17 18 20 23
3686 4444 7 9 12 15 18 19 20 21
4018 4540 7 9 12 15 18 19 20 23
2272 1106 9 9 12 16 17 18 20 21 22 23
2114 4628 9 9 12 16 18 19 20 21 22 23
1776 1164 6 9 12 16 18 20 21
2090 3592 6 9 12 16 18 20 23
4666 1936 6 9 12 16 18 20 23
2196 5198 9 9 12 17 18 19 20 21 22 23
1858 3518 6 9 12 17 18 20 21
2172 2754 6 9 12 17 18 20 23
4748 3580 6 9 12 17 18 20 23
4404 2784 6 9 12 18 19 20 21
4714 4980 6 9 12 18 19 20 23
4340 2434 7 9 14 16 17 20 21 22
2550 4058 7 9 14 16 17 20 21 22
2590 4448 7 9 14 16 17 20 22 23
4840 4906 7 9 14 16 17 20 22 23
1572 2820 7 9 14 16 19 20 21 22
4110 4122 7 9 14 16 19 20 21 22
1900 1158 7 9 14 16 19 20 22 23
4526 3234 7 9 14 16 19 20 22 23
1502 3644 4 9 14 16 20
4384 4886 7 9 14 17 19 20 21 22
4268 5146 7 9 14 17 19 20 21 22
2026 5032 7 9 14 17 19 20 22 23
4640 3976 7 9 14 17 19 20 22 23
2310 3404 4 9 14 17 20
1472 3838 4 9 14 19 20
2186 3788 8 9 15 16 17 20 21 22 23
4838 4176 8 9 15 16 17 20 21 22 23
804 1812 8 9 15 16 17 20 21 22 23
2386 2310 8 9 15 16 17 20 21 22 23
4878 3118 8 9 15 16 17 20 21 22 23
2262 1610 8 9 15 16 17 20 21 22 23
710 4582 8 9 15 16 19 20 21 22 23
2068 2146 8 9 15 16 19 20 21 22 23
2268 4958 8 9 15 16 19 20 21 22 23
2148 4114 8 9 15 16 19 20 21 22 23
4724 3448 8 9 15 16 19 20 21 22 23
2028 3286 8 9 15 16 19 20 21 22 23
1670 5028 5 9 15 16 20 21
470 2318 5 9 15 16 20 23
2004 4260 5 9 15 16 20 23
4876 5092 8 9 15 17 19 20 21 22 23
4792 3266 8 9 15 17 19 20 21 22 23
2186 3276 8 9 15 17 19 20 21 22 23
4802 3546 8 9 15 17 19 20 21 22 23
1828 4572 5 9 15 17 20 21
564 1142 5 9 15 17 20 23
2086 4682 5 9 15 17 20 23
1716 2538 5 9 15 19 20 21
2048 3496 5 9 15 19 20 23
876 2536 7 9 16 17 20 21 22 23
3014 2684 7 9 16 17 20 21 22 23
2956 3650 7 9 16 17 20 21 22 23
1138 2664 7 9 16 19 20 21 22 23
2780 4980 7 9 16 19 20 21 22 23
2584 3222 4 9 16 20 21
898 4068 4 9 16 20 21
1230 3938 4 9 16 20 23
2880 1888 7 9 17 19 20 21 22 23
2924 1478 7 9 17 19 20 21 22 23
2542 4074 4 9 17 20 21
2804 4498 4 9 17 20 23
636 5112 4 9 17 20 23
2428 2410 4 9 19 20 21
2736 3680 4 9 19 20 23
962 4772 1 9
4014 1708 9 10 11 16 17 18 20 21 22 23
1396 4956 9 10 11 16 17 18 20 21 22 23
1094 3842 9 10 11 16 17 18 20 21 22 23
3430 1880 9 10 11 16 18 19 20 21 22 23
1000 5314 9 10 11 16 18 19 20 21 22 23
3550 3796 9 10 11 16 18 19 20 21 22 23
3470 4920 9 10 11 16 18 19 20 21 22 23
3670 3836 9 10 11 16 18 19 20 21 22 23
760 5278 6 10 11 16 18 20 21
3074 3062 6 10 11 16 18 20 21
824 4806 6 10 11 16 18 20 23
1022 1380 6 10 11 16 18 21 22
1074 3414 6 10 11 16 18 22 23
3650 4006 6 10 11 16 18 22 23
3588 3344 9 10 11 17 18 19 20 21 22 23
3816 3846 9 10 11 17 18 19 20 21 22 23
3672 4042 9 10 11 17 18 19 20 21 22 23
3860 3730 9 10 11 17 18 19 20 21 22 23
1158 5146 9 10 11 17 18 19 20 21 22 23
3628 2500 9 10 11 17 18 19 20 21 22 23
3232 1854 6 10 11 17 18 20 21
1454 4968 6 10 11 17 18 20 23
3518 4116 6 10 11 17 18 20 23
3400 4196 6 10 11 17 18 21 22
1448 2902 6 10 11 17 18 22 23
3734 5108 6 10 11 17 18 22 23
3118 4088 6 10 11 18 19 20 21
3450 3406 6 10 11 18 19 20 23
3204 1354 6 10 11 18 19 21 22
726 5220 6 10 11 18 19 21 22
924 3356 6 10 11 18 19 22 23
3576 5188 6 10 11 18 19 22 23
584 4102 3 10 11 18
3756 4248 9 10 14 16 17 18 20 21 22 23
1104 5318 9 10 14 16 17 18 20 21 22 23
4058 4850 9 10 14 16 17 18 20 21 22 23
3562 3502 9 10 14 16 18 19 20 21 22 23
3682 5690 9 10 14 16 18 19 20 21 22 23
1004 4380 9 10 14 16 18 19 20 21 22 23
3562 1110 9 10 14 16 18 19 20 21 22 23
3638 3236 9 10 14 16 18 19 20 21 22 23
3944 3574 9 10 14 16 18 19 20 21 22 23
3522 3966 9 10 14 16 18 19 20 21 22 23
3242 3756 6 10 14 16 18 20 21
764 4472 6 10 14 16 18 20 21
916 4512 6 10 14 16 18 20 23
1026 4070 6 10 14 16 18 21 22
1166 3460 6 10 14 16 18 22 23
3742 1418 6 10 14 16 18 22 23
1250 4296 9 10 14 17 18 19 20 21 22 23
3682 5116 9 10 14 17 18 19 20 21 22 23
3722 694 9 10 14 17 18 19 20 21 22 23
3324 3876 6 10 14 17 18 20 21
1458 4574 6 10 14 17 18 20 23
3494 4272 6 10 14 17 18 21 22
1454 3814 6 10 14 17 18 22 23
3210 3484 6 10 14 18 19 20 21
3542 4500 6 10 14 18 19 20 23
3260 5230 6 10 14 18 19 21 22
730 4108 6 10 14 18 19 21 22
1016 1646 6 10 14 18 19 22 23
3592 3310 6 10 14 18 19 22 23
618 3786 3 10 14 18
3742 5016 7 10 15 16 18 20 21 23
3742 2904 7 10 15 16 18 20 21 23
1160 3572 7 10 15 16 18 20 21 23
3986 3958 7 10 15 16 18 21 22 23
1410 4536 7 10 15 16 18 21 22 23
3986 4750 7 10 15 16 18 21 22 23
1430 2632 7 10 15 17 18 20 21 23
3854 2436 7 10 15 17 18 20 21 23
1634 3112 7 10 15 17 18 21 22 23
1378 5242 7 10 15 17 18 21 22 23
3788 1940 7 10 15 18 19 20 21 23
1220 2322 7 10 15 18 19 21 22 23
1260 2716 7 10 15 18 19 21 22 23
3836 4584 7 10 15 18 19 21 22 23
3796 4620 7 10 15 18 19 21 22 23
3836 1414 7 10 15 18 19 21 22 23
3796 1928 7 10 15 18 19 21 22 23
856 3372 4 10 15 18 21
1190 3828 4 10 15 18 23
1872 4600 6 10 16 18 20 21 23
1854 3188 6 10 16 18 20 21 23
2098 3036 6 10 16 18 21 22 23
4682 5050 6 10 16 18 21 22 23
2066 4072 6 10 17 18 20 21 23
2118 4962 6 10 17 18 20 21 23
4590 2498 6 10 17 18 20 21 23
4568 1126 6 10 17 18 20 21 23
2130 5160 6 10 17 18 21 22 23
2066 4886 6 10 17 18 21 22 23
4476 2158 6 10 18 19 20 21 23
1972 2026 6 10 18 19 21 22 23
4532 5402 6 10 18 19 21 22 23
1908 4324 6 10 18 19 21 22 23
1570 4564 3 10 18 21
1884 2142 3 10 18 23
4182 4718 8 11 12 16 17 18 20 21 22
3880 3284 8 11 12 16 17 18 20 21 22
1228 2770 8 11 12 16 17 18 20 21 22
1600 2464 8 11 12 16 17 18 20 22 23
4564 4348 8 11 12 16 17 18 20 22 23
1856 3848 8 11 12 16 17 18 20 22 23
4378 3362 8 11 12 16 17 18 20 22 23
3650 1828 8 11 12 16 18 19 20 21 22
3770 4690 8 11 12 16 18 19 20 21 22
1446 2974 8 11 12 16 18 19 20 22 23
4022 4950 8 11 12 16 18 19 20 22 23
4096 3540 8 11 12 16 18 19 20 22 23
1040 3628 5 11 12 16 18 20
3622 1484 5 11 12 16 18 20
1290 3476 5 11 12 16 18 22
3806 2842 8 11 12 17 18 19 20 21 22
1374 2640 8 11 12 17 18 19 20 21 22
4076 4940 8 11 12 17 18 19 20 21 22
4180 1922 8 11 12 17 18 19 20 22 23
1706 4574 8 11 12 17 18 19 20 22 23
4290 2066 8 11 12 17 18 19 20 22 23
4178 3736 8 11 12 17 18 19 20 22 23
1414 5470 5 11 12 17 18 20
1408 3472 5 11 12 17 18 22
3950 2266 5 11 12 17 18 22
3670 4886 5 11 12 18 19 20
3794 2530 5 11 12 18 19 22
1142 4252 5 11 12 18 19 22
4858 3958 6 11 16 17 20 21 22
2886 2366 6 11 16 17 20 21 22
2584 3466 6 11 16 17 20 21 22
2886 4630 6 11 16 17 20 22 23
4936 2806 6 11 16 17 20 22 23
2624 4564 6 11 16 17 20 22 23
4752 2550 6 11 16 19 20 21 22
1792 4728 6 11 16 19 20 21 22
2094 804 6 11 16 19 20 21 22
4452 2470 6 11 16 19 20 21 22
4748 2312 6 11 16 19 20 22 23
2122 5482 6 11 16 19 20 22 23
2166 3944 6 11 16 19 20 22 23
1724 4870 3 11 16 20
1968 3864 3 11 16 22
4534 5160 6 11 17 19 20 21 22
2592 3334 6 11 17 19 20 21 22
2248 1912 6 11 17 19 20 22 23
4862 5014 6 11 17 19 20 22 23
4906 1912 6 11 17 19 20 22 23
2434 5234 6 11 17 19 20 22 23
4484 1070 3 11 17 20
2946 4030 3 11 17 20
2940 4048 3 11 17 22
1692 4402 3 11 19 20
1862 3942 3 11 19 22
240 2488 3 11 19 22
1616 4648 8 12 14 16 17 18 20 21 22
1320 4274 8 12 14 16 17 18 20 21 22
1950 3590 8 12 14 16 17 18 20 22 23
1692 3696 8 12 14 16 17 18 20 22 23
3742 5246 8 12 14 16 18 19 20 21 22
3816 3448 8 12 14 16 18 19 20 21 22
1538 2800 8 12 14 16 18 19 20 22 23
4234 3172 8 12 14 16 18 19 20 22 23
4114 4610 8 12 14 16 18 19 20 22 23
1132 3800 5 12 14 16 18 20
1382 3910 5 12 14 16 18 22
4036 1822 5 12 14 16 18 22
4048 4892 8 12 14 17 18 19 20 21 22
3900 3098 8 12 14 17 18 19 20 21 22
1466 2830 8 12 14 17 18 19 20 21 22
4412 3554 8 12 14 17 18 19 20 22 23
1800 3038 8 12 14 17 18 19 20 22 23
4270 1444 8 12 14 17 18 19 20 22 23
1418 3388 5 12 14 17 18 20
1414 224 5 12 14 17 18 22
4042 2988 5 12 14 17 18 22
3762 3556 5 12 14 18 19 20
1234 3082 5 12 14 18 19 22
1898 1508 9 12 15 16 17 18 20 21 22 23
2194 4844 9 12 15 16 17 18 20 21 22 23
2194 4764 9 12 15 16 17 18 20 21 22 23
1780 4322 9 12 15 16 18 19 20 21 22 23
1740 2520 9 12 15 16 18 19 20 21 22 23
1376 4114 6 12 15 16 18 20 21
3958 2684 6 12 15 16 18 20 21
1708 2440 6 12 15 16 18 20 23
4292 2504 6 12 15 16 18 20 23
1626 3938 6 12 15 16 18 21 22
4204 3182 6 12 15 16 18 21 22
1960 3296 6 12 15 16 18 22 23
1822 2946 9 12 15 17 18 19 20 21 22 23
2044 3418 9 12 15 17 18 19 20 21 22 23
4072 5104 6 12 15 17 18 20 21
1598 3356 6 12 15 17 18 20 21
4404 2744 6 12 15 17 18 20 23
1792 2262 6 12 15 17 18 20 23
4210 4988 6 12 15 17 18 21 22
1634 4174 6 12 15 17 18 21 22
1966 5254 6 12 15 17 18 22 23
4544 5594 6 12 15 17 18 22 23
4006 4544 6 12 15 18 19 20 21
4338 2546 6 12 15 18 19 20 23
1478 4208 6 12 15 18 19 21 22
1812 778 6 12 15 18 19 22 23
4508 3076 6 12 15 18 19 22 23
2586 4782 8 12 16 17 18 20 21 22 23
2888 4384 8 12 16 17 18 20 21 22 23
2428 4324 8 12 16 18 19 20 21 22 23
2090 4952 5 12 16 18 20 21
2404 5516 5 12 16 18 20 23
4980 884 5 12 16 18 20 23
2340 4784 5 12 16 18 21 22
4916 5488 5 12 16 18 21 22
2648 4792 5 12 16 18 22 23
5230 3802 5 12 16 18 22 23
2558 4198 8 12 17 18 19 20 21 22 23
2738 4440 8 12 17 18 19 20 21 22 23
2172 3146 5 12 17 18 20 21
4830 1396 5 12 17 18 20 21
2486 3056 5 12 17 18 20 23
5092 3488 5 12 17 18 20 23
2346 3206 5 12 17 18 21 22
2656 4720 5 12 17 18 22 23
5238 5286 5 12 17 18 22 23
4718 4132 5 12 18 19 20 21
5026 4232 5 12 18 19 20 23
2192 4398 5 12 18 19 21 22
2500 4208 5 12 18 19 22 23
2840 3522 6 14 16 17 20 21 22
2538 3974 6 14 16 17 20 21 22
2840 5196 6 14 16 17 20 22 23
2578 4520 6 14 16 17 20 22 23
5028 3530 6 14 16 17 20 22 23
1886 3974 6 14 16 19 20 21 22
4424 4958 6 14 16 19 20 21 22
4468 2642 6 14 16 19 20 21 22
2520 4038 6 14 16 19 20 22 23
2258 2584 6 14 16 19 20 22 23
2214 1908 6 14 16 19 20 22 23
1816 710 3 14 16 20
2066 1660 3 14 16 22
4582 4536 6 14 17 19 20 21 22
2544 2386 6 14 17 19 20 21 22
4998 3568 6 14 17 19 20 22 23
2556 5266 6 14 17 19 20 22 23
2340 1822 6 14 17 19 20 22 23
2528 3896 6 14 17 19 20 22 23
5134 3772 6 14 17 19 20 22 23
2898 2890 3 14 17 20
2892 3750 3 14 17 22
1786 3722 3 14 19 20
244 4580 3 14 19 22
2500 1016 7 15 16 17 20 21 22 23
5082 4830 7 15 16 17 20 21 22 23
792 4756 7 15 16 17 20 21 22 23
5398 4872 7 15 16 17 20 21 22 23
1094 4006 7 15 16 17 20 21 22 23
5578 5442 7 15 16 17 20 21 22 23
5124 4942 7 15 16 19 20 21 22 23
2382 4330 7 15 16 19 20 21 22 23
2342 5110 7 15 16 19 20 21 22 23
698 2358 7 15 16 19 20 21 22 23
4964 5170 7 15 16 19 20 21 22 23
2462 5334 7 15 16 19 20 21 22 23
2382 4066 7 15 16 19 20 21 22 23
4924 4450 7 15 16 19 20 21 22 23
1984 4424 4 15 16 20 21
1984 3778 4 15 16 20 21
4894 3600 4 15 16 20 23
458 3680 4 15 16 20 23
5094 5464 4 15 16 20 23
2228 5518 4 15 16 21 22
2228 4456 4 15 16 21 22
720 5202 4 15 16 22 23
2562 2328 4 15 16 22 23
798 3580 7 15 17 19 20 21 22 23
5304 2220 7 15 17 19 20 21 22 23
5126 2276 7 15 17 19 20 21 22 23
5424 4342 7 15 17 19 20 21 22 23
2652 4720 7 15 17 19 20 21 22 23
2584 3846 7 15 17 19 20 21 22 23
5258 2978 7 15 17 19 20 21 22 23
2652 4018 7 15 17 19 20 21 22 23
5304 5646 7 15 17 19 20 21 22 23
5082 3228 7 15 17 19 20 21 22 23
2500 5266 7 15 17 19 20 21 22 23
2172 3408 4 15 17 20 21
1152 2364 4 15 17 20 23
2430 2988 4 15 17 20 23
2312 1416 4 15 17 21 22
1148 5152 4 15 17 22 23
2568 4012 4 15 17 22 23
2058 2618 4 15 19 20 21
2362 2370 4 15 19 20 23
424 3574 4 15 19 21 22
4662 4570 4 15 19 21 22
2412 4320 4 15 19 22 23
4994 2626 4 15 19 22 23
424 2720 4 15 19 22 23
224 1316 1 15
1164 4152 6 16 17 20 21 22 23
3394 4126 6 16 17 20 21 22 23
862 5304 6 16 17 20 21 22 23
3156 4860 6 16 19 20 21 22 23
1124 4102 6 16 19 20 21 22 23
2698 3144 3 16 20 21
884 3334 3 16 20 21
1216 3622 3 16 20 23
1146 2642 3 16 21 22
1478 3568 3 16 22 23
3252 3316 6 17 19 20 21 22 23
868 2744 6 17 19 20 21 22 23
3194 5322 6 17 19 20 21 22 23
3296 3684 6 17 19 20 21 22 23
2856 5054 3 17 20 21
1224 914 3 17 20 23
3024 3660 3 17 21 22
1218 5134 3 17 22 23
2742 4696 3 19 20 21
3056 2462 3 19 20 23
850 3108 3 19 21 22
3106 3440 3 19 22 23
1182 3658 3 19 22 23
