18 1072 
2200 5388 1 1
5164 2898 3 2 3 5
5704 4150 4 2 3 7 13
4854 5194 4 2 3 9 13
4894 2978 4 2 3 11 13
3212 3872 4 2 4 11 12
1948 2670 4 2 4 11 17
3968 5152 3 2 4 12
2704 870 3 2 4 17
3916 5360 4 2 5 9 14
3940 2320 4 2 5 11 14
4282 978 4 2 5 12 16
4566 1572 4 2 5 12 18
3308 4074 4 2 5 17 18
3276 2120 2 2 5
4310 2916 5 2 7 9 13 14
4412 3676 4 2 7 9 14
4334 1244 5 2 7 11 13 14
4436 920 4 2 7 11 14
6024 4286 4 2 7 12 13
4728 4118 5 2 7 12 15 16
5012 6010 5 2 7 12 15 18
2916 4532 5 2 7 12 16 17
3156 2502 5 2 7 12 17 18
4038 3978 4 2 7 12 17
3164 3012 3 2 7 12
4760 3640 4 2 7 13 17
3832 2576 3 2 7 13
3754 4086 5 2 7 15 17 18
1900 3660 3 2 7 17
978 5068 2 2 7
3940 3920 5 2 8 12 15 16
4224 4698 5 2 8 12 15 18
2964 4740 5 2 8 15 17 18
3616 1934 5 2 9 11 13 14
3810 2276 4 2 9 11 14
5154 4154 4 2 9 12 13
4092 5018 5 2 9 12 15 16
4376 3272 5 2 9 12 15 18
2280 4606 5 2 9 12 16 17
2520 4264 5 2 9 12 17 18
3402 4198 4 2 9 12 17
2528 3640 3 2 9 12
3890 6800 4 2 9 13 17
3020 2772 3 2 9 13
4504 3062 3 2 9 14
3118 2172 5 2 9 15 17 18
1410 2840 3 2 9 17
954 1544 2 2 9
3392 6864 5 2 10 12 16 17
2524 3866 4 2 10 12 16
3676 1820 5 2 10 12 17 18
2808 1846 4 2 10 12 18
4546 3162 4 2 10 17 18
5180 2964 4 2 11 12 13
4128 4038 5 2 11 12 15 16
4412 1764 5 2 11 12 15 18
2316 3792 5 2 11 12 16 17
2556 2384 5 2 11 12 17 18
3438 2656 4 2 11 12 17
2570 6522 3 2 11 12
3916 4436 4 2 11 13 17
3038 4376 3 2 11 13
4526 2562 3 2 11 14
3154 1948 5 2 11 15 17 18
1420 4282 3 2 11 17
952 3580 2 2 11
5648 3412 4 2 12 13 16
5988 2692 4 2 12 13 18
4342 1874 5 2 12 15 16 18
2566 5064 5 2 12 16 17 18
2698 1302 4 2 12 16 17
2510 2778 3 2 12 16
2938 3322 4 2 12 17 18
2808 250 3 2 12 18
4730 4732 4 2 13 17 18
3084 3084 5 2 15 16 17 18
1548 4766 3 2 17 18
1734 1760 2 2 17
1284 2864 1 2
5094 872 3 3 4 5
4792 536 4 3 4 11 13
5064 3130 5 3 5 8 15 16
4790 3942 5 3 5 8 15 16
5118 420 5 3 5 8 15 18
5040 3894 5 3 5 8 15 18
3542 2414 5 3 5 8 17 18
3516 1486 3 3 5 8
4518 3806 4 3 5 9 14
4518 1892 5 3 5 10 14 18
4418 3670 4 3 5 10 14
4550 510 4 3 5 11 14
4676 1264 3 3 5 14
5128 1494 5 3 5 15 16 18
3364 1082 5 3 5 16 17 18
3328 2618 3 3 5 16
3780 1774 4 3 5 17 18
3580 4160 3 3 5 18
1306 898 2 3 5
6800 4376 5 3 7 8 13 15
4994 2028 5 3 7 8 13 17
5120 568 5 3 7 9 13 14
5118 2200 6 3 7 10 13 14 18
5018 4692 5 3 7 10 13 14
5152 3342 5 3 7 11 13 14
5278 4912 4 3 7 13 14
6612 3384 5 3 7 13 15 16
6864 4716 5 3 7 13 15 18
4816 3554 5 3 7 13 16 17
5024 6006 5 3 7 13 17 18
5232 3066 4 3 7 13 17
1774 5350 3 3 7 13
5894 4326 5 3 8 9 13 15
4124 4014 5 3 8 9 13 17
6164 544 5 3 8 10 15 16
6440 2528 5 3 8 10 15 16
6416 4432 5 3 8 10 15 18
6468 1872 5 3 8 10 15 18
4916 4546 5 3 8 10 17 18
4892 4584 3 3 8 10
5942 3760 5 3 8 11 13 15
4150 2676 5 3 8 11 13 17
6428 5704 5 3 8 13 15 16
6724 4460 5 3 8 13 15 18
4964 1356 5 3 8 13 17 18
4260 954 5 3 9 11 13 14
5706 5014 5 3 9 13 15 16
5956 4706 5 3 9 13 15 18
3946 3378 5 3 9 13 16 17
4154 1420 5 3 9 13 17 18
4364 2570 4 3 9 13 17
1362 4660 3 3 9 13
4260 3516 6 3 10 11 13 14 18
4190 4734 5 3 10 11 13 14
6522 2272 5 3 10 15 16 18
6504 4518 5 3 10 15 16 18
4740 4120 5 3 10 16 17 18
4704 4476 3 3 10 16
5156 2198 4 3 10 17 18
4956 4758 3 3 10 18
1924 5540 2 3 10
4448 5606 4 3 11 13 14
5754 1452 5 3 11 13 15 16
6006 1808 5 3 11 13 15 18
3974 4224 5 3 11 13 16 17
4180 3492 5 3 11 13 17 18
4390 1638 4 3 11 13 17
3884 4110 3 3 11 13
1362 1146 3 3 11 13
6494 3542 5 3 13 15 16 18
6492 2396 5 3 13 15 16 18
4786 7032 5 3 13 16 17 18
4692 2520 3 3 13 16
5202 1264 4 3 13 17 18
4944 3364 3 3 13 18
1586 2596 2 3 13
2286 4800 1 3
1188 3746 4 4 5 6 11
1938 5520 3 4 5 6
5006 1614 4 4 5 8 15
3182 1926 4 4 5 8 17
3830 5706 4 4 5 11 14
4818 4682 4 4 5 15 16
5068 4854 4 4 5 15 18
3006 1892 4 4 5 16 17
3212 3658 4 4 5 17 18
3414 2912 3 4 5 17
3206 5012 2 4 5
2214 2982 5 4 6 7 11 13
2962 800 4 4 6 7 13
1328 1476 5 4 6 9 11 13
2076 3630 4 4 6 9 13
2376 3664 4 4 6 10 11
3132 5008 3 4 6 10
2026 3956 4 4 6 11 13
2782 1076 3 4 6 13
3630 4892 5 4 7 8 15 17
4224 3378 5 4 7 11 13 14
4326 2376 4 4 7 11 14
3962 3616 4 4 7 12 17
4682 736 4 4 7 13 17
3440 3304 5 4 7 15 16 17
3678 3688 5 4 7 15 17 18
1830 6428 3 4 7 17
2994 3616 5 4 8 9 15 17
4254 1638 5 4 8 11 12 15
2432 1026 5 4 8 11 12 17
4734 3752 5 4 8 11 13 15
2910 1572 5 4 8 11 13 17
1572 1938 6 4 8 11 15 16 17
1824 2060 6 4 8 11 15 17 18
3028 3500 5 4 8 11 15 17
2122 1270 4 4 8 11 15
600 1708 4 4 8 11 17
5012 3940 4 4 8 12 15
3188 6224 4 4 8 12 17
2328 2214 5 4 8 15 16 17
2864 1334 5 4 8 15 17 18
2580 3364 5 4 8 15 17 18
3410 3188 4 4 8 15 17
2878 5504 3 4 8 15
1082 3902 3 4 8 17
2576 6024 5 4 9 11 12 14
1302 1868 5 4 9 11 14 17
3326 7068 4 4 9 12 14
3326 3588 4 4 9 12 17
3814 1370 4 4 9 13 17
2050 3374 4 4 9 14 17
2804 3502 5 4 9 15 16 17
3042 2734 5 4 9 15 17 18
1460 2546 3 4 9 17
2576 2202 6 4 10 11 12 14 18
2476 3212 5 4 10 11 12 14
1328 3108 6 4 10 11 14 17 18
1200 4546 5 4 10 11 14 17
3332 3520 5 4 10 12 14 18
3232 1144 4 4 10 12 14
3322 3164 5 4 10 12 16 17
3606 2690 5 4 10 12 17 18
2056 2938 5 4 10 14 17 18
1956 1792 4 4 10 14 17
4476 3282 4 4 10 17 18
2734 2208 4 4 11 12 14
4066 3326 5 4 11 12 15 16
4318 1462 5 4 11 12 15 18
2254 1586 5 4 11 12 16 17
2462 4224 5 4 11 12 17 18
2672 1720 4 4 11 12 17
4546 6724 5 4 11 13 15 16
4796 194 5 4 11 13 15 18
2734 3890 5 4 11 13 16 17
2940 3768 5 4 11 13 17 18
3142 860 4 4 11 13 17
2934 5040 3 4 11 13
1712 3006 4 4 11 14 17
4424 2474 3 4 11 14
1920 4472 6 4 11 15 16 17 18
1922 2632 6 4 11 15 16 17 18
2840 3462 5 4 11 15 16 17
1934 2812 4 4 11 15 16
2386 3132 5 4 11 15 17 18
3092 5296 5 4 11 15 17 18
2186 1516 4 4 11 15 18
542 4412 4 4 11 16 17
510 4128 4 4 11 17 18
1012 3890 3 4 11 17
970 1340 2 4 11
3484 2704 3 4 12 14
4822 1410 4 4 12 15 16
5074 3420 4 4 12 15 18
3012 4506 4 4 12 16 17
3218 2486 4 4 12 17 18
3420 3386 3 4 12 17
4652 1580 4 4 13 17 18
2208 3356 3 4 14 17
2678 5180 5 4 15 16 17 18
2676 2580 5 4 15 16 17 18
2726 1524 5 4 15 16 17 18
3222 4244 4 4 15 16 17
2690 1622 3 4 15 16
3136 5388 4 4 15 17 18
2936 1756 3 4 15 18
1026 6416 3 4 16 17
1078 3630 3 4 17 18
1494 3470 2 4 17
1452 5414 1 4
3858 3304 4 5 6 7 8
3272 7130 4 5 6 7 12
3282 4624 5 5 6 7 13 16
3560 4652 5 5 6 7 13 18
3994 1900 4 5 6 7 13
2704 1078 5 5 6 7 15 16
2982 1776 5 5 6 7 15 18
1206 3222 5 5 6 7 16 17
3670 4894 4 5 6 7 16
1172 4312 5 5 6 7 17 18
3922 4270 4 5 6 7 18
1340 3042 3 5 6 7
3222 3038 4 5 6 8 9
3222 1342 5 5 6 8 10 16
3502 1362 5 5 6 8 10 18
3256 542 4 5 6 8 11
1920 3566 5 5 6 8 15 16
2200 3182 5 5 6 8 15 18
3202 460 4 5 6 8 16
3500 2414 4 5 6 8 18
2636 3314 4 5 6 9 12
2396 2234 5 5 6 9 13 16
2676 3564 5 5 6 9 13 18
3124 1734 4 5 6 9 13
2068 3634 5 5 6 9 15 16
2346 3092 5 5 6 9 15 18
1010 3352 5 5 6 9 16 17
3034 2388 4 5 6 9 16
976 3556 5 5 6 9 17 18
3286 1712 4 5 6 9 18
738 802 3 5 6 9
2632 4790 5 5 6 10 12 16
2916 6504 5 5 6 10 12 18
3280 3260 5 5 6 10 16 18
992 3732 4 5 6 10 16
1270 2100 4 5 6 10 18
3724 3218 4 5 6 10 18
2678 4374 4 5 6 11 12
2422 3488 5 5 6 11 13 16
2702 5346 5 5 6 11 13 18
3150 2568 4 5 6 11 13
2110 2678 5 5 6 11 15 16
2388 818 5 5 6 11 15 18
1018 4870 5 5 6 11 16 17
3068 1540 4 5 6 11 16
986 1744 5 5 6 11 17 18
3320 1352 4 5 6 11 18
766 3950 3 5 6 11
2618 3198 4 5 6 12 16
2916 3320 4 5 6 12 18
3094 3184 4 5 6 13 16
3374 5894 4 5 6 13 18
2318 2962 5 5 6 15 16 18
920 4338 5 5 6 16 17 18
1332 2848 4 5 6 16 17
3266 6468 4 5 6 16 18
872 3576 3 5 6 16
1300 3026 4 5 6 17 18
1156 1680 3 5 6 18
4956 978 5 5 8 9 14 15
3132 3286 5 5 8 9 14 17
3922 3538 6 5 8 10 14 15 16
4312 2928 6 5 8 10 14 15 16
4174 3526 6 5 8 10 14 15 18
2788 3082 6 5 8 10 14 17 18
2756 1284 4 5 8 10 14
4988 3482 5 5 8 11 14 15
3164 4350 5 5 8 11 14 17
5324 166 5 5 8 12 15 16
5610 1146 5 5 8 12 15 18
3502 4404 5 5 8 12 16 17
3786 940 5 5 8 12 17 18
2932 1480 6 5 8 15 16 17 18
2944 1590 6 5 8 15 16 17 18
2900 2200 4 5 8 15 16
2978 3932 4 5 8 15 16
3352 4850 5 5 8 15 17 18
3152 5610 4 5 8 15 18
3470 2666 4 5 8 15 18
1652 4724 4 5 8 17 18
1752 952 4 5 8 17 18
250 4208 2 5 8
3640 446 5 5 9 12 14 16
3924 1788 5 5 9 12 14 18
4766 2102 5 5 9 14 15 16
5018 3108 5 5 9 14 15 18
2956 2808 5 5 9 14 16 17
2654 2076 5 5 9 14 17 18
3364 2110 4 5 9 14 17
2630 4170 3 5 9 14
852 2266 3 5 9 14
3646 390 6 5 10 12 14 16 18
3538 4364 5 5 10 12 14 16
3824 4728 5 5 10 12 14 18
4228 4478 6 5 10 14 15 16 18
4374 6494 6 5 10 14 15 16 18
2612 1470 6 5 10 14 16 17 18
2568 1344 4 5 10 14 16
2554 3892 5 5 10 14 17 18
2652 3820 5 5 10 14 17 18
978 2346 4 5 10 14 18
2820 3456 4 5 10 14 18
736 3034 3 5 10 14
3672 4734 5 5 11 12 14 16
3956 2636 5 5 11 12 14 18
4800 642 5 5 11 14 15 16
5050 2432 5 5 11 14 15 18
2988 3038 5 5 11 14 16 17
2686 4784 5 5 11 14 17 18
3398 3296 4 5 11 14 17
870 1914 3 5 11 14
3798 4736 4 5 12 14 16
4082 3028 4 5 12 14 18
5388 3266 5 5 12 15 16 18
5520 2788 5 5 12 15 16 18
3532 1328 5 5 12 16 17 18
3734 3628 4 5 12 16 17
4020 3284 4 5 12 17 18
2812 4270 4 5 14 17 18
1528 5170 2 5 14
3440 4076 5 5 15 16 17 18
3238 3152 4 5 15 16 18
3282 1858 4 5 15 16 18
1476 3056 4 5 16 17 18
182 1256 2 5 16
1892 3398 3 5 17 18
194 5180 2 5 18
110 4682 1 5
5296 6440 4 6 7 8 10
2946 3540 6 6 7 8 13 15 16
3226 4430 6 6 7 8 13 15 18
3412 4770 5 6 7 9 12 13
2844 986 6 6 7 9 13 15 16
3122 2614 6 6 7 9 13 15 18
1312 2406 6 6 7 9 13 16 17
1280 182 6 6 7 9 13 17 18
1446 2802 4 6 7 9 13
4468 3164 4 6 7 9 13
3658 3256 6 6 7 10 12 13 16
3942 3068 6 6 7 10 12 13 18
4460 1446 4 6 7 10 12
1590 3136 5 6 7 10 13 16
1870 4696 5 6 7 10 13 18
5180 1652 4 6 7 10 13
3892 5548 5 6 7 10 15 16
4170 866 5 6 7 10 15 18
2080 3396 5 6 7 10 16 17
5108 4796 4 6 7 10 16
2314 5442 5 6 7 10 17 18
5360 3482 4 6 7 10 18
2328 1026 3 6 7 10
3438 1614 5 6 7 11 12 13
2870 4190 6 6 7 11 13 15 16
3148 1744 6 6 7 11 13 15 18
1310 3314 6 6 7 11 13 16 17
1292 2624 6 6 7 11 13 17 18
1446 2282 4 6 7 11 13
3644 3202 5 6 7 12 13 16
3942 2306 5 6 7 12 13 18
4110 4310 4 6 7 12 13
3344 5754 6 6 7 13 15 16 18
3542 3830 5 6 7 13 15 16
3820 3830 5 6 7 13 15 18
1566 1924 6 6 7 13 16 17 18
1730 4906 5 6 7 13 16 17
1510 3438 4 6 7 13 16
1938 3056 5 6 7 13 17 18
5336 1334 4 6 7 13 18
1808 3082 4 6 7 13 18
1978 4992 3 6 7 13
4660 4546 4 6 8 9 10
2060 5050 6 6 8 9 13 15 16
2340 1566 6 6 8 9 13 15 18
4696 4174 4 6 8 10 11
3108 2402 5 6 8 10 15 16
3388 2370 5 6 8 10 15 18
4640 3754 4 6 8 10 16
4938 4058 4 6 8 10 18
2086 2652 6 6 8 11 13 15 16
2366 1680 6 6 8 11 13 15 18
2758 2218 5 6 8 13 15 16
3038 2340 5 6 8 13 15 18
2772 1630 6 6 9 10 12 13 16
3056 3650 6 6 9 10 12 13 18
3832 5278 4 6 9 10 12
1098 3142 5 6 9 10 13 16
3584 3416 5 6 9 10 13 16
1378 3620 5 6 9 10 13 18
3920 4704 5 6 9 10 13 18
4312 2028 4 6 9 10 13
3262 1910 5 6 9 10 15 16
3540 4412 5 6 9 10 15 18
1476 3546 5 6 9 10 16 17
4472 3560 4 6 9 10 16
1684 3282 5 6 9 10 17 18
4724 5128 4 6 9 10 18
1692 2236 3 6 9 10
2802 4988 5 6 9 11 12 13
2234 3916 6 6 9 11 13 15 16
2512 3928 6 6 9 11 13 15 18
1114 2916 6 6 9 11 13 16 17
1082 1126 6 6 9 11 13 17 18
844 3438 4 6 9 11 13
872 3986 4 6 9 11 13
2758 1752 5 6 9 12 13 16
3056 2908 5 6 9 12 13 18
3482 3298 4 6 9 12 13
2458 4874 6 6 9 13 15 16 18
2912 4680 5 6 9 13 15 16
3190 4020 5 6 9 13 15 18
1026 4676 6 6 9 13 16 17 18
1314 1976 5 6 9 13 16 17
978 478 4 6 9 13 16
4448 1114 4 6 9 13 16
1334 4670 5 6 9 13 17 18
1262 3616 4 6 9 13 18
1342 5208 3 6 9 13
2798 3350 6 6 10 11 12 13 16
3082 2734 6 6 10 11 12 13 18
3866 5648 4 6 10 11 12
1098 3890 5 6 10 11 13 16
3610 3028 5 6 10 11 13 16
1376 4182 5 6 10 11 13 18
3890 5942 5 6 10 11 13 18
4338 2672 4 6 10 11 13
3298 3862 5 6 10 11 15 16
3576 4448 5 6 10 11 15 18
1486 3590 5 6 10 11 16 17
4506 1752 4 6 10 11 16
1720 738 5 6 10 11 17 18
4758 3798 4 6 10 11 18
1734 3644 3 6 10 11
3470 1938 5 6 10 12 13 16
3754 4576 5 6 10 12 13 18
3806 1914 4 6 10 12 16
4104 2478 4 6 10 12 18
4694 3664 5 6 10 13 16 18
1344 3154 4 6 10 13 16
4618 1460 4 6 10 13 18
1622 5446 4 6 10 13 18
3506 1962 5 6 10 15 16 18
1728 2722 5 6 10 16 17 18
1866 4012 4 6 10 16 17
4704 712 4 6 10 16 18
1680 1366 3 6 10 16
2102 5192 4 6 10 17 18
1970 1310 3 6 10 18
2778 2994 5 6 11 12 13 16
3082 2080 5 6 11 12 13 18
3516 1922 4 6 11 12 13
2478 2870 6 6 11 13 15 16 18
2948 2964 5 6 11 13 15 16
3226 1312 5 6 11 13 15 18
1026 3066 6 6 11 13 16 17 18
1322 1180 5 6 11 13 16 17
978 3268 4 6 11 13 16
3590 4870 4 6 11 13 16
1370 976 5 6 11 13 17 18
1262 948 4 6 11 13 18
4734 642 4 6 11 13 18
1384 3426 3 6 11 13
3456 2488 4 6 12 13 16
3754 2498 4 6 12 13 18
3156 2458 5 6 13 15 16 18
1378 1970 5 6 13 16 17 18
1636 2026 4 6 13 16 17
4680 6036 4 6 13 16 18
1330 3020 3 6 13 16
1752 2950 4 6 13 17 18
1622 4224 3 6 13 18
5350 3894 6 7 8 9 13 14 15
3526 3254 6 7 8 9 13 14 17
5452 3896 5 7 8 9 14 15
3628 2612 5 7 8 9 14 17
5396 3124 5 7 8 10 12 14
4432 3452 7 7 8 10 13 14 15 16
4706 3974 7 7 8 10 13 14 15 16
4682 3308 7 7 8 10 13 14 15 18
5074 3830 7 7 8 10 13 14 15 18
3184 4104 7 7 8 10 13 14 17 18
3152 5118 5 7 8 10 13 14
4532 2422 6 7 8 10 14 15 16
4584 2674 6 7 8 10 14 15 16
4784 5484 6 7 8 10 14 15 18
3284 1476 6 7 8 10 14 17 18
4120 1314 5 7 8 10 14 17
3254 2934 4 7 8 10 14
5382 3064 6 7 8 11 13 14 15
3560 3658 6 7 8 11 13 14 17
5484 2678 5 7 8 11 14 15
3660 4718 5 7 8 11 14 17
7068 5282 5 7 8 12 13 15
5244 2510 5 7 8 12 13 17
3664 2262 6 7 8 12 15 16 17
3950 3156 6 7 8 12 15 16 17
3916 3232 6 7 8 12 15 17 18
4200 4896 6 7 8 12 15 17 18
4208 5118 4 7 8 12 15
2384 4432 4 7 8 12 17
4384 3470 6 7 8 13 15 16 17
4636 864 6 7 8 13 15 17 18
4928 2218 4 7 8 13 15
3104 3712 4 7 8 13 17
1524 3924 5 7 8 15 16 17
1776 2102 5 7 8 15 17 18
2100 3962 5 7 8 15 17 18
2074 1436 3 7 8 15
732 4892 3 7 8 17
5382 3326 5 7 9 12 13 14
4086 4384 6 7 9 12 14 15 16
4372 3994 6 7 9 12 14 15 18
2276 2312 6 7 9 12 14 16 17
2516 3574 6 7 9 12 14 17 18
3386 1188 5 7 9 12 14 17
2530 2318 4 7 9 12 14
5162 674 6 7 9 13 14 15 16
5414 4796 6 7 9 13 14 15 18
3350 4224 6 7 9 13 14 16 17
3556 4006 6 7 9 13 14 17 18
3760 3254 5 7 9 13 14 17
1118 1824 4 7 9 13 14
5264 5006 5 7 9 14 15 16
3102 1262 6 7 9 14 15 17 18
5514 868 5 7 9 14 15 18
3452 5452 5 7 9 14 16 17
3658 3754 5 7 9 14 17 18
1334 4760 4 7 9 14 17
1126 3336 3 7 9 14
5388 2516 6 7 10 12 13 14 18
5282 5024 5 7 10 12 13 14
4094 2264 7 7 10 12 14 15 16 18
3986 1684 6 7 10 12 14 15 16
4270 3212 6 7 10 12 14 15 18
2282 2148 7 7 10 12 14 16 17 18
2174 5476 6 7 10 12 14 16 17
5208 766 5 7 10 12 14 16
2414 6756 6 7 10 12 14 17 18
3286 4372 5 7 10 12 14 17
2528 3786 5 7 10 12 14 18
2428 4122 4 7 10 12 14
4770 802 7 7 10 13 14 15 16 18
3006 4964 7 7 10 13 14 16 17 18
2964 3376 5 7 10 13 14 16
3416 1920 6 7 10 13 14 17 18
4006 3988 5 7 10 13 14 17
1244 5386 5 7 10 13 14 18
838 3720 4 7 10 13 14
4870 3162 6 7 10 14 15 16 18
3000 3332 6 7 10 14 15 17 18
3108 4640 6 7 10 14 16 17 18
3932 1160 5 7 10 14 16 17
3066 2056 4 7 10 14 16
1460 1300 5 7 10 14 17 18
1152 4094 4 7 10 14 17
1252 4634 4 7 10 14 18
846 2630 3 7 10 14
5414 4234 5 7 11 12 13 14
4118 110 6 7 11 12 14 15 16
4404 3344 6 7 11 12 14 15 18
2306 1834 6 7 11 12 14 16 17
2546 5638 6 7 11 12 14 17 18
3418 3874 5 7 11 12 14 17
2562 5166 4 7 11 12 14
5194 4228 6 7 11 13 14 15 16
5446 2386 6 7 11 13 14 15 18
3382 852 6 7 11 13 14 16 17
3590 2782 6 7 11 13 14 17 18
3792 2328 5 7 11 13 14 17
3278 4786 4 7 11 13 14
1136 4236 4 7 11 13 14
5296 3276 5 7 11 14 15 16
3134 3922 6 7 11 14 15 17 18
5548 1436 5 7 11 14 15 18
3484 4566 5 7 11 14 16 17
3690 1978 5 7 11 14 17 18
3894 4342 4 7 11 14 17
1352 692 4 7 11 14 17
1146 1956 3 7 11 14
5540 2186 4 7 12 13 14
6880 5414 5 7 12 13 15 16
7130 5336 5 7 12 13 15 18
5068 2202 5 7 12 13 16 17
5274 5162 5 7 12 13 17 18
5476 2820 4 7 12 13 17
4244 3936 5 7 12 14 15 16
4530 2512 5 7 12 14 15 18
2486 1934 5 7 12 14 16 17
2674 3590 5 7 12 14 17 18
3544 4108 4 7 12 14 17
2694 3148 3 7 12 14
3978 3278 6 7 12 15 16 17 18
4014 1460 6 7 12 15 16 17 18
4012 5102 6 7 12 15 16 17 18
4182 3866 5 7 12 15 16 17
4020 6288 4 7 12 15 16
4466 1964 5 7 12 15 17 18
4270 846 4 7 12 15 18
2208 1972 4 7 12 16 17
2414 2910 4 7 12 17 18
2624 3262 3 7 12 17
4264 5574 4 7 13 14 17
1630 1292 3 7 13 14
4732 2068 6 7 13 15 16 17 18
4740 4730 4 7 13 15 16
5192 5192 5 7 13 15 17 18
4992 5378 4 7 13 15 18
2928 838 4 7 13 16 17
3136 4200 4 7 13 17 18
3344 4288 3 7 13 17
712 4466 2 7 13
3260 3074 5 7 14 15 17 18
1846 3916 3 7 14 17
1638 2804 2 7 14
1872 2086 5 7 15 16 17 18
1874 1692 5 7 15 16 17 18
1940 5012 3 7 15 16
2340 3204 4 7 15 17 18
2218 2476 3 7 15 18
674 5120 3 7 16 17
642 2932 3 7 17 18
1144 1330 2 7 17
4760 3412 5 8 9 10 12 14
3484 4850 5 8 9 10 14 17
4656 1430 6 8 9 11 13 14 15
2832 3134 6 8 9 11 13 14 17
4850 1446 5 8 9 11 14 15
3026 1280 5 8 9 11 14 17
6198 3456 5 8 9 12 13 15
4374 1466 5 8 9 12 13 17
3304 2050 6 8 9 12 14 15 16
3588 1506 6 8 9 12 14 15 18
3312 3280 6 8 9 12 15 16 17
3028 1848 6 8 9 12 15 16 17
3564 3584 6 8 9 12 15 17 18
3280 1262 6 8 9 12 15 17 18
3578 3266 4 8 9 12 15
1756 4656 4 8 9 12 17
3514 1790 6 8 9 13 15 16 17
3766 5382 6 8 9 13 15 17 18
4058 4928 4 8 9 13 15
2236 2072 4 8 9 13 17
2318 2798 6 8 9 14 15 17 18
5542 4318 4 8 9 14 15
3720 3810 4 8 9 14 17
1256 2314 5 8 9 15 16 17
4424 3708 5 8 9 15 17 18
1470 1202 5 8 9 15 17 18
1432 3238 5 8 9 15 17 18
1506 4448 3 8 9 15
536 3102 3 8 9 17
4796 3672 5 8 10 11 12 14
3622 2340 7 8 10 11 13 14 15 16
4012 4404 7 8 10 11 13 14 15 16
3874 3136 7 8 10 11 13 14 15 18
3988 4550 7 8 10 11 13 14 15 18
2488 1650 7 8 10 11 13 14 17 18
2458 3222 5 8 10 11 13 14
4224 1152 6 8 10 11 14 15 16
3982 758 6 8 10 11 14 15 16
4234 4124 6 8 10 11 14 15 18
4738 958 6 8 10 11 14 15 18
2848 3226 6 8 10 11 14 17 18
3520 5038 5 8 10 11 14 17
2824 1774 4 8 10 11 14
3304 872 7 8 10 12 14 15 16 18
3204 4518 6 8 10 12 14 15 16
3488 1332 6 8 10 12 14 15 18
4736 576 5 8 10 12 14 16
5038 2576 5 8 10 12 14 18
3268 1252 7 8 10 12 15 16 17 18
3566 4012 5 8 10 12 15 16
3852 3286 5 8 10 12 15 18
1744 3532 5 8 10 12 16 17
2028 3502 5 8 10 12 17 18
4624 2556 5 8 10 14 15 16
2218 3832 6 8 10 14 15 17 18
5192 3858 5 8 10 14 15 18
4874 1528 5 8 10 14 15 18
3376 3542 5 8 10 14 17 18
3902 3542 4 8 10 14 17
3350 2086 3 8 10 14
4160 2694 6 8 10 15 16 17 18
4170 4020 6 8 10 15 16 17 18
4124 2704 4 8 10 15 16
4576 5040 5 8 10 15 17 18
4376 4082 4 8 10 15 18
2898 3136 4 8 10 17 18
864 4938 2 8 10
6224 3392 5 8 11 12 13 15
4402 2458 5 8 11 12 13 17
3336 2024 6 8 11 12 14 15 16
3620 3622 6 8 11 12 14 15 18
3064 5514 6 8 11 12 15 16 17
3350 2808 6 8 11 12 15 16 17
3314 4554 6 8 11 12 15 17 18
3614 3000 4 8 11 12 15
1790 3766 4 8 11 12 17
3542 3684 6 8 11 13 15 16 17
3792 2758 6 8 11 13 15 17 18
4086 4148 4 8 11 13 15
2262 4704 4 8 11 13 17
2350 846 6 8 11 14 15 17 18
5574 2350 4 8 11 14 15
3752 2270 4 8 11 14 17
1264 1050 5 8 11 15 16 17
4158 4956 5 8 11 15 16 17
1466 2566 5 8 11 15 17 18
1506 4792 5 8 11 15 17 18
1540 3244 3 8 11 15
544 2862 3 8 11 17
6692 866 5 8 12 13 15 16
7032 4808 5 8 12 13 15 18
4870 2074 5 8 12 13 16 17
5208 3922 5 8 12 13 17 18
3462 5164 5 8 12 14 15 16
3746 4662 5 8 12 14 15 18
3254 4540 6 8 12 15 16 17 18
3190 1118 6 8 12 15 16 17 18
3398 1376 5 8 12 15 16 17
3554 1328 4 8 12 15 16
3684 4994 5 8 12 15 17 18
3850 3328 4 8 12 15 18
1730 1778 4 8 12 16 17
2028 5074 4 8 12 17 18
4354 4618 6 8 13 15 16 17 18
4542 4530 4 8 13 15 16
4892 2316 4 8 13 15 18
3074 3280 4 8 13 17 18
2476 1830 5 8 14 15 17 18
1436 1010 5 8 15 16 17 18
1160 3104 5 8 15 16 17 18
4286 3610 4 8 15 16 17
1578 5244 4 8 15 16 17
1238 5264 3 8 15 16
4554 3484 4 8 15 17 18
1848 1272 4 8 15 17 18
1630 4234 4 8 15 17 18
1516 978 3 8 15 18
448 2462 3 8 17 18
860 3388 2 8 17
898 2676 1 8
4518 1560 6 9 10 12 13 14 18
4412 2782 5 9 10 12 13 14
3456 1730 7 9 10 12 14 15 16 18
3356 4818 6 9 10 12 14 15 16
3640 5542 6 9 10 12 14 15 18
1906 1384 7 9 10 12 14 16 17 18
1544 3780 6 9 10 12 14 16 17
1888 3392 5 9 10 12 14 16
1784 3414 6 9 10 12 14 17 18
2656 1784 5 9 10 12 14 17
1892 2898 5 9 10 12 14 18
5170 1774 5 9 10 12 14 18
1792 1136 4 9 10 12 14
3244 3410 6 9 10 13 14 17 18
3136 2956 5 9 10 13 14 17
2370 5956 6 9 10 14 15 17 18
3296 4760 5 9 10 14 16 17
1264 1866 5 9 10 14 17 18
3616 3222 5 9 10 14 17 18
856 5018 4 9 10 14 17
4540 3418 5 9 11 12 13 14
3482 2636 6 9 11 12 14 15 16
3768 1940 6 9 11 12 14 15 18
1788 2554 6 9 11 12 14 16 17
1910 1466 6 9 11 12 14 17 18
2782 2824 5 9 11 12 14 17
1926 1432 4 9 11 12 14
4896 2262 4 9 11 12 14
4468 1506 6 9 11 13 14 15 16
4718 4900 6 9 11 13 14 15 18
2656 3350 6 9 11 13 14 16 17
2862 1510 6 9 11 13 14 17 18
3066 4816 5 9 11 13 14 17
758 3850 4 9 11 13 14
2402 4518 4 9 11 13 14
4662 1378 5 9 11 14 15 16
2498 3606 6 9 11 14 15 17 18
4912 4956 5 9 11 14 15 18
2850 3332 5 9 11 14 16 17
3056 4334 5 9 11 14 17 18
3266 5074 4 9 11 14 17
1146 1820 4 9 11 14 17
692 2878 3 9 11 14
5008 1874 5 9 12 13 14 16
5346 1578 5 9 12 13 14 18
4670 3676 4 9 12 13 14
6010 2254 5 9 12 13 15 16
6260 3156 5 9 12 13 15 18
4198 4170 5 9 12 13 16 17
4404 3542 5 9 12 13 17 18
4608 1206 4 9 12 13 17
3708 2328 6 9 12 14 15 16 18
3608 732 5 9 12 14 15 16
3894 5094 5 9 12 14 15 18
1924 2318 6 9 12 14 16 17 18
2102 1614 5 9 12 14 16 17
1868 770 4 9 12 14 16
2264 2588 5 9 12 14 17 18
2908 2438 4 9 12 14 17
2172 5296 4 9 12 14 18
2064 4542 3 9 12 14
3378 3544 6 9 12 15 16 17 18
3342 1824 6 9 12 15 16 17 18
3546 3484 5 9 12 15 16 17
3384 1018 4 9 12 15 16
3830 4260 5 9 12 15 17 18
3634 4636 4 9 12 15 18
1572 4092 4 9 12 16 17
1778 4694 4 9 12 17 18
1988 3422 3 9 12 17
4076 2280 5 9 13 14 17 18
3396 1200 4 9 13 14 17
3862 3870 6 9 13 15 16 17 18
3870 5988 4 9 13 15 16
4322 2520 5 9 13 15 17 18
4122 166 4 9 13 15 18
2058 1622 4 9 13 16 17
2266 992 4 9 13 17 18
2474 856 3 9 13 17
166 1956 2 9 13
2438 1068 6 9 14 15 16 17 18
5354 5274 4 9 14 15 16
2624 3514 5 9 14 15 17 18
5606 3578 4 9 14 15 18
3542 4322 4 9 14 16 17
1050 1728 4 9 14 17 18
1462 1026 3 9 14 17
1650 1888 3 9 14 17
1638 4374 2 9 14
1354 2686 5 9 15 16 17 18
4236 6260 5 9 15 16 17 18
1356 5382 5 9 15 16 17 18
1430 2510 3 9 15 16
1824 2528 4 9 15 17 18
1708 3690 3 9 15 18
478 2656 3 9 16 17
446 4526 3 9 17 18
948 3226 2 9 17
420 4916 1 9
4546 4666 6 10 11 12 13 14 18
4438 4962 5 10 11 12 13 14
3492 3946 7 10 11 12 14 15 16 18
3392 1306 6 10 11 12 14 15 16
3676 4740 6 10 11 12 14 15 18
1914 4630 7 10 11 12 14 16 17 18
1580 3832 6 10 11 12 14 16 17
1914 5156 5 10 11 12 14 16
3062 6880 6 10 11 12 14 17 18
1820 2900 6 10 11 12 14 17 18
2692 2064 5 10 11 12 14 17
1934 1378 5 10 11 12 14 18
2198 1152 5 10 11 12 14 18
1834 5324 4 10 11 12 14
3928 4066 7 10 11 13 14 15 16 18
4074 3606 7 10 11 13 14 15 16 18
2312 4412 7 10 11 13 14 16 17 18
2270 3792 5 10 11 13 14 16
2722 3152 6 10 11 13 14 17 18
3162 1730 5 10 11 13 14 17
886 4354 5 10 11 13 14 18
2520 2530 5 10 11 13 14 18
642 1362 4 10 11 13 14
4288 1920 6 10 11 14 15 16 18
4478 2654 6 10 11 14 15 16 18
2406 5154 6 10 11 14 15 17 18
2670 3344 6 10 11 14 16 17 18
3332 1322 5 10 11 14 16 17
2636 3678 4 10 11 14 16
1272 2462 5 10 11 14 17 18
866 3976 4 10 11 14 17
818 2476 4 10 11 14 18
576 4424 3 10 11 14
5014 1012 6 10 12 13 14 16 18
4906 2228 5 10 12 13 14 16
5246 2260 5 10 12 13 14 18
3606 3968 6 10 12 14 15 16 18
2228 2722 6 10 12 14 16 17 18
1822 1636 6 10 12 14 16 17 18
2632 5396 5 10 12 14 16 17
1962 3506 5 10 12 14 16 17
1874 3614 5 10 12 14 16 18
4850 3884 5 10 12 14 16 18
1774 2936 4 10 12 14 16
2320 3724 4 10 12 14 16
2202 2058 5 10 12 14 17 18
2072 2756 4 10 12 14 18
3830 3940 6 10 12 15 16 17 18
3630 5354 5 10 12 15 16 18
3664 2946 5 10 12 15 16 18
4716 3402 5 10 12 16 17 18
1774 1548 5 10 12 16 17 18
1976 844 4 10 12 16 17
2262 2122 4 10 12 17 18
3976 2286 5 10 13 14 17 18
2336 1906 6 10 14 15 16 17 18
4962 2944 5 10 14 15 16 18
3198 2208 5 10 14 16 17 18
3712 4260 4 10 14 16 17
3162 2988 3 10 14 16
802 3982 4 10 14 17 18
3688 4608 4 10 14 17 18
1180 2624 3 10 14 17
1764 2292 3 10 14 18
1356 1172 2 10 14
4630 5068 5 10 15 16 17 18
4430 4944 4 10 15 16 18
2722 3942 4 10 16 17 18
568 2336 2 10 16
3130 2428 3 10 17 18
800 1630 2 10 18
940 3676 1 10
5040 3608 5 11 12 13 14 16
5378 2832 5 11 12 13 14 18
4698 3440 4 11 12 13 14
6036 3754 5 11 12 13 15 16
6288 2702 5 11 12 13 15 18
4224 2850 5 11 12 13 16 17
4432 5232 5 11 12 13 17 18
4634 488 4 11 12 13 17
3732 3118 6 11 12 14 15 16 18
3650 3190 5 11 12 14 15 16
3936 3646 5 11 12 14 15 18
1956 1354 6 11 12 14 16 17 18
2120 5202 5 11 12 14 16 17
2298 4086 5 11 12 14 16 17
1900 2698 4 11 12 14 16
2272 3398 5 11 12 14 17 18
2950 2940 4 11 12 14 17
2204 970 4 11 12 14 18
2100 1356 3 11 12 14
3412 2948 6 11 12 15 16 17 18
3378 1098 6 11 12 15 16 17 18
3588 2220 5 11 12 15 16 17
3426 3440 4 11 12 15 16
3872 3734 5 11 12 15 17 18
3676 3484 4 11 12 15 18
1614 1156 4 11 12 16 17
1820 6164 4 11 12 17 18
2024 4402 3 11 12 17
4108 4468 5 11 13 14 17 18
3422 1924 4 11 13 14 17
1436 4822 3 11 13 14
3890 3516 6 11 13 15 16 17 18
3896 3006 4 11 13 15 16
4350 5108 5 11 13 15 17 18
4148 2100 4 11 13 15 18
2086 3814 4 11 13 16 17
2292 4180 4 11 13 17 18
2502 4254 3 11 13 17
166 6198 2 11 13
2462 3588 6 11 14 15 16 17 18
5386 1870 4 11 14 15 16
2666 886 5 11 14 15 17 18
5638 3312 4 11 14 15 18
3574 4468 4 11 14 16 17
1068 2758 4 11 14 17 18
1480 3852 3 11 14 17
1202 2844 2 11 14
1366 4504 5 11 15 16 17 18
1614 6492 5 11 15 16 17 18
1466 454 3 11 15 16
1858 2298 4 11 15 17 18
1744 3190 3 11 15 18
488 3916 3 11 16 17
454 3094 3 11 17 18
958 2204 2 11 17
460 5208 1 11
5166 3056 4 12 13 14 16
5504 1900 4 12 13 14 18
6756 1082 5 12 13 15 16 18
4900 600 5 12 13 16 17 18
5102 2726 4 12 13 16 17
5442 978 4 12 13 17 18
3866 4124 5 12 14 15 16 18
2202 2366 5 12 14 16 17 18
2614 4418 4 12 14 16 17
2220 6612 3 12 14 16
2588 1822 4 12 14 17 18
2510 448 3 12 14 18
3792 1988 5 12 15 16 17 18
3616 3206 4 12 15 16 18
1760 1272 4 12 16 17 18
1964 3350 3 12 16 17
2260 5246 3 12 17 18
4234 2524 4 13 14 17 18
4808 1734 5 13 15 16 17 18
4606 3132 4 13 15 16 18
2898 6692 4 13 16 17 18
846 4424 2 13 16
3314 4738 3 13 17 18
1076 2632 2 13 18
866 1238 1 13
2596 4312 5 14 15 16 17 18
1560 3122 3 14 17 18
1972 3560 2 14 17
2148 2916 1 14
1680 3382 4 15 16 17 18
4666 3792 4 15 16 17 18
1614 4158 3 15 16 18
390 1098 3 16 17 18
802 4438 2 16 17
868 4390 1 16
770 2174 2 17 18
1272 3824 1 17
1152 3150 1 18
