31 467 
1875 20676 1 1
1800 26850 1 2
18447 16776 6 3 5 6 10 12 29
20928 22278 6 3 5 9 14 16 26
16980 32874 4 3 5 10 20
7074 33285 6 3 5 12 14 16 29
8334 19587 7 3 5 12 14 22 26 29
11607 22425 6 3 5 14 17 20 26
21417 28950 6 3 5 14 19 24 26
29745 15330 5 3 5 19 21 25
33594 4725 4 3 5 19 25
14250 30609 4 3 6 8 10
14367 29838 4 3 6 8 10
8877 19101 6 3 6 8 14 17 26
12378 26274 5 3 8 10 20 22
2985 28197 4 3 8 14 16
7002 18186 7 3 8 14 17 20 22 26
16812 13101 7 3 8 14 19 22 24 26
4254 17508 5 3 8 14 22 26
25140 23502 6 3 8 19 21 22 25
28992 18711 5 3 8 19 22 25
22668 17997 6 4 5 9 16 23 26
11838 27285 6 4 5 12 15 22 29
8817 14808 6 4 5 12 16 23 29
28113 19278 4 4 5 12 19
10077 17760 7 4 5 12 22 23 26 29
15111 21240 5 4 5 15 17 20
24921 25452 5 4 5 15 19 24
29823 17430 4 4 5 15 19
13350 18495 6 4 5 17 20 23 26
31122 32274 5 4 5 19 21 25
23160 33510 6 4 5 19 23 24 26
34974 20691 4 4 5 19 25
12381 15315 5 4 6 8 15 17
10620 12771 6 4 6 8 17 23 26
23508 17235 5 4 8 12 19 22
10506 15429 6 4 8 15 17 20 22
20316 18141 6 4 8 15 19 22 24
25218 21801 5 4 8 15 19 22
7758 14304 4 4 8 15 22
4725 18672 4 4 8 16 23
8745 21120 7 4 8 17 20 22 23 26
26520 21711 6 4 8 19 21 22 25
18555 13350 7 4 8 19 22 23 24 26
30369 13854 5 4 8 19 22 25
5997 17715 5 4 8 22 23 26
18543 24051 6 5 6 7 10 12 29
17076 32721 4 5 7 10 20
29838 14823 5 5 7 19 21 25
33690 24651 4 5 7 19 25
14346 29823 4 6 7 8 10
14460 20748 4 6 7 8 10
9900 20703 4 6 7 9 10
25227 20811 6 6 10 12 13 29 30
24372 7002 7 6 10 12 27 29 30 31
27117 21018 5 6 10 12 29 30
27072 35733 5 6 10 12 29 31
29508 21987 6 6 10 13 24 29 30
26433 29529 8 6 10 18 21 27 29 30 31
29178 29025 6 6 10 18 21 29 30
29133 14817 6 6 10 18 21 29 31
30282 8817 7 6 10 18 27 29 30 31
27381 22485 8 6 10 21 25 27 29 30 31
30126 22485 6 6 10 21 25 29 30
30084 15483 6 6 10 21 25 29 31
28608 22029 7 6 10 24 27 29 30 31
31353 30282 5 6 10 24 29 30
31308 16479 5 6 10 24 29 31
31233 24579 7 6 10 25 27 29 30 31
12471 14478 5 7 8 10 20 22
25236 33927 6 7 8 19 21 22 25
29085 7758 5 7 8 19 22 25
12336 16806 5 7 9 10 20 22
19284 14259 9 7 9 14 16 21 25 27 30 31
22029 27225 7 7 9 14 16 21 25 30
21987 19332 7 7 9 14 16 21 25 31
23136 31611 8 7 9 14 16 25 27 30 31
25881 16575 6 7 9 14 16 25 30
25836 25167 6 7 9 14 16 25 31
18858 20316 10 7 9 16 21 23 25 27 28 30 31
21603 15891 8 7 9 16 21 23 25 27 31
21603 16620 8 7 9 16 21 23 25 28 30
21459 19971 8 7 9 16 21 23 25 28 31
24294 10776 6 7 9 16 21 23 25
22707 14685 9 7 9 16 23 25 27 28 30 31
25452 17706 7 7 9 16 23 25 27 31
25452 21153 7 7 9 16 23 25 28 30
25311 12336 7 7 9 16 23 25 28 31
25101 21357 6 7 9 19 21 22 25
28950 33594 5 7 9 19 22 25
22848 6072 7 9 13 14 16 24 26 30
22422 29475 8 9 13 16 23 24 26 28 30
25167 25218 6 9 13 16 23 24 26
27279 33378 7 9 13 16 23 26 28 30
21948 23760 8 9 14 16 24 26 27 30 31
24693 21294 6 9 14 16 24 26 30
24651 19020 6 9 14 16 24 26 31
26850 26940 7 9 14 16 26 27 30 31
21519 19773 9 9 16 23 24 26 27 28 30 31
24264 34611 7 9 16 23 24 26 27 31
24264 18636 7 9 16 23 24 26 28 30
24123 36570 7 9 16 23 24 26 28 31
26955 25881 5 9 16 23 24 26
26421 19479 8 9 16 23 26 27 28 30 31
9516 36525 2 9 16
17952 37776 5 9 17 20 22 26
27762 14337 5 9 19 22 24 26
10776 18066 3 9 22 26
18903 24921 5 10 13 20 24 30
23760 31866 4 10 13 20 30
15828 26433 7 10 18 20 21 27 30 31
18573 33522 5 10 18 20 21 30
18528 19443 5 10 18 20 21 31
19677 27528 6 10 18 20 27 30 31
22422 15537 4 10 18 20 30
22380 22242 4 10 18 20 31
16776 11607 7 10 20 21 25 27 30 31
19521 13038 5 10 20 21 25 30
19479 21417 5 10 20 21 25 31
18003 29379 6 10 20 24 27 30 31
20748 29514 4 10 20 24 30
20703 11403 4 10 20 24 31
20628 31122 6 10 20 25 27 30 31
23373 18909 4 10 20 25 30
23328 22176 4 10 20 25 31
24474 15699 4 10 20 27 30
18528 29085 5 11 12 13 22 29
17673 27339 6 11 12 22 27 29 31
20364 22872 4 11 12 22 29
16944 16839 5 11 13 17 20 24
21801 14532 4 11 13 17 20
24579 28608 6 11 13 18 19 21 24
29436 23373 5 11 13 18 19 21
28428 18543 5 11 13 18 19 24
33285 14631 4 11 13 18 19
25527 2985 6 11 13 19 21 24 25
30384 13719 5 11 13 19 21 25
29379 24294 5 11 13 19 24 25
31611 17004 4 11 13 19 24
34236 16170 4 11 13 19 25
22809 13866 5 11 13 22 24 29
13866 19194 7 11 17 18 20 21 27 31
16557 16944 5 11 17 18 20 21
17715 12570 6 11 17 18 20 27 31
20409 23676 4 11 17 18 20
14817 29973 7 11 17 20 21 25 27 31
17508 22464 5 11 17 20 21 25
16041 20202 6 11 17 20 24 27 31
18732 15252 4 11 17 20 24
18666 25452 6 11 17 20 25 27 31
21357 17673 4 11 17 20 25
22515 19734 4 11 17 20 27
23676 17637 7 11 18 19 21 24 27 31
26367 27072 5 11 18 19 21 24
28578 15582 6 11 18 19 21 27 31
27528 19980 6 11 18 19 24 27 31
30219 22707 4 11 18 19 24
32430 22605 5 11 18 19 27 31
19734 18753 7 11 18 21 22 27 29 31
22425 25143 5 11 18 21 22 29
23583 36528 6 11 18 22 27 29 31
26274 29745 4 11 18 22 29
24627 22422 7 11 19 21 24 25 27 31
27318 26955 5 11 19 21 24 25
29529 15060 6 11 19 21 25 27 31
28476 14946 6 11 19 24 25 27 31
31167 20811 4 11 19 24 25
30753 17223 5 11 19 24 27 31
33378 8334 5 11 19 25 27 31
20682 13830 7 11 21 22 25 27 29 31
23373 23160 5 11 21 22 25 29
21909 29436 6 11 22 24 27 29 31
24600 23295 4 11 22 24 29
24534 8745 6 11 22 25 27 29 31
27225 31233 4 11 22 25 29
13854 26247 6 12 13 14 16 29 30
15114 24264 7 12 13 14 22 26 29 30
16395 12999 7 12 13 15 22 28 29 30
19194 29565 5 12 13 15 22 29
13425 21603 7 12 13 16 23 28 29 30
16170 18003 5 12 13 16 23 29
27864 22914 6 12 13 19 24 28 30
30609 23088 4 12 13 19 24
32721 15285 5 12 13 19 28 30
35466 36321 3 12 13 19
14685 14346 8 12 13 22 23 26 28 29 30
17430 34974 6 12 13 22 23 26 29
12999 30513 7 12 14 16 27 29 30 31
15744 30126 5 12 14 16 29 30
15699 24372 5 12 14 16 29 31
14259 22035 8 12 14 22 26 27 29 30 31
17004 24534 6 12 14 22 26 29 30
16959 16008 6 12 14 22 26 29 31
15537 15846 8 12 15 22 27 28 29 30 31
18336 25311 6 12 15 22 27 29 31
18282 20169 6 12 15 22 28 29 30
18141 27318 6 12 15 22 28 29 31
12570 10077 8 12 16 23 27 28 29 30 31
15315 17805 6 12 16 23 27 29 31
15315 28428 6 12 16 23 28 29 30
15174 28113 6 12 16 23 28 29 31
26964 14367 7 12 19 24 27 28 30 31
29709 26913 5 12 19 24 27 31
29709 23865 5 12 19 24 28 30
29565 14802 5 12 19 24 28 31
31866 14460 6 12 19 27 28 30 31
34611 22023 4 12 19 27 31
34467 17049 4 12 19 28 31
13830 22518 9 12 22 23 26 27 28 29 30 31
16575 24867 7 12 22 23 26 27 29 31
16575 24600 7 12 22 23 26 28 29 30
16434 31167 7 12 22 23 26 28 29 31
18135 30765 6 13 14 16 24 29 30
13530 21948 7 13 14 17 20 24 26 30
18387 21909 6 13 14 17 20 26 30
28197 18555 6 13 14 19 24 26 30
19395 18174 7 13 14 22 24 26 29 30
14808 30384 7 13 15 17 20 24 28 30
17607 18447 5 13 15 17 20 24
19665 22176 6 13 15 17 20 28 30
22464 26127 4 13 15 17 20
29475 24195 6 13 15 19 24 28 30
32274 867 4 13 15 19 24
34377 20397 5 13 15 19 28 30
37176 17076 3 13 15 19
20676 24969 7 13 15 22 24 28 29 30
23475 21327 5 13 15 22 24 29
17706 26025 7 13 16 23 24 28 29 30
20451 19587 5 13 16 23 24 29
13101 18528 8 13 17 20 23 24 26 28 30
15846 25002 6 13 17 20 23 24 26
17958 21519 7 13 17 20 23 26 28 30
20703 34236 5 13 17 20 23 26
29925 13425 7 13 18 19 21 24 28 30
34782 15582 6 13 18 19 21 28 30
33774 18966 6 13 18 19 24 28 30
30876 21420 7 13 19 21 24 25 28 30
31668 32718 6 13 19 21 24 25 30
35733 21072 6 13 19 21 25 28 30
36525 12771 5 13 19 21 25 30
27768 17598 7 13 19 23 24 26 28 30
30513 18666 5 13 19 23 24 26
34725 15174 6 13 19 24 25 28 30
35517 30084 5 13 19 24 25 30
18966 21612 8 13 22 23 24 26 28 29 30
21711 22668 6 13 22 23 24 26 29
15060 19311 8 14 16 18 21 27 29 30 31
17805 19284 6 14 16 18 21 29 30
17760 20682 6 14 16 18 21 29 31
18909 19065 7 14 16 18 27 29 30 31
21654 34467 5 14 16 18 29 30
21612 21195 5 14 16 18 29 31
16008 30369 8 14 16 21 25 27 29 30 31
18753 19521 6 14 16 21 25 29 30
18711 37176 6 14 16 21 25 29 31
17235 23436 7 14 16 24 27 29 30 31
19980 23916 5 14 16 24 29 30
19935 20670 5 14 16 24 29 31
19860 17571 7 14 16 25 27 29 30 31
22605 19551 5 14 16 25 29 30
22560 22848 5 14 16 25 29 31
23709 21348 5 14 16 27 29 30
10452 16980 9 14 17 18 20 21 26 27 30 31
13197 20409 7 14 17 18 20 21 26 30
13155 24249 7 14 17 18 20 21 26 31
14304 29709 8 14 17 18 20 26 27 30 31
17049 15111 6 14 17 18 20 26 30
17004 24123 6 14 17 18 20 26 31
11403 23820 9 14 17 20 21 25 26 27 30 31
14148 19740 7 14 17 20 21 25 26 30
14106 29178 7 14 17 20 21 25 26 31
12627 22572 8 14 17 20 24 26 27 30 31
15372 9516 6 14 17 20 24 26 30
15330 25101 6 14 17 20 24 26 31
15252 18636 8 14 17 20 25 26 27 30 31
17997 33690 6 14 17 20 25 26 30
17955 1875 6 14 17 20 25 26 31
19101 18381 6 14 17 20 26 27 30
16320 15462 9 14 18 21 22 26 27 29 30 31
19065 27888 7 14 18 21 22 26 29 30
19020 16041 7 14 18 21 22 26 29 31
20169 30753 8 14 18 22 26 27 29 30 31
22914 13908 6 14 18 22 26 29 30
22872 28578 6 14 18 22 26 29 31
27339 23328 7 14 19 24 26 27 30 31
30042 12471 5 14 19 24 26 31
17268 25176 9 14 21 22 25 26 27 29 30 31
20013 23181 7 14 21 22 25 26 29 30
19971 15828 7 14 21 22 25 26 29 31
18495 16533 8 14 22 24 26 27 29 30 31
21240 18327 6 14 22 24 26 29 30
21195 13197 6 14 22 24 26 29 31
21120 27279 8 14 22 25 26 27 29 30 31
23865 37479 6 14 22 25 26 29 30
23820 15744 6 14 22 25 26 29 31
24969 35478 6 14 22 26 27 29 30
11733 25140 9 15 17 18 20 21 27 28 30 31
14532 31353 7 15 17 18 20 21 27 31
14478 1800 7 15 17 18 20 21 28 30
14337 18183 7 15 17 18 20 21 28 31
17223 16557 5 15 17 18 20 21
15582 21459 8 15 17 18 20 27 28 30 31
18381 22380 6 15 17 18 20 27 31
18327 24474 6 15 17 18 20 28 30
18186 26520 6 15 17 18 20 28 31
21072 15315 4 15 17 18 20
12681 19860 9 15 17 20 21 25 27 28 30 31
15483 24264 7 15 17 20 21 25 27 31
15429 18549 7 15 17 20 21 25 28 30
15285 19677 7 15 17 20 21 25 28 31
18174 17235 5 15 17 20 21 25
13908 19398 8 15 17 20 24 27 28 30 31
16707 18480 6 15 17 20 24 27 31
16653 19410 6 15 17 20 24 28 30
16512 20262 6 15 17 20 24 28 31
19398 15114 4 15 17 20 24
16533 29658 8 15 17 20 25 27 28 30 31
19332 35517 6 15 17 20 25 27 31
19278 27864 6 15 17 20 25 28 30
19137 20703 6 15 17 20 25 28 31
22023 16707 4 15 17 20 25
20382 18573 6 15 17 20 27 28 30
23181 34782 4 15 17 20 27
17598 25527 9 15 18 21 22 27 28 29 30 31
20397 13875 7 15 18 21 22 27 29 31
20343 25236 7 15 18 21 22 28 29 30
20202 20628 7 15 18 21 22 28 29 31
23088 22515 5 15 18 21 22 29
21447 12381 8 15 18 22 27 28 29 30 31
24249 10452 6 15 18 22 27 29 31
24195 26367 6 15 18 22 28 29 30
24051 13578 6 15 18 22 28 29 31
26940 21603 4 15 18 22 29
28620 19137 7 15 19 24 27 28 30 31
31419 12627 5 15 19 24 27 31
31365 27117 5 15 19 24 28 30
31224 35619 5 15 19 24 28 31
34110 18327 3 15 19 24
33522 16512 6 15 19 27 28 30 31
36321 36426 4 15 19 27 31
36126 28992 4 15 19 28 31
18549 30042 9 15 21 22 25 27 28 29 30 31
21348 10023 7 15 21 22 25 27 29 31
21294 31308 7 15 21 22 25 28 29 30
21153 17952 7 15 21 22 25 28 29 31
24039 10506 5 15 21 22 25 29
19773 10974 8 15 22 24 27 28 29 30 31
22572 14250 6 15 22 24 27 29 31
22518 18387 6 15 22 24 28 29 30
22377 23436 6 15 22 24 28 29 31
25263 19551 4 15 22 24 29
22398 27381 8 15 22 25 27 28 29 30 31
25197 17268 6 15 22 25 27 29 31
25143 34377 6 15 22 25 28 29 30
25002 35466 6 15 22 25 28 29 31
27888 7074 4 15 22 25 29
26247 19395 6 15 22 27 28 29 30
14631 20013 9 16 18 21 23 27 28 29 30 31
17376 32577 7 16 18 21 23 27 29 31
17376 31668 7 16 18 21 23 28 29 30
17235 25836 7 16 18 21 23 28 29 31
20067 26421 5 16 18 21 23 29
18480 16812 8 16 18 23 27 28 29 30 31
21225 21084 6 16 18 23 27 29 31
21225 16959 6 16 18 23 28 29 30
21084 21225 6 16 18 23 28 29 31
23916 25227 4 16 18 23 29
15582 20364 9 16 21 23 25 27 28 29 30 31
18327 17376 7 16 21 23 25 27 29 31
18327 11838 7 16 21 23 25 28 29 30
18183 17004 7 16 21 23 25 28 29 31
21018 13155 5 16 21 23 25 29
16806 31419 8 16 23 24 27 28 29 30 31
19551 20067 6 16 23 24 27 29 31
19551 14910 6 16 23 24 28 29 30
19410 29133 6 16 23 24 28 29 31
22242 16320 4 16 23 24 29
19431 15372 8 16 23 25 27 28 29 30 31
22176 30876 6 16 23 25 27 29 31
22176 23709 6 16 23 25 28 29 30
22035 29925 6 16 23 25 28 29 31
24867 16410 4 16 23 25 29
23280 31365 6 16 23 27 28 29 30
26025 11733 4 16 23 27 29
10023 17376 10 17 18 20 21 23 26 27 28 30 31
12771 21654 8 17 18 20 21 23 26 27 31
12771 17958 8 17 18 20 21 23 26 28 30
12627 13530 8 17 18 20 21 23 26 28 31
15462 23280 6 17 18 20 21 23 26
13875 17427 9 17 18 20 23 26 27 28 30 31
16620 18732 7 17 18 20 23 26 27 31
16620 18903 7 17 18 20 23 26 28 30
16479 33774 7 17 18 20 23 26 28 31
19311 18336 5 17 18 20 23 26
10974 28620 10 17 20 21 23 25 26 27 28 30 31
13719 32430 8 17 20 21 23 25 26 27 31
13719 22344 8 17 20 21 23 25 26 28 30
13578 12627 8 17 20 21 23 25 26 28 31
16410 19431 6 17 20 21 23 25 26
12198 24627 9 17 20 23 24 26 27 28 30 31
14946 14106 7 17 20 23 24 26 27 31
14946 21447 7 17 20 23 24 26 28 30
14802 23475 7 17 20 23 24 26 28 31
17637 34725 5 17 20 23 24 26
14823 14148 9 17 20 23 25 26 27 28 30 31
17571 34614 7 17 20 23 25 26 27 31
17571 9900 7 17 20 23 25 26 28 30
17427 29709 7 17 20 23 25 26 28 31
20262 16434 5 17 20 23 25 26
18672 16653 7 17 20 23 26 27 28 30
21420 12681 5 17 20 23 26 27
867 34875 2 17 20
29025 17955 8 18 19 21 24 27 28 30 31
31770 10620 6 18 19 21 24 28 30
31626 29508 6 18 19 21 24 28 31
33927 26964 7 18 19 21 27 28 30 31
36528 22377 5 18 19 21 28 31
32874 8877 7 18 19 24 27 28 30 31
35619 22809 5 18 19 24 28 30
35478 14946 5 18 19 24 28 31
37776 31626 6 18 19 27 28 30 31
15891 18282 10 18 21 22 23 26 27 28 29 30 31
18636 25197 8 18 21 22 23 26 27 29 31
18636 17571 8 18 21 22 23 26 28 29 30
18495 18858 8 18 21 22 23 26 28 29 31
21327 24039 6 18 21 22 23 26 29
19740 20451 9 18 22 23 26 27 28 29 30 31
22485 34110 7 18 22 23 26 27 29 31
22485 31224 7 18 22 23 26 28 29 30
22344 23508 7 18 22 23 26 28 29 31
25176 36126 5 18 22 23 26 29
29973 18495 8 19 21 24 25 27 28 30 31
30765 22398 7 19 21 24 25 27 30 31
32718 20382 6 19 21 24 25 28 30
32577 21225 6 19 21 24 25 28 31
33510 19665 5 19 21 24 25 30
34875 22422 7 19 21 25 27 28 30 31
35667 24540 6 19 21 25 27 30 31
37479 35667 5 19 21 25 28 31
26913 23373 8 19 23 24 26 27 28 30 31
29658 16575 6 19 23 24 26 27 31
29514 12198 6 19 23 24 26 28 31
33825 13719 7 19 24 25 27 28 30 31
34614 18135 6 19 24 25 27 30 31
36570 17607 5 19 24 25 28 30
36426 16395 5 19 24 25 28 31
37362 4254 4 19 24 25 30
13038 27768 2 19 24
14910 23136 1 19
16839 37362 10 21 22 23 25 26 27 28 29 30 31
19587 23583 8 21 22 23 25 26 27 29 31
19587 20928 8 21 22 23 25 26 28 29 30
19443 25263 8 21 22 23 25 26 28 29 31
22278 22560 6 21 22 23 25 26 29
18066 16620 9 22 23 24 26 27 28 29 30 31
20811 27762 7 22 23 24 26 27 29 31
20811 12378 7 22 23 24 26 28 29 30
20670 33825 7 22 23 24 26 28 29 31
23502 18528 5 22 23 24 26 29
20691 24693 9 22 23 25 26 27 28 29 30 31
23436 19935 7 22 23 25 26 27 29 31
23436 30219 7 22 23 25 26 28 29 30
23295 18327 7 22 23 25 26 28 29 31
26127 28476 5 22 23 25 26 29
24540 5997 7 22 23 26 27 28 29 30
27285 20343 5 22 23 26 27 29
6072 31770 2 22 29
