23 619 
4772 5144 5 1 2 5 11 13
3732 2472 6 1 2 11 13 21 22
3830 3272 5 1 3 7 13 16
4724 4634 5 1 3 13 15 16
4136 5280 6 1 4 12 15 16 21
3950 4984 6 1 5 9 13 15 16
2628 4956 6 1 5 11 12 13 23
4844 1690 6 1 5 11 12 18 20
2662 4358 4 1 5 11 13
1902 3978 7 1 5 12 13 17 19 23
4662 3972 5 1 5 12 13 19
2292 4868 6 1 7 12 13 16 23
4924 3946 7 1 7 12 14 15 16 18
4514 1032 6 1 7 12 16 18 20
4894 2402 6 1 7 13 14 16 22
2326 3578 4 1 7 13 16
5372 3836 5 1 7 14 16 17
4358 1958 6 1 8 12 15 16 20
3846 5040 7 1 8 13 15 16 20 22
4368 1868 6 1 8 15 16 17 20
3332 2420 6 1 9 12 15 16 21
4730 4062 5 1 9 12 21 22
2912 2868 7 1 9 13 15 16 21 22
2478 5242 4 1 10 11 13
1588 1924 7 1 11 12 13 21 22 23
4614 4782 6 1 11 12 14 21 22
3806 4704 7 1 11 12 18 20 21 22
2852 4844 6 1 11 13 15 16 21
1618 3026 5 1 11 13 21 22
4324 2170 5 1 11 13 21 22
4664 4094 6 1 11 14 17 21 22
3438 2946 6 1 12 13 15 16 23
836 5062 6 1 12 13 15 16 23
3332 1202 6 1 12 13 15 16 23
3012 3344 7 1 12 13 16 20 22 23
864 1452 8 1 12 13 17 19 21 22 23
3622 2996 6 1 12 13 19 21 22
2014 1426 5 1 12 13 22 23
4834 4196 5 1 12 13 22 23
2136 4842 5 1 12 13 22 23
3720 4744 7 1 12 14 15 16 17 23
3708 4618 5 1 12 14 15 16
5060 3386 6 1 12 14 17 22 23
2894 3350 6 1 12 15 16 18 20
4286 2636 5 1 12 18 20 22
4902 3834 7 1 13 15 16 18 20 22
712 4760 4 1 13 15 16
3006 4392 7 1 13 16 17 20 22 23
3046 4136 5 1 13 16 20 22
2104 2628 3 1 13 22
3758 3634 5 1 14 15 16 17
5150 2550 4 1 14 17 22
3310 2934 4 2 3 4 10
5052 4212 4 2 3 6 9
4956 2098 6 2 4 5 17 19 21
4196 502 5 2 4 6 11 21
4562 3374 3 2 4 6
5444 3300 5 2 4 7 16 21
4490 3484 5 2 4 10 14 22
3972 3224 5 2 4 10 15 18
3212 4560 3 2 4 10
3692 646 7 2 4 12 15 16 21 23
5040 2492 6 2 4 12 21 22 23
3730 916 5 2 4 15 16 21
5096 2874 6 2 4 17 21 22 23
4894 1736 4 2 4 21 22
4764 3288 5 2 5 9 11 21
5104 3294 6 2 5 11 12 14 23
4290 5444 7 2 5 11 12 18 20 23
4868 3710 5 2 5 11 13 23
5214 2594 6 2 5 11 14 17 23
4326 3106 5 2 5 11 18 20
4984 1250 6 2 6 7 11 14 18
4734 1930 5 2 6 8 9 15
4412 5064 5 2 6 8 11 20
3386 3720 5 2 6 9 11 21
3758 4618 3 2 6 9
3738 1506 6 2 6 11 12 14 23
2972 4390 7 2 6 11 12 18 20 23
3498 4654 5 2 6 11 13 23
3838 3538 6 2 6 11 14 17 23
3762 3754 4 2 6 11 14
2948 1922 5 2 6 11 18 20
5390 566 4 2 6 13 19
4800 3570 6 2 6 17 18 19 20
5318 2462 7 2 7 11 14 18 21 22
5066 5052 6 2 8 9 15 21 22
4744 4076 6 2 8 11 20 21 22
4952 1950 3 2 9 10
4090 3734 4 2 9 21 22
4618 5060 4 2 10 11 14
4618 3422 4 2 10 11 14
3356 556 5 2 10 11 18 20
4892 3438 4 2 10 13 19
4042 2060 4 2 10 13 19
3930 3172 5 2 10 14 17 19
2668 1984 6 2 10 17 18 19 20
4058 2640 7 2 11 12 14 21 22 23
3252 4298 8 2 11 12 18 20 21 22 23
3830 2844 6 2 11 13 21 22 23
5330 4440 6 2 11 14 15 16 21
4170 3276 7 2 11 14 17 21 22 23
4094 3254 5 2 11 14 21 22
4516 3018 7 2 11 15 16 18 20 21
3280 4924 6 2 11 18 20 21 22
4480 3340 6 2 13 15 16 19 21
4704 2018 7 2 14 15 16 17 19 21
3890 4448 8 2 15 16 17 18 19 20 21
5132 2326 7 2 17 18 19 20 21 22
4622 2314 5 3 4 7 16 21
2416 4844 5 3 4 10 14 22
1864 3420 5 3 4 10 15 18
3776 2972 3 3 4 10
1156 5018 3 3 4 10
4340 4340 5 3 5 7 8 9
4532 3388 6 3 5 7 9 14 16
3718 2112 7 3 5 7 9 16 18 20
2966 1638 5 3 5 7 9 18
4610 3636 6 3 5 7 13 18 19
3948 4438 5 3 5 9 11 21
3224 4498 6 3 5 9 17 19 21
1798 2136 3 3 5 9
4072 4042 5 3 5 11 13 23
3346 4730 6 3 5 13 17 19 23
3442 3426 4 3 5 13 19
3866 3630 5 3 6 7 9 18
3380 3356 6 3 6 7 13 18 19
2720 4026 5 3 6 9 11 21
2692 1146 3 3 6 9
2842 3932 5 3 6 11 13 23
2206 1864 4 3 6 13 19
3294 3202 6 3 7 8 9 21 22
3458 4762 6 3 7 8 13 22 23
4844 4952 5 3 7 8 16 20
3996 2042 3 3 7 8
3486 3572 7 3 7 9 14 16 21 22
3156 4744 7 3 7 9 15 16 18 21
2678 3632 8 3 7 9 16 18 20 21 22
3608 3498 5 3 7 9 16 21
1922 4916 6 3 7 9 18 21 22
4152 3280 6 3 7 12 14 16 23
3344 1412 7 3 7 12 16 18 20 23
3648 1498 7 3 7 13 14 16 22 23
3280 4394 7 3 7 13 15 16 18 23
2840 4490 8 3 7 13 16 18 20 22 23
3730 4892 5 3 7 13 16 23
3570 4930 7 3 7 13 18 19 21 22
2084 3332 6 3 7 13 18 22 23
4264 3838 6 3 7 14 16 17 23
4188 1470 4 3 7 14 16
3374 4724 5 3 7 16 18 20
2624 864 3 3 7 18
3744 2620 3 3 9 10
1958 3006 7 3 9 12 15 16 21 23
3300 2408 6 3 9 12 21 22 23
1988 3110 5 3 9 15 16 21
4328 2690 6 3 9 16 20 21 22
3356 2812 6 3 9 17 21 22 23
754 5220 4 3 9 21 22
3336 2700 4 3 9 21 22
2594 3212 4 3 10 11 14
2872 4410 4 3 10 13 19
1924 3716 5 3 10 14 17 19
3026 1746 6 3 11 13 21 22 23
3638 2660 6 3 13 15 16 19 21
2112 1248 5 3 13 15 16 23
4450 3536 6 3 13 16 20 22 23
2302 3248 7 3 13 17 19 21 22 23
2402 3040 5 3 13 19 21 22
916 2950 4 3 13 22 23
240 4998 1 3
3974 3730 4 4 5 9 10
3960 584 4 4 5 9 10
4744 2390 6 4 5 9 15 16 21
2782 3870 5 4 5 10 11 14
3088 1680 5 4 5 10 13 19
2110 4576 6 4 5 10 14 17 19
3424 4508 6 4 5 11 12 21 23
3460 2292 4 4 5 11 21
2700 3010 7 4 5 12 17 19 21 23
4814 2440 6 4 5 13 19 21 22
2734 3424 5 4 5 17 19 21
190 3364 2 4 5
2200 2206 6 4 6 11 12 21 23
2230 4724 4 4 6 11 21
3972 3222 5 4 6 12 19 21
3584 1896 6 4 6 13 19 21 22
3634 2326 5 4 6 17 19 21
2208 3496 2 4 6
4494 3236 4 4 7 10 18
3088 3720 6 4 7 12 16 21 23
3118 3380 4 4 7 16 21
4444 4204 4 4 8 10 15
3940 3878 5 4 8 10 20 22
3894 3374 5 4 8 10 20 22
4638 3472 7 4 8 15 16 20 21 22
2960 3254 5 4 9 10 21 22
3204 3278 4 4 10 11 21
3148 4532 5 4 10 13 22 23
3778 4328 5 4 10 14 15 16
3040 3458 6 4 10 14 15 18 22
2326 3810 6 4 10 14 17 22 23
4842 2292 4 4 10 14 22
2332 5250 4 4 10 14 22
2518 4352 6 4 10 15 16 18 20
1766 1316 4 4 10 15 18
2478 3380 5 4 10 17 19 21
3580 3442 5 4 10 18 20 22
1054 2436 2 4 10
1130 1962 2 4 10
1470 3644 6 4 12 15 16 21 23
3932 3666 6 4 12 15 16 21 23
3808 1766 7 4 12 16 20 21 22 23
2812 2226 5 4 12 21 22 23
3484 3218 7 4 13 15 16 21 22 23
4062 4224 6 4 15 16 17 21 23
4086 1158 4 4 15 16 21
1506 2478 4 4 15 16 21
3798 1986 7 4 16 17 20 21 22 23
3838 5090 5 4 16 20 21 22
2868 3820 5 4 17 21 22 23
550 3226 3 4 21 22
4950 4324 6 5 7 8 14 17 19
4212 1588 7 5 7 11 12 14 18 23
4998 4090 7 5 7 11 14 16 18 20
4248 4902 5 5 7 11 14 18
3488 3974 8 5 7 12 14 17 18 19 23
4328 1706 8 5 7 14 16 17 18 19 20
3578 4514 6 5 7 14 17 18 19
3632 2724 6 5 8 9 11 15 21
4964 2984 6 5 8 9 15 16 20
2906 1448 7 5 8 9 15 17 19 21
1638 3186 4 5 8 9 15
3644 4170 6 5 8 11 12 20 23
3754 5372 6 5 8 11 13 15 23
3716 4406 6 5 8 11 17 20 23
3680 2810 4 5 8 11 20
2920 3048 7 5 8 12 17 19 20 23
3030 2620 7 5 8 13 15 17 19 23
3130 4326 5 5 8 13 15 19
5090 4086 6 5 8 13 19 20 22
5038 3960 7 5 8 15 17 18 19 20
3010 4610 5 5 8 17 19 20
2620 3486 6 5 9 11 12 21 23
4896 4682 6 5 9 11 15 18 21
2656 4734 4 5 9 11 21
4280 3748 7 5 9 12 14 15 16 23
3466 2710 8 5 9 12 15 16 18 20 23
1896 2608 7 5 9 12 17 19 21 23
4654 3258 5 5 9 12 19 21
4044 3688 6 5 9 13 15 16 23
4010 4504 6 5 9 13 19 21 22
4390 3838 7 5 9 14 15 16 17 23
4316 3460 5 5 9 14 15 16
3502 3058 6 5 9 15 16 18 20
4170 774 7 5 9 15 17 18 19 21
2750 4248 4 5 9 15 18
4448 2774 5 5 9 17 19 21
1930 1254 5 5 9 17 19 21
960 4426 2 5 9
2996 3200 5 5 11 12 14 23
2182 3088 6 5 11 12 18 20 23
5064 4972 6 5 11 13 14 22 23
5018 4894 6 5 11 13 15 18 23
4250 3916 7 5 11 13 18 20 22 23
4282 2750 5 5 11 13 19 21
2760 2478 4 5 11 13 23
4450 2136 6 5 11 14 17 19 21
3106 4044 5 5 11 14 17 23
3026 2084 3 5 11 14
3636 1764 7 5 11 17 18 19 20 21
4828 3794 6 5 11 17 18 20 23
2218 2468 4 5 11 18 20
4352 4072 7 5 12 13 14 19 22 23
3538 4630 8 5 12 13 18 19 20 22 23
4760 4562 5 5 12 13 19 23
2270 3778 6 5 12 14 17 19 23
4930 4828 6 5 12 14 17 19 23
5030 2948 4 5 12 14 19
4154 4992 7 5 12 17 18 19 20 23
1458 3672 7 5 12 17 18 19 20 23
4216 4216 5 5 12 18 19 20
4340 2966 7 5 13 14 17 19 22 23
4440 4760 5 5 13 14 19 22
5144 3234 7 5 13 15 16 18 19 20
4294 3680 7 5 13 15 17 18 19 23
4394 3248 5 5 13 15 18 19
3526 2444 8 5 13 17 18 19 20 22 23
2036 4204 5 5 13 17 19 23
3626 4444 6 5 13 18 19 20 22
2136 4486 3 5 13 19
2354 4286 4 5 14 17 19
1546 764 5 5 17 18 19 20
4204 3998 5 5 17 18 19 20
4392 3548 5 6 7 8 11 14
2990 3004 7 6 7 11 12 14 18 23
3776 3846 7 6 7 11 14 16 18 20
3018 4476 5 6 7 11 14 18
4760 4540 6 6 7 12 14 18 19
4426 4638 7 6 7 13 14 18 19 22
4476 3996 6 6 7 14 17 18 19
2444 2036 6 6 8 9 11 15 21
2380 2784 4 6 8 9 15
2784 1980 6 6 8 11 12 20 23
2660 3332 6 6 8 11 13 15 23
4486 1922 6 6 8 11 15 18 20
2650 3600 6 6 8 11 17 20 23
2586 1952 4 6 8 11 20
4186 4440 5 6 8 12 19 20
1930 4412 5 6 8 13 15 19
3854 2960 6 6 8 13 19 20 22
3548 2994 7 6 8 15 17 18 19 20
3902 1546 5 6 8 17 19 20
1780 2448 5 6 8 17 19 20
3472 3632 5 6 9 10 13 19
1962 1358 6 6 9 11 12 21 23
3672 3162 6 6 9 11 15 18 21
1764 3902 4 6 9 11 21
3162 4280 5 6 9 12 19 21
2774 2760 6 6 9 13 19 21 22
4400 3638 6 6 9 15 16 18 20
3644 4526 4 6 9 15 18
2824 836 5 6 9 17 19 21
192 2680 2 6 9
3888 2824 5 6 11 12 14 23
2216 2584 5 6 11 12 14 23
1448 4152 6 6 11 12 18 20 23
3080 2218 6 6 11 12 18 20 23
3422 3890 6 6 11 12 18 20 23
3836 3940 6 6 11 13 14 22 23
3794 3730 6 6 11 13 15 18 23
3028 2382 7 6 11 13 18 20 22 23
3058 2842 5 6 11 13 19 21
1888 3768 4 6 11 13 23
4000 1964 4 6 11 13 23
5250 1900 5 6 11 14 16 20
3276 2906 6 6 11 14 17 19 21
4340 1054 5 6 11 14 17 23
1878 3700 5 6 11 14 17 23
2018 2532 3 6 11 14
2468 2826 7 6 11 17 18 19 20 21
3606 3280 6 6 11 17 18 20 23
1250 1136 4 6 11 18 20
3114 1080 7 6 12 13 14 19 22 23
2306 3644 8 6 12 13 18 19 20 22 23
3272 3816 5 6 12 13 19 23
3164 2668 6 6 12 14 17 19 23
3536 192 4 6 12 14 19
2356 4264 7 6 12 17 18 19 20 23
2724 2594 5 6 12 18 19 20
4626 2670 6 6 13 14 15 16 19
3226 4170 7 6 13 14 17 19 22 23
3204 1130 5 6 13 14 19 22
3810 3080 7 6 13 15 16 18 19 20
3054 4304 5 6 13 15 18 19
2934 1334 5 6 13 17 19 23
2390 2920 6 6 13 18 19 20 22
1158 3344 3 6 13 19
4304 3708 6 6 14 16 17 19 20
3254 2380 4 6 14 17 19
892 2764 4 6 14 17 19
2440 2650 5 6 17 18 19 20
3296 4184 6 7 8 9 15 16 21
4576 4356 6 7 8 11 14 21 22
3632 5096 7 7 8 12 14 15 16 23
4972 3296 6 7 8 12 14 22 23
3310 3282 6 7 8 12 16 20 23
3420 3032 6 7 8 13 15 16 23
5428 2302 8 7 8 14 15 16 18 20 22
3666 1780 5 7 8 14 15 16
3906 4528 7 7 8 14 17 19 21 22
5082 4764 6 7 8 14 17 22 23
5062 2658 4 7 8 14 22
5284 2258 6 7 8 15 16 18 20
4526 2586 4 7 8 15 18
3380 2720 6 7 8 16 17 20 23
3340 3426 4 7 8 16 20
1032 1458 2 7 8
1032 1846 2 7 8
4504 3172 4 7 9 10 18
2436 3580 6 7 9 12 16 21 23
4492 4516 8 7 9 14 15 16 18 21 22
4884 1172 6 7 9 14 16 21 22
4560 3114 6 7 9 15 16 18 21
2314 3148 4 7 9 16 21
4782 2576 4 7 9 16 21
3278 5030 5 7 10 11 14 18
2608 3118 6 7 10 14 17 18 19
3174 5330 8 7 11 12 14 18 21 22 23
4438 2372 7 7 11 14 15 16 18 21
3960 2782 8 7 11 14 16 18 20 21 22
4834 3758 5 7 11 14 16 21
3202 3156 6 7 11 14 18 21 22
4026 1888 6 7 11 16 18 20 21
4916 3046 7 7 12 14 15 16 18 23
2258 3410 7 7 12 14 15 16 18 23
4410 2354 8 7 12 14 16 18 20 22 23
4356 2356 8 7 12 14 16 18 20 22 23
2690 3930 5 7 12 14 16 23
5118 3488 5 7 12 14 16 23
2448 2292 9 7 12 14 17 18 19 21 22 23
5208 5104 7 7 12 14 18 19 21 22
3600 3960 6 7 12 14 18 22 23
1922 2840 6 7 12 16 18 20 23
4310 2210 6 7 12 16 18 20 23
4326 3088 8 7 13 14 15 16 18 22 23
4724 394 6 7 13 14 16 22 23
4682 3972 6 7 13 15 16 18 23
3916 1838 7 7 13 16 18 20 22 23
3946 1618 5 7 13 16 19 21
2420 5208 4 7 13 16 23
3768 2270 8 7 14 15 16 17 18 19 21
4906 3950 7 7 14 15 16 17 18 23
2294 2326 5 7 14 15 16 18
3288 3732 9 7 14 16 17 18 19 20 21 22
4466 3252 8 7 14 16 17 18 20 22 23
4164 4290 6 7 14 16 17 19 21
5228 4186 5 7 14 16 17 23
2764 5066 5 7 14 16 17 23
4440 5118 6 7 14 16 18 20 22
2690 4476 3 7 14 16
2532 4964 7 7 14 17 18 19 21 22
3710 3738 6 7 14 17 18 22 23
3688 2546 4 7 14 18 22
3356 892 7 7 16 17 18 19 20 21
4494 2182 6 7 16 17 18 20 23
1876 734 4 7 16 18 20
1452 4814 2 7 18
3820 2734 4 8 9 10 15
2984 3776 7 8 9 12 15 21 22 23
3834 4414 7 8 9 15 16 20 21 22
3040 1568 7 8 9 15 17 21 22 23
1236 5082 5 8 9 15 21 22
3496 4614 4 8 10 11 20
2946 2990 5 8 10 13 15 19
2826 4948 5 8 10 17 19 20
2908 754 5 8 10 17 19 20
2600 3830 7 8 11 12 20 21 22 23
2710 4884 7 8 11 13 15 21 22 23
3870 2908 6 8 11 15 16 20 21
4670 1278 7 8 11 15 18 20 21 22
2670 4622 7 8 11 17 20 21 22 23
2636 4672 5 8 11 20 21 22
5242 3806 5 8 11 20 21 22
4170 4310 8 8 12 14 15 16 20 22 23
2098 190 6 8 12 15 16 20 23
5066 4368 7 8 12 15 18 20 22 23
1980 1878 8 8 12 17 19 20 21 22 23
4634 3026 6 8 12 19 20 21 22
3032 4250 5 8 12 20 22 23
3760 1852 7 8 13 15 16 20 22 23
1984 3142 8 8 13 15 17 19 21 22 23
2086 2802 6 8 13 15 19 21 22
1358 3502 5 8 13 15 22 23
4158 3310 8 8 14 15 16 17 20 22 23
4204 3122 6 8 14 15 16 20 22
3200 1236 7 8 15 16 17 19 20 21
1966 4010 6 8 15 16 17 20 23
4224 3802 6 8 15 16 17 20 23
1900 4450 4 8 15 16 20
3998 3356 8 8 15 17 18 19 20 21 22
2594 4400 7 8 15 17 18 20 22 23
5206 4582 7 8 15 17 18 20 22 23
2640 2046 5 8 15 18 20 22
1426 2894 2 8 15
4540 5284 6 8 17 19 20 21 22
1964 4294 6 8 17 19 20 21 22
2046 2306 6 8 17 19 20 21 22
1348 3296 5 8 17 20 22 23
3142 1966 5 8 17 20 22 23
3122 4466 3 8 20 22
1498 1930 3 8 20 22
2472 3204 4 9 10 11 21
4948 4638 4 9 10 14 22
4298 3526 4 9 10 15 18
1746 5318 5 9 10 17 19 21
2532 4494 5 9 10 17 19 21
2844 2510 2 9 10
3630 3808 2 9 10
3234 4000 8 9 12 14 15 16 21 22 23
2426 2230 9 9 12 15 16 18 20 21 22 23
1278 3744 6 9 12 15 16 21 23
3248 2624 6 9 12 15 16 21 23
4252 2332 7 9 12 15 18 21 22 23
3004 4164 7 9 12 16 20 21 22 23
2008 3758 5 9 12 21 22 23
4672 1156 5 9 12 21 22 23
4476 4480 5 9 12 21 22 23
2680 3760 7 9 13 15 16 21 22 23
3344 2216 8 9 14 15 16 17 21 22 23
3270 4626 6 9 14 15 16 21 22
3258 3270 6 9 15 16 17 21 23
5280 4340 7 9 15 16 18 20 21 22
2456 3638 7 9 15 16 18 20 21 22
3282 2912 4 9 15 16 21
1080 4058 4 9 15 16 21
4308 2518 7 9 15 17 18 21 22 23
1706 4870 5 9 15 18 21 22
2994 3918 7 9 16 17 20 21 22 23
3034 2692 5 9 16 20 21 22
2064 4468 5 9 17 21 22 23
556 3054 3 9 21 22
2042 3030 3 9 21 22
2474 5066 5 10 11 12 14 23
1212 240 6 10 11 12 18 20 23
2576 5132 4 10 11 13 23
3426 3174 4 10 11 13 23
3218 3648 5 10 11 14 15 18
2584 2014 5 10 11 14 17 23
2510 4666 3 10 11 14
2032 4790 4 10 11 18 20
1248 2208 4 10 11 18 20
1750 2872 6 10 12 14 17 19 23
4508 3776 4 10 12 14 19
3248 4772 5 10 12 18 19 20
4076 3948 5 10 13 14 19 22
3918 3718 5 10 13 14 19 22
3426 5428 5 10 13 15 18 19
3510 2064 5 10 13 15 18 19
1852 4844 5 10 13 17 19 23
2658 1032 6 10 13 18 19 20 22
4468 1902 3 10 13 19
1952 3034 3 10 13 19
2802 4950 3 10 13 19
2546 2086 6 10 14 15 17 18 19
4582 3346 4 10 14 17 19
2292 4326 4 10 14 17 19
1838 2110 4 10 14 17 19
2170 5038 4 10 14 17 19
4498 4664 4 10 14 17 19
3172 3012 5 10 17 18 19 20
3878 3310 5 10 17 18 19 20
3236 712 5 10 17 18 19 20
734 2690 5 10 17 18 19 20
3186 2426 7 11 12 14 15 16 21 23
4414 4252 6 11 12 14 21 22 23
1950 2008 6 11 12 14 21 22 23
4528 2960 6 11 12 14 21 22 23
2372 2104 8 11 12 15 16 18 20 21 23
1136 2200 7 11 12 18 20 21 22 23
3720 550 7 11 12 18 20 21 22 23
2950 2656 6 11 13 15 16 21 23
3978 1750 7 11 13 15 18 21 22 23
4184 3160 5 11 13 21 22 23
1716 4492 5 11 13 21 22 23
3296 1988 7 11 14 15 16 17 21 23
3222 1798 5 11 14 15 16 21
2060 2416 6 11 14 17 21 22 23
4638 2662 6 11 14 17 21 22 23
1986 4340 4 11 14 21 22
4870 5228 6 11 15 16 18 20 21
2408 4494 6 11 15 16 18 20 21
3776 4894 7 11 17 18 20 21 22 23
1172 4328 5 11 18 20 21 22
3748 5390 5 11 18 20 21 22
2292 3830 7 12 13 15 16 19 21 23
3638 2532 6 12 13 19 21 22 23
2462 4670 8 12 14 15 16 17 19 21 23
5220 4834 6 12 14 15 16 19 21
1532 4158 5 12 14 15 16 23
3700 3986 5 12 14 15 16 23
3374 4188 6 12 14 16 20 22 23
3802 3888 7 12 14 17 19 21 22 23
1412 1658 7 12 14 17 19 21 22 23
3986 1716 5 12 14 19 21 22
2382 3894 4 12 14 22 23
4406 3138 7 12 15 16 18 19 20 21
764 3204 6 12 15 16 18 20 23
2810 4896 6 12 15 16 18 20 23
3048 4800 8 12 17 18 19 20 21 22 23
646 3606 8 12 17 18 19 20 21 22 23
3172 4282 6 12 18 19 20 21 22
1568 3626 5 12 18 20 22 23
1690 2678 5 12 18 20 22 23
4630 3608 7 13 14 15 16 19 21 22
3110 1876 6 13 14 15 16 22 23
2226 5150 7 13 15 16 17 19 21 23
3816 2456 8 13 15 16 18 19 20 21 22
4992 4662 7 13 15 16 18 20 22 23
2296 3028 7 13 15 16 18 20 22 23
2620 2600 7 13 15 16 18 20 22 23
2326 3866 5 13 15 16 19 21
4790 3584 5 13 15 16 19 21
3388 2294 4 13 15 16 23
1202 3164 4 13 15 16 23
3254 5206 8 13 15 17 18 19 21 22 23
3350 3510 6 13 15 18 19 21 22
1868 5214 5 13 15 18 22 23
4666 3854 6 13 16 19 20 21 22
3138 3356 5 13 16 20 22 23
3572 3622 6 13 17 19 21 22 23
1084 4154 6 13 17 19 21 22 23
1254 4834 4 13 19 21 22
2210 2852 3 13 22 23
584 3776 3 13 22 23
5208 2474 6 14 15 16 17 19 21
2550 3906 6 14 15 16 17 19 21
1146 3466 5 14 15 16 17 23
3734 3692 5 14 15 16 17 23
1334 1212 3 14 15 16
4844 4450 7 14 16 17 19 20 21 22
4762 4308 7 14 16 17 19 20 21 22
3364 3336 6 14 16 17 20 22 23
3410 4170 4 14 16 20 22
1316 5208 5 14 17 19 21 22
504 2296 4 14 17 22 23
2492 3130 4 14 17 22 23
774 4316 2 14 22
1736 4906 7 15 16 17 18 19 20 21
2874 504 6 15 16 17 18 20 23
2960 3040 4 15 16 18 20
566 4216 4 15 16 18 20
394 3798 2 15 18
502 1348 6 17 18 19 20 21 22
3160 1084 6 17 18 19 20 21 22
1680 3762 5 17 18 20 22 23
4216 2032 5 17 18 20 22 23
1658 1532 3 18 20 22
1846 960 3 18 20 22
