24 434 
3222 2904 8 1 2 3 9 13 15 17 24
3448 3386 7 1 2 3 9 13 15 24
3178 70 6 1 2 3 9 14 24
2750 2764 6 1 2 3 9 14 24
9500 2070 1 1
9576 3128 1 2
9478 3436 1 3
2718 2712 7 4 5 8 9 18 19 23
1666 2180 6 4 5 8 9 20 21
2228 1322 5 4 5 8 9 20
2408 2476 5 4 5 8 9 21
2528 9532 4 4 5 8 9
2708 2878 6 4 5 18 19 21 23
3064 2732 5 4 5 18 19 23
2012 2658 4 4 5 20 21
2574 150 3 4 5 20
2514 992 3 4 5 21
1622 3800 2 4 5
9402 1884 1 4
9390 2236 1 5
3416 1996 7 6 8 9 13 15 17 24
1170 9440 4 6 8 9 13
2442 3470 6 6 10 12 14 18 24
3762 2918 7 6 10 12 17 18 19 24
3720 3126 6 6 10 14 17 18 24
3038 2376 5 6 11 14 20 24
3806 3242 7 6 12 13 15 17 21 24
2412 3508 4 6 12 14 24
2960 3384 6 6 13 14 16 21 23
3234 3178 6 6 13 14 18 21 23
3666 2650 5 6 13 14 22 24
3628 2110 6 6 13 15 17 21 24
3440 2886 6 6 13 15 17 21 24
3802 1144 7 6 13 16 17 19 21 23
3716 2106 6 6 13 16 19 21 23
1144 3234 3 6 13 21
1806 3168 2 6 13
3780 3440 6 6 14 16 19 23 24
3754 1964 6 6 14 18 19 23 24
2828 1870 5 6 14 20 21 24
3544 10672 4 6 14 21 24
2326 2566 3 6 14 24
2040 2530 3 6 14 24
3352 1202 4 6 17 19 24
3168 3328 4 6 17 19 24
3082 2634 3 6 19 24
9448 1526 1 6
2918 3432 6 7 11 14 20 22 24
3760 2708 7 7 11 17 19 20 22 24
3668 1986 6 7 11 19 20 22 24
2660 2416 6 7 13 15 16 17 23
2886 1708 5 7 13 15 16 23
2936 1778 6 7 13 15 17 18 23
2792 3602 8 7 13 15 17 20 21 22 24
3822 3426 7 7 13 15 17 20 22 24
3536 3098 7 7 13 15 17 21 22 24
2854 2446 6 7 13 15 17 22 24
3168 3058 5 7 13 15 18 23
3018 2750 7 7 13 15 20 21 22 24
3762 1928 6 7 13 15 21 22 24
3170 3054 5 7 13 15 22 24
2708 2118 6 7 14 20 21 22 24
3738 2442 5 7 14 20 22 24
3386 1666 5 7 16 17 19 23
3300 3472 4 7 16 19 23
3660 2936 5 7 17 18 19 23
3518 3342 7 7 17 19 20 21 22 24
3044 2696 5 7 17 19 22 24
3576 3754 4 7 18 19 23
3426 2802 6 7 19 20 21 22 24
2958 3034 4 7 19 22 24
76 1956 1 7
2224 326 7 8 9 13 15 16 17 23
1996 3606 7 8 9 13 15 16 17 23
612 2298 6 8 9 13 15 16 23
2450 3738 6 8 9 13 15 16 23
2570 2356 6 8 9 13 15 16 23
1996 2216 7 8 9 13 15 17 18 23
2498 2594 7 8 9 13 15 17 18 23
2356 3666 9 8 9 13 15 17 20 21 22 24
1324 2836 9 8 9 13 15 17 20 21 22 24
1890 3082 8 8 9 13 15 17 20 22 24
3386 2986 8 8 9 13 15 17 20 22 24
2066 2528 8 8 9 13 15 17 21 22 24
3098 9448 8 8 9 13 15 17 21 22 24
2170 1100 7 8 9 13 15 17 22 24
1998 2954 7 8 9 13 15 17 22 24
2730 2680 6 8 9 13 15 18 23
2566 1990 6 8 9 13 15 18 23
1906 1458 8 8 9 13 15 20 21 22 24
2582 2606 8 8 9 13 15 20 21 22 24
3612 9492 7 8 9 13 15 20 22 24
2474 2408 7 8 9 13 15 20 22 24
3324 1936 7 8 9 13 15 21 22 24
2650 1874 7 8 9 13 15 21 22 24
2314 2192 6 8 9 13 15 22 24
2754 1614 6 8 9 13 15 22 24
2416 2392 7 8 9 13 18 19 22 23
1322 3018 6 8 9 13 20 21 22
1884 2324 5 8 9 13 20 22
2066 2660 5 8 9 13 21 22
2170 2624 4 8 9 13 22
2180 2934 5 8 9 14 16 23
2454 830 5 8 9 14 18 23
2312 3452 7 8 9 14 20 21 22 24
3342 2380 6 8 9 14 20 22 24
3054 1974 6 8 9 14 21 22 24
1874 9500 5 8 9 14 22 24
3020 3262 6 8 9 16 17 19 23
2934 2512 5 8 9 16 19 23
3296 2596 6 8 9 17 18 19 23
3152 1042 8 8 9 17 19 20 21 22 24
2680 3168 6 8 9 17 19 22 24
3210 2174 5 8 9 18 19 23
3062 3178 7 8 9 19 20 21 22 24
2594 2854 5 8 9 19 22 24
150 3030 2 8 9
9790 9602 1 8
9602 944 1 9
2966 1272 7 10 11 16 18 19 20 23
3642 2066 6 10 11 16 18 19 23
3800 2890 8 10 11 16 19 20 21 22 24
3774 3642 8 10 11 18 19 20 21 22 24
1278 2374 7 10 12 14 18 20 22 24
1928 2164 6 10 12 14 18 22 24
2346 2242 7 10 12 16 17 18 19 23
2904 2256 6 10 12 16 18 19 23
2890 906 6 10 12 16 18 19 23
2282 2914 8 10 12 16 19 20 21 22 24
2848 3038 7 10 12 16 19 20 22 24
3024 2410 7 10 12 16 19 21 22 24
3128 3660 6 10 12 16 19 22 24
1724 2270 9 10 12 17 18 19 20 21 22 24
2242 3802 8 10 12 17 18 19 20 22 24
2418 3628 8 10 12 17 18 19 21 22 24
2522 1968 7 10 12 17 18 19 22 24
2218 1932 8 10 12 18 19 20 21 22 24
2786 1916 7 10 12 18 19 20 22 24
2962 2850 7 10 12 18 19 21 22 24
3066 2392 6 10 12 18 19 22 24
2070 1286 8 10 13 15 16 17 18 21 23
2424 2922 7 10 13 15 16 17 18 23
2982 2800 7 10 13 15 16 18 21 23
2624 3148 7 10 13 15 16 18 21 23
2978 2792 6 10 13 15 16 18 23
3864 1082 8 10 13 15 16 20 21 22 24
3408 2314 6 10 13 15 16 22 24
2306 3138 6 10 14 16 17 18 23
666 2418 5 10 14 16 18 23
1974 9576 8 10 14 17 18 20 21 22 24
2196 3014 7 10 14 17 18 20 22 24
2376 2778 7 10 14 17 18 21 22 24
2606 2196 6 10 14 17 18 22 24
2236 2766 7 10 14 18 20 21 22 24
2798 2306 6 10 14 18 20 22 24
2980 2640 6 10 14 18 21 22 24
3084 2368 5 10 14 18 22 24
3464 2302 7 10 15 16 18 19 23 24
2038 1954 4 10 15 16 24
1980 2300 6 10 16 17 18 19 23
3560 2756 8 10 16 17 19 20 21 22 24
2756 2002 7 10 16 18 19 20 21 23
3472 912 6 10 16 18 19 21 23
2562 9584 5 10 16 18 19 23
2256 1630 5 10 16 18 19 23
2524 1360 5 10 16 18 19 23
2408 2464 7 10 16 19 20 21 22 24
3440 3324 6 10 16 19 20 22 24
3152 3762 6 10 16 19 21 22 24
830 9432 2 10 16
3496 2930 8 10 17 18 19 20 21 22 24
2382 3030 7 10 18 19 20 21 22 24
3414 2868 6 10 18 19 20 22 24
3126 2692 6 10 18 19 21 22 24
1882 2228 5 10 18 19 22 24
120 472 2 10 18
9532 1568 1 10
2422 1980 8 11 13 15 16 17 20 21 23
3470 3330 7 11 13 15 16 17 20 23
3098 2548 7 11 13 15 16 17 21 23
2648 2282 7 11 13 15 16 20 21 23
3696 2980 6 11 13 15 16 20 23
3324 2974 6 11 13 15 16 21 23
2696 1942 8 11 13 15 17 18 20 21 23
3744 2454 7 11 13 15 17 18 20 23
3374 3210 7 11 13 15 17 18 21 23
2928 2476 7 11 13 15 18 20 21 23
3606 1660 6 11 13 15 18 21 23
2328 1418 7 11 14 15 16 20 23 24
3006 2828 6 11 14 15 16 23 24
2298 2170 6 11 14 16 20 21 23
2298 2224 6 11 14 16 20 21 23
1116 2718 5 11 14 16 20 23
3328 2218 5 11 14 16 20 23
3014 3414 5 11 14 16 21 23
1792 2658 4 11 14 16 23
2174 3118 8 11 14 18 19 20 22 23 24
2850 2498 7 11 14 18 19 22 23 24
2572 74 6 11 14 18 20 21 23
1396 3062 5 11 14 18 20 23
3602 2450 5 11 14 18 20 23
3290 1806 5 11 14 18 21 23
2072 2854 4 11 14 18 23
1924 1938 6 11 14 20 21 22 24
2954 2188 5 11 14 20 22 24
2668 3696 5 11 14 21 22 24
3170 2408 8 11 15 16 17 19 20 23 24
3078 2974 7 11 15 16 19 20 23 24
3138 3440 7 11 16 17 19 20 21 23
3178 2412 7 11 16 17 19 20 21 23
1956 1642 6 11 16 17 19 20 23
2634 2296 5 11 16 17 19 23
3052 3760 6 11 16 19 20 21 23
1870 3100 5 11 16 19 20 23
2548 2066 4 11 16 19 23
3414 2582 7 11 17 18 19 20 21 23
2236 2960 6 11 17 18 19 20 23
2914 9478 5 11 17 18 19 23
2766 3822 7 11 17 19 20 21 22 24
3508 3418 6 11 17 19 21 22 24
3328 612 6 11 18 19 20 21 23
2152 3864 5 11 18 19 20 23
2828 2994 4 11 18 19 23
2680 666 6 11 19 20 21 22 24
3422 2040 5 11 19 21 22 24
300 3518 2 11 20
472 9440 1 11
2392 1902 7 12 13 15 16 17 21 23
2746 1196 6 12 13 15 16 17 23
2974 3066 6 12 13 15 16 21 23
3330 456 5 12 13 15 16 23
2392 3716 7 12 13 15 17 18 21 23
2746 926 6 12 13 15 17 18 23
2110 2744 8 12 13 15 17 20 21 22 24
2642 3352 7 12 13 15 17 20 22 24
2566 2446 7 12 13 15 17 21 22 24
2922 2026 6 12 13 15 17 22 24
2974 3560 6 12 13 15 18 21 23
3330 626 5 12 13 15 18 23
2658 2424 7 12 13 15 20 21 22 24
3224 1622 6 12 13 15 20 22 24
3150 3812 6 12 13 15 21 22 24
3504 1998 5 12 13 15 22 24
1572 2750 6 12 14 15 16 23 24
2640 3414 5 12 14 16 17 23
992 2966 4 12 14 16 23
2640 1396 5 12 14 17 18 23
1968 2012 7 12 14 17 20 21 22 24
2530 2664 6 12 14 17 20 22 24
2712 2962 6 12 14 17 21 22 24
2816 3098 5 12 14 17 22 24
1418 2326 7 12 14 18 19 22 23 24
992 2302 4 12 14 18 23
1100 9510 6 12 14 20 21 22 24
1082 2680 5 12 14 20 22 24
1428 2444 5 12 14 21 22 24
1732 2890 4 12 14 22 24
3418 2958 4 12 14 22 24
2878 3024 7 12 15 16 17 19 23 24
3436 3774 6 12 15 16 19 23 24
2302 1428 5 12 16 17 19 23
2860 2560 4 12 16 19 23
2302 3416 5 12 17 18 19 23
1630 1826 7 12 17 19 20 21 22 24
2192 3602 6 12 17 19 20 22 24
2374 2648 6 12 17 19 21 22 24
2472 2954 5 12 17 19 22 24
2860 3780 4 12 18 19 23
2188 1378 6 12 19 20 21 22 24
2750 2194 5 12 19 20 22 24
2930 3170 5 12 19 21 22 24
3030 2298 4 12 19 22 24
70 3464 1 12
3242 2638 7 13 15 16 17 20 21 23
1706 1576 6 13 15 16 17 21 23
2026 2816 6 13 15 16 17 21 23
2380 3020 5 13 15 16 17 23
2754 2524 5 13 15 16 17 23
3468 1436 6 13 15 16 20 21 23
1938 3330 5 13 15 16 21 23
2600 2378 5 13 15 16 21 23
566 1906 5 13 15 16 21 23
1246 1274 4 13 15 16 23
2986 1170 4 13 15 16 23
2950 3516 4 13 15 16 23
2764 2026 9 13 15 17 18 19 21 22 23 24
2446 2312 9 13 15 17 18 19 21 22 23 24
2802 3448 8 13 15 17 18 19 22 23 24
3812 2730 8 13 15 17 18 19 22 23 24
3516 1278 7 13 15 17 18 20 21 23
1986 3386 6 13 15 17 18 21 23
2026 2680 6 13 15 17 18 21 23
2380 1792 5 13 15 17 18 23
3034 9402 5 13 15 17 18 23
1954 2798 7 13 15 17 20 21 22 24
2886 1160 7 13 15 17 20 21 22 24
1916 2960 7 13 15 17 20 21 22 24
2868 3612 7 13 15 17 20 21 22 24
2270 2196 6 13 15 17 20 22 24
2196 1816 6 13 15 17 21 22 24
3602 2270 6 13 15 17 21 22 24
2638 2928 5 13 15 17 22 24
2586 1746 5 13 15 17 22 24
3030 686 8 13 15 18 19 21 22 23 24
2990 9390 8 13 15 18 19 21 22 23 24
3384 1572 7 13 15 18 19 22 23 24
2214 76 5 13 15 18 21 23
2596 2026 5 13 15 18 21 23
3262 3716 4 13 15 18 23
2950 3754 4 13 15 18 23
2498 3720 6 13 15 20 21 22 24
3118 2640 6 13 15 20 21 22 24
2296 2072 6 13 15 20 21 22 24
3100 3328 6 13 15 20 21 22 24
2854 3806 5 13 15 20 22 24
2778 3064 5 13 15 21 22 24
2954 1924 4 13 15 22 24
3138 1732 4 13 15 22 24
3716 3222 6 13 16 19 21 22 23
2446 3504 6 13 18 19 21 22 23
2800 3468 5 13 18 19 22 23
1708 3744 4 13 20 21 22
2270 2786 3 13 20 22
2194 3536 3 13 21 22
1286 3300 2 13 22
9432 2170 1 13
2850 1882 6 14 15 16 17 23 24
2118 720 7 14 15 16 20 21 23 24
3148 120 6 14 15 16 20 23 24
2836 3150 6 14 15 16 21 23 24
1202 2340 5 14 15 16 23 24
1614 2382 5 14 15 16 23 24
2890 2950 6 14 15 17 18 23 24
3460 3078 5 14 15 18 23 24
2270 1890 4 14 16 17 23
1990 3676 8 14 16 19 20 21 22 23 24
3022 2328 7 14 16 19 20 22 23 24
2732 3152 7 14 16 19 21 22 23 24
3754 3224 6 14 16 19 22 23 24
3266 2384 6 14 16 19 22 23 24
906 1706 5 14 16 20 21 23
1936 1246 4 14 16 20 23
1622 1932 4 14 16 21 23
626 3052 3 14 16 23
456 2668 3 14 16 23
2696 3298 7 14 17 18 19 22 23 24
2270 2600 4 14 17 18 23
1778 1622 6 14 17 20 21 22 24
2164 2514 5 14 17 20 22 24
2340 2746 5 14 17 21 22 24
2444 2474 4 14 17 22 24
1964 2572 8 14 18 19 20 21 22 23 24
2994 2270 7 14 18 19 20 22 23 24
2680 3668 7 14 18 19 21 22 23 24
1196 2778 6 14 18 19 22 23 24
1458 9584 6 14 18 19 22 23 24
3298 2346 6 14 18 19 22 23 24
3728 566 6 14 18 19 22 23 24
1186 616 5 14 18 20 21 23
3432 2380 5 14 18 20 21 23
2216 3728 4 14 18 20 23
1902 1116 4 14 18 21 23
612 3496 3 14 18 23
686 2868 3 14 18 23
972 3762 5 14 20 21 22 24
944 3422 5 14 20 21 22 24
926 3152 4 14 20 22 24
1568 300 4 14 20 22 24
1300 304 4 14 21 22 24
1272 1996 4 14 21 22 24
3518 2848 4 14 21 22 24
1576 2708 3 14 22 24
2300 2570 3 14 22 24
10672 3408 1 14
2960 2828 8 15 16 17 19 20 21 23 24
3676 3460 7 15 16 17 19 21 23 24
2512 3374 6 15 16 17 19 23 24
2454 2122 6 15 16 17 19 23 24
2868 3290 7 15 16 19 20 21 23 24
3586 2472 6 15 16 19 21 23 24
2368 3170 5 15 16 19 23 24
3070 2038 5 15 16 19 23 24
1042 2422 3 15 17 24
1274 2860 2 15 24
9510 2990 1 15
1746 3022 6 16 17 19 20 21 23
2778 2214 5 16 17 19 20 23
2464 972 5 16 17 19 21 23
1932 2860 4 16 17 19 23
1246 2454 4 16 17 19 23
1660 2036 5 16 19 20 21 23
2692 3084 4 16 19 20 23
2378 2270 4 16 19 21 23
1160 3144 3 16 19 23
352 2754 3 16 19 23
2476 3296 3 16 19 23
9584 3586 1 16
2026 2850 6 17 18 19 20 21 23
3058 2152 5 17 18 19 20 23
2744 2754 5 17 18 19 21 23
1526 2974 4 17 18 19 23
1932 3070 4 17 18 19 23
1360 9790 6 17 19 20 21 22 24
1378 2566 6 17 19 20 21 22 24
3452 2978 6 17 19 20 21 22 24
2410 3544 5 17 19 20 22 24
1826 2586 5 17 19 20 22 24
2122 9662 5 17 19 21 22 24
2002 3266 5 17 19 21 22 24
2106 2982 4 17 19 22 24
3144 3044 4 17 19 22 24
720 1246 1 17
1942 3006 5 18 19 20 21 23
2974 1724 4 18 19 20 23
2658 352 4 18 19 21 23
326 3518 3 18 19 23
1436 1324 3 18 19 23
2476 2236 3 18 19 23
9584 2498 1 18
1816 2746 5 19 20 21 22 24
1642 3138 5 19 20 21 22 24
2324 2562 4 19 20 22 24
2384 2642 4 19 20 22 24
2036 2950 4 19 21 22 24
2560 2522 4 19 21 22 24
912 1300 3 19 22 24
2664 1186 3 19 22 24
9440 612 1 19
74 3324 2 20 21
616 2886 1 20
304 992 1 21
9440 2574 1 22
9662 2696 1 23
9492 3576 1 24
