19 770 
4248 6267 4 1 2 3 14
6624 3072 4 1 2 3 17
5193 3300 7 1 2 8 11 14 15 17
6642 4704 6 1 2 8 14 17 19
5766 4122 6 1 2 11 14 15 17
4263 4404 3 1 2 14
5520 2388 2 1 4
5175 4233 4 1 6 14 19
6066 6315 5 1 8 11 14 15
5733 4719 5 1 11 12 14 19
4134 4566 4 1 11 14 15
5151 5475 3 1 14 19
5259 5226 4 1 17 18 19
5538 3858 1 1
4683 5430 3 2 3 7
3435 1851 6 2 3 8 15 16 17
6339 2442 4 2 3 8 17
4797 4923 5 2 3 11 12 17
5652 5448 4 2 3 12 16
5874 6519 4 2 3 12 16
1254 3897 4 2 3 12 16
5181 2727 3 2 3 14
5829 4773 3 2 3 14
1098 6030 3 2 3 14
1488 3036 3 2 3 14
4269 6429 5 2 3 15 16 17
3648 3939 4 2 3 17 18
2919 4911 3 2 3 17
3510 6105 3 2 4 7
4062 5655 4 2 4 8 17
4401 2919 4 2 4 12 16
3786 4260 3 2 4 14
6066 5568 3 2 4 17
4470 4725 6 2 6 12 16 17 19
3846 5133 5 2 6 14 17 19
5631 5799 6 2 7 8 11 15 17
6465 4002 5 2 7 11 15 17
6051 3075 4 2 7 15 16
5694 4710 3 2 7 18
4710 2115 2 2 7
4719 2850 7 2 8 11 12 14 17 19
6606 5187 7 2 8 11 12 15 16 17
5778 6366 7 2 8 11 12 15 16 17
2202 6594 7 2 8 11 12 15 16 17
5991 5007 6 2 8 11 14 15 17
2178 6204 6 2 8 11 14 15 17
1716 3831 6 2 8 11 14 15 17
5985 2256 6 2 8 11 14 15 17
3648 2934 6 2 8 12 16 17 19
4182 6606 7 2 8 14 15 16 17 19
5694 4677 5 2 8 14 15 16
3033 4890 5 2 8 14 17 19
4191 3375 6 2 8 15 16 17 18
2193 5535 5 2 8 15 16 17
3561 5619 3 2 8 17
5655 2592 6 2 9 12 16 17 19
5040 1344 5 2 9 14 17 19
5025 5493 4 2 9 17 18
6111 4251 5 2 10 14 17 19
4323 3834 6 2 11 12 14 15 16
4371 3315 6 2 11 12 14 15 16
2970 2871 4 2 11 12 14
3036 5346 6 2 11 12 15 16 17
5991 4848 5 2 11 12 17 18
5259 3900 4 2 11 12 17
2412 2949 5 2 11 14 15 17
5652 6204 5 2 12 13 14 16
4350 5337 6 2 12 13 16 17 18
5625 6126 5 2 12 14 16 19
4335 2949 6 2 12 16 17 18 19
4281 6450 5 2 12 16 17 19
3639 1035 3 2 12 16
1410 3948 3 2 12 16
5043 5694 6 2 13 14 15 16 17
5007 4539 6 2 14 15 16 17 19
1998 3339 4 2 14 15 16
3717 3210 5 2 14 17 18 19
3666 2961 4 2 14 17 19
1344 3369 2 2 14
5025 4698 5 2 15 16 17 18
4296 6042 4 2 15 16 17
3675 4470 3 2 17 18
1410 4641 2 2 17
3180 1731 4 3 5 10 18
3228 3597 4 3 6 10 18
3378 5307 5 3 6 12 16 19
2754 1110 4 3 6 14 19
5454 5463 4 3 6 17 19
5226 3429 4 3 7 11 15
3108 5130 4 3 7 18 19
6222 2010 3 3 7 19
4497 5157 6 3 8 11 12 15 16
3861 3951 5 3 8 11 14 15
6429 3225 5 3 8 12 16 19
5796 6564 4 3 8 14 19
2847 3657 7 3 8 15 16 17 18 19
6204 4728 6 3 8 15 16 17 19
5916 4194 5 3 8 17 18 19
4518 4251 5 3 8 17 18 19
4266 3510 4 3 9 10 18
4719 306 5 3 9 12 16 19
3864 5598 5 3 9 13 17 18
4095 3270 4 3 9 14 19
3678 3099 5 3 9 17 18 19
5685 6108 3 3 9 18
2208 6399 3 3 9 18
3735 3984 6 3 10 12 13 16 18
3231 3666 6 3 10 12 16 18 19
6243 3636 5 3 10 12 16 19
5493 4719 5 3 10 13 17 18
2604 5826 5 3 10 14 18 19
5619 2754 4 3 10 14 19
5307 5967 5 3 10 17 18 19
3441 2679 3 3 10 18
3309 657 5 3 11 12 14 19
3687 2847 6 3 11 12 15 16 18
2355 5520 5 3 11 12 15 16
2934 3699 6 3 11 12 17 18 19
6030 2493 5 3 11 12 17 19
3060 4701 5 3 11 14 15 18
6048 5475 4 3 11 14 15
6273 4341 4 3 11 14 15
1731 4680 4 3 11 14 15
5763 2529 5 3 11 15 17 18
4431 6258 4 3 11 15 17
3726 3312 5 3 12 13 16 18
1224 4773 5 3 12 13 16 18
4647 6075 5 3 12 16 18 19
4566 3648 5 3 12 16 18 19
5073 3939 5 3 12 16 18 19
1140 4179 5 3 12 16 18 19
4860 3861 5 3 12 16 18 19
3354 6714 4 3 12 16 19
4878 5025 5 3 13 14 15 16
3219 4014 4 3 13 14 18
6258 4848 3 3 13 14
3699 6096 6 3 13 15 16 17 18
2442 3234 4 3 13 17 18
3939 5634 4 3 14 18 19
1074 5754 4 3 14 18 19
4020 4431 4 3 14 18 19
4038 4764 4 3 14 18 19
2727 1404 3 3 14 19
3684 3003 6 3 15 16 17 18 19
2592 1332 4 3 17 18 19
5430 3807 3 3 17 19
4335 4683 2 3 18
1857 3189 2 3 18
477 5394 1 3
3210 5259 4 4 5 7 13
5070 5076 5 4 5 8 13 17
3996 3147 5 4 5 12 13 16
3369 3963 4 4 5 13 14
5766 3003 4 4 5 13 17
2019 4770 5 4 6 7 10 19
3270 3732 4 4 6 7 13
3081 4122 4 4 6 7 19
5130 2685 5 4 6 8 13 17
4941 3318 5 4 6 8 17 19
4044 5325 5 4 6 12 13 16
3975 3840 5 4 6 12 16 19
3417 3855 4 4 6 13 14
5826 4596 4 4 6 13 17
3348 5991 4 4 6 14 19
5637 1650 4 4 6 17 19
4776 3675 5 4 7 8 11 15
6708 2100 4 4 7 8 19
3384 5442 5 4 7 9 10 19
4404 1497 4 4 7 9 13
4269 4941 4 4 7 9 19
3939 4692 5 4 7 10 11 15
4179 6339 6 4 7 10 13 15 16
5280 6252 4 4 7 10 13
5220 2667 4 4 7 10 13
3597 1305 5 4 7 10 18 19
6450 4029 4 4 7 10 19
2019 2559 4 4 7 10 19
4233 6066 5 4 7 11 12 19
2871 4887 5 4 7 11 15 18
2634 5916 4 4 7 11 15
1938 4968 4 4 7 11 15
4260 6153 5 4 7 13 15 16
3360 2901 4 4 7 13 18
3348 4416 3 4 7 13
4245 4761 5 4 7 15 16 19
4941 5718 4 4 7 18 19
1404 1431 4 4 7 18 19
2892 6435 3 4 7 19
6261 4269 5 4 8 9 13 17
3573 6261 6 4 8 9 17 18 19
6126 5160 5 4 8 9 17 19
5202 5259 6 4 8 10 17 18 19
6216 4371 6 4 8 11 12 15 16
5799 3219 6 4 8 11 12 17 19
5601 4980 5 4 8 11 14 15
4227 5673 6 4 8 11 15 17 18
3498 6285 5 4 8 11 15 17
6108 5535 4 4 8 13 14
3765 4599 7 4 8 13 15 16 17 18
6051 5256 6 4 8 13 15 16 17
5133 4647 5 4 8 13 17 18
5220 3165 5 4 8 13 17 18
5568 4941 5 4 8 13 17 18
4839 3903 4 4 8 13 17
5976 2847 6 4 8 15 16 17 19
5490 5664 5 4 8 17 18 19
2208 3324 5 4 8 17 18 19
4752 1857 4 4 8 17 19
3003 3033 2 4 8
5295 3243 5 4 9 12 13 16
5160 6066 5 4 9 12 16 19
4680 1872 4 4 9 13 14
4416 2142 5 4 9 13 17 18
4545 5064 4 4 9 14 19
6366 1845 5 4 10 12 13 16
6231 3957 5 4 10 12 16 19
5751 1707 4 4 10 13 14
6042 3960 5 4 10 13 17 18
5616 4296 4 4 10 14 19
3912 5235 5 4 11 12 13 14
2529 5307 5 4 11 12 15 16
1905 5523 4 4 11 14 15
4923 6138 5 4 11 15 17 18
4194 4197 4 4 11 15 17
4251 5640 5 4 12 13 16 18
3870 6177 4 4 12 13 16
4176 5622 5 4 12 16 18 19
3783 6066 4 4 12 16 19
4539 3183 5 4 13 14 15 16
3636 5538 4 4 13 14 18
3246 3948 3 4 13 14
2982 1176 4 4 13 17 18
5916 5433 4 4 13 17 18
5535 3099 3 4 13 17
4512 4713 5 4 14 15 16 19
3561 3435 4 4 14 18 19
3168 1824 3 4 14 19
5841 5751 4 4 17 18 19
5448 4431 3 4 17 19
489 1620 1 4
4503 2316 4 5 6 9 10
3948 5910 6 5 6 10 12 13 16
3474 5433 6 5 6 10 12 16 19
5694 5460 5 5 6 10 13 17
2847 3942 5 5 6 10 14 19
5472 3861 5 5 6 10 17 19
3381 6099 3 5 6 10
5004 5175 5 5 6 12 16 19
4380 3810 4 5 6 14 19
3054 5259 5 5 7 9 10 19
4692 1905 4 5 7 9 19
5211 4638 5 5 7 10 11 15
2955 4722 7 5 7 10 12 13 16 19
3900 2670 6 5 7 10 13 15 16
4713 4998 6 5 7 10 13 17 19
5277 5073 4 5 7 10 13
3966 4266 5 5 7 10 18 19
2388 3930 4 5 7 10 19
5538 1698 5 5 7 13 15 16
4341 4797 7 5 8 9 15 16 17 19
6042 1341 5 5 8 9 17 19
4149 2955 7 5 8 10 11 15 17 18
5991 3966 7 5 8 10 15 16 17 19
5598 5175 6 5 8 10 17 18 19
6123 3687 6 5 8 11 12 15 16
5487 5352 5 5 8 11 14 15
4503 2019 6 5 9 10 12 13 16
5109 2235 6 5 9 10 12 13 16
4839 4473 6 5 9 10 12 16 19
4425 3993 6 5 9 10 12 16 19
6258 3558 5 5 9 10 13 17
4188 5283 5 5 9 10 14 19
3810 3669 5 5 9 10 14 19
4062 3429 5 5 9 10 14 19
3876 5004 6 5 9 10 17 18 19
6090 1410 5 5 9 10 17 19
4689 4680 4 5 9 10 18
4503 3561 3 5 9 10
3774 1728 3 5 9 10
1848 4173 6 5 9 11 12 14 19
5268 3471 6 5 9 11 12 15 16
4500 4503 6 5 9 11 12 17 19
4644 3309 5 5 9 11 14 15
2235 6126 5 5 9 12 13 16
6231 5292 5 5 9 12 16 19
1824 5991 5 5 9 12 16 19
2961 3669 6 5 9 13 14 15 16
4734 4533 4 5 9 13 14
5250 2202 6 5 9 13 15 16 17
4722 6042 5 5 9 13 17 18
3993 4263 4 5 9 13 17
2886 588 6 5 9 14 15 16 19
5640 5298 4 5 9 14 19
5952 5325 4 5 9 14 19
5604 2112 4 5 9 14 19
1527 5931 4 5 9 14 19
5175 1410 6 5 9 15 16 17 19
4554 5472 5 5 9 17 18 19
3822 6351 4 5 9 17 19
2316 3768 2 5 9
3429 2334 6 5 10 11 12 14 19
6150 477 6 5 10 11 12 17 19
6222 2625 5 5 10 11 14 15
4983 6708 6 5 10 11 15 17 18
4125 6123 6 5 10 12 13 16 18
3189 4479 5 5 10 12 13 16
3474 5277 5 5 10 12 16 19
3915 4722 6 5 10 13 14 15 16
6285 3828 4 5 10 13 14
4722 6225 7 5 10 13 15 16 17 18
6204 6060 6 5 10 13 15 16 17
5676 3822 5 5 10 13 17 18
6099 3801 5 5 10 13 17 18
6351 3861 5 5 10 13 17 18
4947 1182 4 5 10 13 17
4536 1554 6 5 10 14 15 16 19
2850 4188 4 5 10 14 19
6204 6465 5 5 10 17 18 19
5475 1371 4 5 10 17 19
3558 3762 3 5 10 18
2622 5130 2 5 10
2625 6147 7 5 11 12 13 14 15 16
4002 3870 5 5 11 12 13 14
5346 4809 7 5 11 12 13 15 16 17
4935 3876 5 5 11 12 14 19
3981 5274 5 5 11 12 15 16
5100 5676 6 5 11 13 14 15 17
3357 3765 4 5 11 14 15
6057 3108 4 5 11 15 17
3669 2673 6 5 12 13 14 16 19
3732 5490 7 5 12 13 16 17 18 19
6372 5874 6 5 12 13 16 17 19
1332 4776 4 5 12 13 16
1332 2982 4 5 12 13 16
6288 4587 5 5 12 16 18 19
4980 5295 4 5 12 16 19
6012 4791 5 5 13 14 15 16
1638 1254 5 5 13 14 15 16
3108 4407 6 5 13 14 17 18 19
6096 6102 5 5 13 14 17 19
3423 5223 3 5 13 14
4668 4659 6 5 13 15 16 17 18
3936 4020 5 5 13 15 16 17
3408 5652 4 5 13 17 18
2679 4524 3 5 13 17
5664 3015 4 5 14 18 19
4353 6045 3 5 14 19
1035 6642 1 5
5259 4425 5 6 7 10 11 15
3003 5250 7 6 7 10 12 13 16 19
3948 1716 6 6 7 10 13 15 16
4761 4062 6 6 7 10 13 17 19
5325 3231 4 6 7 10 13
3312 5826 5 6 7 10 18 19
1905 3219 4 6 7 10 19
2436 5523 4 6 7 10 19
3975 4959 5 6 7 11 12 19
5586 6150 5 6 7 13 15 16
5622 6624 5 6 7 15 16 19
4791 2178 4 6 7 18 19
4263 618 3 6 7 19
3375 3111 3 6 7 19
4197 3153 7 6 8 10 11 15 17 18
3333 1824 8 6 8 10 15 16 17 18 19
5289 3780 7 6 8 10 15 16 17 19
4701 4047 6 6 8 10 17 18 19
3957 6066 8 6 8 11 12 15 16 17 19
6171 5130 6 6 8 11 12 15 16
5325 1851 6 6 8 11 12 17 19
3339 5250 7 6 8 11 14 15 17 19
5535 3222 5 6 8 11 14 15
5256 4668 6 6 8 14 15 16 19
3762 4080 7 6 8 15 16 17 18 19
3021 1716 6 6 8 15 16 17 19
6180 4335 5 6 8 17 18 19
4725 5148 4 6 8 17 19
5157 489 6 6 9 10 12 13 16
4836 1635 6 6 9 10 12 16 19
4887 4212 6 6 9 10 12 16 19
4212 4218 5 6 9 10 14 19
3921 4125 6 6 9 10 17 18 19
4980 5985 4 6 9 10 18
4551 5520 3 6 9 10
6315 1224 5 6 9 12 16 19
4809 6180 5 6 9 13 17 18
5688 4503 4 6 9 14 19
4587 4245 5 6 9 17 18 19
3324 6372 6 6 10 11 12 14 19
6045 3912 6 6 10 11 12 17 19
6267 6210 5 6 10 11 14 15
5031 6201 6 6 10 11 15 17 18
4173 2604 6 6 10 12 13 16 18
3237 6060 5 6 10 12 13 16
4044 5070 6 6 10 12 16 18 19
3369 6222 5 6 10 12 16 19
3108 5220 5 6 10 12 16 19
3963 6546 6 6 10 13 14 15 16
4956 6171 6 6 10 13 14 15 16
6333 3921 4 6 10 13 14
4770 4701 7 6 10 13 15 16 17 18
6252 3843 6 6 10 13 15 16 17
5931 3975 5 6 10 13 17 18
5724 3924 5 6 10 13 17 18
4995 3348 4 6 10 13 17
3834 3276 6 6 10 14 15 16 19
3429 3168 5 6 10 14 18 19
2634 3999 4 6 10 14 19
3243 2418 4 6 10 14 19
6123 6231 6 6 10 15 16 17 19
2559 3633 5 6 10 17 18 19
5709 4071 5 6 10 17 18 19
5502 5841 5 6 10 17 18 19
5523 6243 4 6 10 17 19
4773 4545 4 6 10 17 19
3606 5202 3 6 10 18
2670 6012 2 6 10
2673 4527 7 6 11 12 13 14 15 16
4050 3420 5 6 11 12 13 14
5394 2892 7 6 11 12 13 15 16 17
5001 4500 5 6 11 12 14 19
1431 3735 5 6 11 12 14 19
4029 5289 5 6 11 12 15 16
4638 6051 6 6 11 12 17 18 19
3183 5898 5 6 11 12 17 19
5148 6117 6 6 11 13 14 15 17
3405 2421 4 6 11 14 15
6105 3981 4 6 11 15 17
3657 3867 6 6 12 13 14 16 19
3780 1242 7 6 12 13 16 17 18 19
3318 1638 7 6 12 13 16 17 18 19
1260 4404 4 6 12 13 16
6261 3054 5 6 12 16 18 19
1176 5652 4 6 12 16 19
1182 6123 4 6 12 16 19
6060 3639 5 6 13 14 15 16
1698 4956 5 6 13 14 15 16
2091 1569 5 6 13 14 15 16
3156 4047 6 6 13 14 17 18 19
6084 4050 5 6 13 14 17 19
3471 4182 3 6 13 14
4725 3861 6 6 13 15 16 17 18
3984 5991 5 6 13 15 16 17
3456 2484 4 6 13 17 18
2727 6600 3 6 13 17
1569 4806 5 6 14 15 16 19
5634 1998 4 6 14 18 19
4401 6288 3 6 14 19
1110 3678 3 6 14 19
4596 3915 6 6 15 16 17 18 19
3858 5604 5 6 15 16 17 19
3234 4695 4 6 17 18 19
2625 4701 3 6 17 19
1083 5109 1 6
5442 5043 7 7 8 11 12 15 16 19
4806 5001 6 7 8 11 14 15 19
3840 3498 7 7 8 11 15 17 18 19
5910 6090 5 7 8 11 15 18
4884 3474 4 7 8 11 15
6546 6111 5 7 9 10 11 15
4317 3846 7 7 9 10 12 13 16 19
5259 5316 6 7 9 10 13 15 16
6075 3423 6 7 9 10 13 17 19
5049 3354 5 7 9 10 18 19
4677 1656 5 7 9 10 18 19
3102 5409 4 7 9 10 19
5316 5637 5 7 9 11 12 19
5130 5538 5 7 9 11 15 18
2901 4752 7 7 9 12 13 16 18 19
3846 2970 6 7 9 13 15 16 18
4659 3405 6 7 9 13 17 18 19
5223 4842 4 7 9 13 18
2196 5202 4 7 9 18 19
5838 3102 4 7 9 18 19
6564 3648 4 7 9 18 19
6225 3384 4 7 9 18 19
2493 5694 4 7 9 18 19
4716 1479 3 7 9 19
4506 2943 7 7 10 11 12 13 15 16
5898 2316 7 7 10 11 12 15 16 19
5283 4947 6 7 10 11 14 15 19
6714 1206 5 7 10 11 15 18
5130 4401 4 7 10 11 15
4527 5823 7 7 10 12 13 16 18 19
2943 3474 6 7 10 12 13 16 19
5523 1506 6 7 10 12 13 16 19
3669 3783 7 7 10 13 14 15 16 19
5598 4980 5 7 10 13 14 19
5967 6063 7 7 10 13 15 16 17 19
5472 5601 6 7 10 13 15 16 18
3897 3996 5 7 10 13 15 16
4959 3246 6 7 10 13 17 18 19
4701 5892 5 7 10 13 17 19
5274 3561 3 7 10 13
3312 3717 4 7 10 18 19
1728 4995 3 7 10 19
3030 654 7 7 11 12 13 15 16 18
6102 5130 6 7 11 12 13 15 16
4482 3156 7 7 11 12 15 16 18 19
3300 5268 6 7 11 12 15 16 19
5259 5766 5 7 11 12 18 19
3951 5829 4 7 11 12 19
5475 2196 6 7 11 13 15 17 18
3867 2208 6 7 11 14 15 18 19
2676 5832 5 7 11 14 15 19
6144 4551 6 7 11 15 17 18 19
5892 4281 6 7 11 15 17 18 19
5376 2622 5 7 11 15 17 19
3768 3441 4 7 11 15 18
2523 5211 3 7 11 15
1506 3936 6 7 12 13 16 18 19
4047 2523 6 7 12 13 16 18 19
5823 5454 6 7 13 14 15 16 19
4122 5976 5 7 13 14 18 19
4491 5754 7 7 13 15 16 17 18 19
2421 1074 5 7 13 15 16 18
5460 5502 4 7 13 15 16
3225 5289 5 7 13 17 18 19
3999 5328 3 7 13 18
5826 6216 5 7 15 16 18 19
5433 3237 4 7 15 16 19
1851 4692 3 7 18 19
4473 4401 3 7 18 19
2142 5100 3 7 18 19
4728 4839 3 7 18 19
1206 5709 2 7 19
5235 4860 7 8 9 10 11 15 17 18
4698 3108 8 8 9 10 15 16 17 18 19
6768 6081 6 8 9 10 17 18 19
6066 5586 6 8 9 10 17 18 19
3075 3834 9 8 9 11 12 13 15 16 17 18
2316 3417 9 8 9 11 12 15 16 17 18 19
5298 5061 8 8 9 11 12 15 16 17 19
4680 4536 7 8 9 11 14 15 17 19
2469 3456 6 8 9 11 15 17 18
4533 6084 8 8 9 12 13 16 17 18 19
5232 4878 7 8 9 13 15 16 17 18
6450 4503 6 8 9 14 15 16 19
1707 1332 7 8 9 15 16 17 18 19
6153 1905 7 8 9 15 16 17 18 19
4599 3312 7 8 9 15 16 17 18 19
4218 5220 6 8 9 15 16 17 19
3294 4095 5 8 9 17 18 19
6063 3726 4 8 9 17 19
4704 1551 9 8 10 11 12 13 15 16 17 18
3942 3021 9 8 10 11 12 15 16 17 18 19
3318 2676 8 8 10 11 14 15 17 18 19
6204 6069 7 8 10 11 14 15 17 19
3861 5598 6 8 10 11 15 17 18
6162 3846 8 8 10 12 13 16 17 18 19
3333 4932 7 8 10 15 16 17 18 19
5289 4038 6 8 10 15 16 17 19
4701 3378 5 8 10 17 18 19
5058 5499 7 8 11 12 13 14 15 16
6162 5688 8 8 11 12 13 15 16 17 18
4416 3864 8 8 11 12 13 15 16 17 18
1650 3348 8 8 11 12 13 15 16 17 18
4182 3333 5 8 11 12 14 19
5250 5157 8 8 11 12 15 16 17 18 19
5358 5025 8 8 11 12 15 16 17 18 19
1371 4416 8 8 11 12 15 16 17 18 19
1635 4335 8 8 11 12 15 16 17 18 19
5397 5373 8 8 11 12 15 16 17 18 19
3930 2886 7 8 11 12 15 16 17 19
3165 4506 5 8 11 12 15 16
6009 3786 5 8 11 12 15 16
3015 5778 5 8 11 12 15 16
5298 5631 5 8 11 12 17 19
3801 5223 7 8 11 13 14 15 17 18
4740 1083 7 8 11 14 15 17 18 19
1305 1140 7 8 11 14 15 17 18 19
4731 4044 7 8 11 14 15 17 18 19
1341 4323 7 8 11 14 15 17 18 19
3315 5181 6 8 11 14 15 17 19
5373 2607 4 8 11 14 15
2949 3030 4 8 11 14 15
5511 3291 4 8 11 14 15
2115 5358 5 8 11 15 17 18
5292 4839 5 8 11 15 17 18
5157 2817 5 8 11 15 17 18
1716 5763 4 8 11 15 17
6390 2193 7 8 12 13 16 17 18 19
3099 1551 7 8 12 13 16 17 18 19
3927 5397 4 8 12 16 19
3828 2667 8 8 13 14 15 16 17 18 19
5754 1260 6 8 13 14 17 18 19
3807 3333 6 8 13 15 16 17 18
5187 6177 4 8 13 17 18
5469 1545 6 8 14 15 16 18 19
5076 5238 5 8 14 15 16 19
3861 1488 3 8 14 19
3234 2754 6 8 15 16 17 18 19
1023 5625 6 8 15 16 17 18 19
3573 2355 6 8 15 16 17 18 19
2844 4470 5 8 15 16 17 19
5352 4518 3 8 15 16
2667 2112 3 8 15 16
2949 4593 4 8 17 18 19
6117 5469 4 8 17 18 19
2595 2412 3 8 17 19
4593 5052 1 8
4692 2550 6 9 10 11 12 14 19
6069 4044 6 9 10 11 15 17 18
5487 3894 6 9 10 12 13 16 18
4548 3180 5 9 10 12 13 16
5409 3090 6 9 10 12 16 18 19
5409 6273 6 9 10 12 16 18 19
4473 2493 5 9 10 12 16 19
5277 6204 6 9 10 13 14 15 16
6081 1848 7 9 10 13 15 16 17 18
5202 5049 6 9 10 14 15 16 19
5520 1926 5 9 10 14 18 19
4794 3408 5 9 10 14 18 19
4404 2274 4 9 10 14 19
3849 2634 4 9 10 14 19
3924 4062 5 9 10 17 18 19
6138 5766 4 9 10 17 19
4644 2727 3 9 10 18
3792 4611 2 9 10
3960 5733 7 9 11 12 13 14 15 16
5337 3108 5 9 11 12 13 14
3699 6051 8 9 11 12 13 15 16 17 18
3111 6258 6 9 11 12 14 18 19
1872 5724 5 9 11 12 14 19
3834 4335 8 9 11 12 15 16 17 18 19
6600 258 6 9 11 12 15 16 18
5292 2019 5 9 11 12 15 16
5832 3774 6 9 11 12 17 18 19
4524 4884 5 9 11 12 17 19
6435 4176 6 9 11 13 14 15 17
3219 5952 7 9 11 14 15 17 18 19
5973 4647 5 9 11 14 15 18
4665 3381 4 9 11 14 15
3153 5487 5 9 11 15 17 18
4998 5058 6 9 12 13 14 16 19
4659 6261 7 9 12 13 16 17 18 19
5061 4350 7 9 12 13 16 17 18 19
5262 4512 7 9 12 13 16 17 18 19
2493 5796 5 9 12 13 16 18
2112 2847 4 9 12 13 16
2418 4737 5 9 12 16 18 19
1848 2469 4 9 12 16 19
3222 5838 6 9 13 14 15 16 18
2832 4317 5 9 13 14 15 16
4434 6450 6 9 13 14 17 18 19
4647 4473 6 9 13 14 17 18 19
6066 6333 4 9 13 14 18
4758 6009 3 9 13 14
3090 1824 6 9 13 15 16 17 18
5130 5916 5 9 13 15 16 17
4251 4134 4 9 13 17 18
4470 4191 4 9 13 17 18
3861 5193 3 9 13 17
3147 4734 6 9 14 15 16 18 19
2754 4644 5 9 14 15 16 19
6210 4731 4 9 14 18 19
1824 3357 4 9 14 18 19
1551 5151 3 9 14 19
1554 5685 3 9 14 19
5433 3318 6 9 15 16 17 18 19
5052 6204 5 9 15 16 17 19
4431 5409 4 9 17 18 19
4407 1527 4 9 17 18 19
963 4689 4 9 17 18 19
3693 1848 3 9 17 19
2607 2832 2 9 18
2334 3234 1 9
5484 4644 7 10 11 12 13 14 15 16
5328 6768 8 10 11 12 13 15 16 17 18
4737 3849 6 10 11 12 14 18 19
3327 5040 5 10 11 12 14 19
5463 4263 8 10 11 12 15 16 17 18 19
6048 3684 5 10 11 12 17 19
4848 2208 7 10 11 14 15 17 18 19
6177 4794 4 10 11 14 15
4695 5511 5 10 11 15 17 18
6594 5277 7 10 12 13 16 17 18 19
6177 5232 7 10 12 13 16 17 18 19
4122 6321 5 10 12 13 16 18
3276 2595 4 10 12 13 16
4047 3327 5 10 12 16 18 19
3099 2436 4 10 12 16 19
4848 3294 6 10 13 14 15 16 18
3903 3099 5 10 13 14 15 16
5718 4491 6 10 13 14 17 18 19
6063 4458 6 10 13 14 17 18 19
4719 4548 6 10 13 15 16 17 18
6201 4716 5 10 13 15 16 17
5673 963 4 10 13 17 18
5880 4149 4 10 13 17 18
4932 3651 3 10 13 17
4773 6048 6 10 14 15 16 18 19
3828 4758 5 10 14 15 16 19
3420 4086 4 10 14 18 19
2484 4725 3 10 14 19
6126 2625 5 10 15 16 17 19
2550 4665 4 10 17 18 19
4764 3693 3 10 17 19
3837 4227 2 10 18
3831 5292 1 10
3843 5259 7 11 12 13 14 15 16 18
2667 5880 6 11 12 13 14 15 16
3651 6063 7 11 12 13 14 17 18 19
5223 5484 5 11 12 13 14 18
4335 4719 4 11 12 13 14
2274 6231 7 11 12 13 15 16 17 18
5307 4554 6 11 12 13 15 16 17
1824 4269 5 11 12 14 18 19
1497 4380 4 11 12 14 19
4842 1098 4 11 12 14 19
2472 6048 7 11 12 15 16 17 18 19
5238 1791 5 11 12 15 16 18
657 6390 4 11 12 15 16
654 3228 4 11 12 15 16
3894 2844 4 11 12 15 16
4467 3834 5 11 12 17 18 19
3147 3606 4 11 12 17 19
258 4248 2 11 12
6519 1023 6 11 13 14 15 17 18
6321 5487 6 11 13 14 15 17 18
5064 3975 5 11 13 14 15 17
6399 4497 6 11 14 15 17 18 19
6264 4659 6 11 14 15 17 18 19
1845 4887 6 11 14 15 17 18 19
4611 3081 4 11 14 15 18
588 5472 3 11 14 15
3099 4434 3 11 14 15
2100 5694 4 11 15 17 18
2112 4740 3 11 15 17
4890 1176 6 12 13 14 16 18 19
3633 5973 5 12 13 14 16 19
3291 3060 6 12 13 16 17 18 19
1620 5376 4 12 13 16 18
5499 5031 4 12 13 16 18
4080 2091 3 12 13 16
2010 4182 3 12 13 16
1545 4482 4 12 16 18 19
1791 3792 4 12 16 18 19
4911 3678 3 12 16 19
1242 3573 3 12 16 19
4887 2472 3 12 16 19
4458 5298 7 13 14 15 16 17 18 19
4479 5259 7 13 14 15 16 17 18 19
3264 6162 5 13 14 15 16 18
1926 6222 5 13 14 15 16 18
2316 4935 4 13 14 15 16
2346 1176 4 13 14 15 16
3072 6057 5 13 14 17 18 19
6060 3369 4 13 14 17 19
4641 5616 3 13 14 18
4014 2634 2 13 14
1656 2316 5 13 15 16 17 18
4086 5280 5 13 15 16 17 18
3834 3147 4 13 15 16 17
2817 6264 3 13 17 18
2847 3828 2 13 17
6147 3360 5 14 15 16 18 19
1851 4353 5 14 15 16 18 19
1551 6144 4 14 15 16 19
5754 3264 4 14 15 16 19
4968 3927 3 14 18 19
1479 2346 3 14 18 19
1176 5262 2 14 19
1176 3837 2 14 19
4071 1938 5 15 16 17 18 19
3678 3573 4 15 16 17 19
306 4983 2 15 16
618 6162 3 17 18 19
3855 3699 3 17 18 19
2685 4467 2 17 19
2256 4836 1 18
