19 404 
5268 4923 4 1 4 7 12
5445 2913 4 1 4 9 12
6204 2829 4 1 5 11 17
3474 3606 6 1 7 8 16 17 19
5055 5961 4 1 7 12 18
3333 2451 4 1 7 13 18
4308 2217 5 1 7 16 17 19
2565 5931 2 1 7
3648 3657 6 1 8 9 16 17 19
4377 6120 4 1 9 13 18
3111 2025 3 1 9 14
4482 5994 5 1 9 16 17 19
2775 5784 2 1 9
5550 2058 4 1 12 14 18
5637 4089 4 1 12 15 18
5232 2046 3 1 12 18
3825 5925 4 1 13 14 18
3519 5874 3 1 13 18
2637 2130 2 1 14
2913 4239 1 1
4695 3438 6 2 3 5 10 13 18
3399 3678 5 2 3 5 10 14
3093 1716 4 2 3 5 10
3018 6432 5 2 3 7 10 19
4017 2388 6 2 3 7 16 17 19
3750 5232 6 2 3 8 9 10 19
5541 5127 5 2 3 8 10 19
5583 1776 5 2 3 9 10 19
5454 2565 5 2 3 9 10 19
3168 5073 5 2 3 9 10 19
1389 4164 5 2 3 9 10 19
4170 4377 6 2 3 9 16 17 19
3666 2226 7 2 3 10 12 15 18 19
4848 2886 6 2 3 10 12 18 19
3756 5220 6 2 3 10 13 18 19
3054 2313 5 2 3 10 14 19
3207 1644 5 2 3 10 15 19
3216 4017 4 2 3 10 19
5271 6057 5 2 3 11 17 19
3678 3114 6 2 3 15 16 17 19
2946 4284 5 2 3 16 17 19
696 2484 2 2 3
5868 2709 7 2 4 12 15 16 17 19
5610 3282 7 2 7 13 16 17 18 19
4362 3684 5 2 7 16 17 19
5931 3825 8 2 8 12 15 16 17 18 19
5787 2211 7 2 9 13 16 17 18 19
4542 3522 6 2 9 14 16 17 19
4524 3123 5 2 9 16 17 19
5874 5772 5 2 11 14 17 19
5616 2730 4 2 11 17 19
4032 3288 5 2 15 16 17 19
3291 5454 4 2 16 17 19
510 5157 1 2
4092 4995 5 3 5 6 10 11
5091 3933 6 3 5 6 11 16 17
4857 3495 4 3 5 9 10
5562 4170 5 3 5 10 13 18
4593 2199 4 3 5 10 14
4965 3546 4 3 5 10 14
5628 4524 6 3 5 10 16 17 19
4284 6303 3 3 5 10
5358 3111 5 3 5 11 14 17
5049 4542 4 3 5 11 17
6432 6321 6 3 5 12 16 17 18
5418 3243 5 3 5 14 16 17
5109 510 4 3 5 16 17
3810 5598 6 3 7 10 13 18 19
5157 3648 4 3 7 10 19
6156 3288 5 3 7 16 17 19
4554 5709 5 3 8 9 10 19
3984 2370 6 3 9 10 13 18 19
2718 2424 5 3 9 10 14 19
2403 4554 4 3 9 10 19
6309 5550 5 3 9 16 17 19
3123 4119 6 3 10 12 15 18 19
5265 3666 5 3 10 13 18 19
4383 2973 4 3 10 14 19
4815 5139 4 3 10 15 19
4086 3630 3 3 10 19
4122 4830 7 3 12 15 16 17 18 19
5817 2100 5 3 15 16 17 19
5085 5808 4 3 16 17 19
1209 2370 1 3
4065 4617 7 4 6 7 11 12 13 18
3654 2943 6 4 6 7 11 12 15
5655 5382 6 4 6 7 12 15 16
4239 5985 7 4 6 9 11 12 13 18
3183 6156 6 4 6 9 11 12 14
3816 2112 6 4 6 9 11 12 15
5808 6564 6 4 6 9 12 15 16
3531 3687 7 4 6 11 12 13 15 18
2826 5655 6 4 6 11 12 14 15
2727 2079 5 4 6 11 12 15
4371 5628 5 4 6 12 15 16
4089 5418 8 4 7 8 12 15 16 17 19
6057 5928 7 4 7 8 13 16 17 19
4692 3489 6 4 7 9 12 13 18
4611 2184 7 4 7 10 12 13 18 19
3921 2946 6 4 7 10 12 15 19
4674 4239 6 4 7 12 13 14 18
4428 4179 6 4 7 12 13 15 18
4344 1611 5 4 7 12 13 18
4392 3255 7 4 7 12 15 16 17 19
3495 5379 4 4 7 12 15
3102 3042 3 4 7 12
6495 3018 4 4 7 13 14
6120 4431 4 4 7 13 15
5148 3150 3 4 7 13
4239 3111 8 4 8 9 12 15 16 17 19
6231 4551 7 4 8 9 13 16 17 19
5127 5415 7 4 8 11 12 15 17 19
6432 3519 7 4 8 12 15 16 17 19
2802 3051 7 4 8 12 15 16 17 19
4785 3654 7 4 9 10 12 13 18 19
3519 3333 6 4 9 10 12 14 19
3606 5466 6 4 9 10 12 15 19
3111 2367 6 4 9 10 12 15 19
3201 3267 5 4 9 10 12 19
5874 1782 5 4 9 10 13 19
4848 6243 6 4 9 12 13 14 18
4626 6483 6 4 9 12 13 15 18
4518 3387 5 4 9 12 13 18
3678 1092 5 4 9 12 14 15
3273 5475 4 4 9 12 14
4566 4443 7 4 9 12 15 16 17 19
3657 5349 4 4 9 12 15
3255 4848 3 4 9 12
5694 5787 4 4 9 13 14
6321 3639 4 4 9 13 15
5349 5778 3 4 9 13
3813 2442 7 4 10 12 13 15 18 19
2943 5523 6 4 10 12 14 15 19
3036 3420 5 4 10 12 15 19
5961 5520 6 4 11 12 15 17 19
4488 1389 6 4 12 13 14 15 18
3768 4032 5 4 12 13 15 18
3639 2586 6 4 12 15 16 17 19
2541 3921 3 4 12 15
2367 3750 2 4 12
6180 5616 4 4 13 14 15
5220 2820 3 4 13 14
5460 3117 3 4 13 15
4491 2970 2 4 13
5889 4191 6 5 6 8 11 16 17
5994 3291 4 5 6 10 11
5547 1878 7 5 6 11 12 16 17 18
5844 1896 7 5 6 11 13 16 17 18
4548 5265 6 5 6 11 14 16 17
5754 3699 6 5 6 11 15 16 17
5382 2418 5 5 6 11 16 17
4242 5700 5 5 6 11 16 17
5454 6432 6 5 7 11 13 17 18
5112 4344 6 5 7 13 16 17 18
5985 5247 6 5 8 10 16 17 19
6015 156 5 5 8 11 14 17
5709 2379 4 5 8 11 17
5778 5607 5 5 8 14 16 17
5700 5076 6 5 9 11 13 17 18
4431 4692 5 5 9 11 14 17
5076 5328 7 5 10 11 13 17 18 19
4191 4128 6 5 10 11 14 17 19
4674 5259 6 5 10 11 15 17 19
3933 3888 5 5 10 11 17 19
5907 1437 7 5 10 12 16 17 18 19
5085 6309 5 5 10 13 14 18
6204 2889 7 5 10 13 16 17 18 19
5076 1056 4 5 10 13 18
4911 5622 6 5 10 14 16 17 19
6243 2826 6 5 10 14 16 17 19
4422 4527 3 5 10 14
6057 2178 6 5 10 15 16 17 19
6666 5820 6 5 10 15 16 17 19
5925 1209 5 5 10 16 17 19
4602 4422 5 5 10 16 17 19
4164 4950 2 5 10
5139 3216 6 5 11 13 14 17 18
5478 4005 6 5 11 13 14 17 18
4830 4431 5 5 11 13 17 18
3873 3873 4 5 11 14 17
4005 5610 4 5 11 14 17
3567 5268 3 5 11 17
5259 4518 6 5 12 14 16 17 18
6261 4548 6 5 12 15 16 17 18
4950 2718 5 5 12 16 17 18
5535 2085 6 5 13 14 16 17 18
5226 3783 5 5 13 16 17 18
3933 4593 4 5 14 16 17
4326 4650 3 5 16 17
2610 4845 9 6 7 8 11 13 16 17 18 19
3441 6261 6 6 7 11 12 15 18
2379 5733 6 6 7 11 13 14 18
3042 6231 6 6 7 11 13 15 18
3114 2541 8 6 7 11 13 16 17 18 19
2121 6156 5 6 7 11 13 18
6564 3087 6 6 7 11 16 17 19
5442 5223 6 6 7 12 15 16 18
2565 3441 9 6 8 9 11 13 16 17 18 19
3420 3900 9 6 8 11 12 15 16 17 18 19
2388 3102 6 6 9 11 13 14 18
2388 3117 6 6 9 11 13 14 18
3051 4506 6 6 9 11 13 15 18
3288 4848 8 6 9 11 13 16 17 18 19
2130 2694 5 6 9 11 13 18
2904 5049 5 6 9 11 14 15
2370 3459 7 6 9 11 14 16 17 19
1983 4122 4 6 9 11 14
3255 3093 7 6 10 11 12 15 18 19
5523 4815 7 6 10 12 15 16 18 19
3489 6057 6 6 11 12 14 15 18
3522 4911 6 6 11 12 14 15 18
3147 2676 6 6 11 12 14 15 18
2742 3636 5 6 11 12 14 18
4257 1251 8 6 11 12 15 16 17 18 19
3231 4428 5 6 11 12 15 18
2829 4863 5 6 11 12 15 18
2424 3690 4 6 11 12 18
2973 5787 6 6 11 13 14 15 18
2052 3033 5 6 11 13 14 18
2580 2565 5 6 11 13 14 18
3243 6021 5 6 11 13 15 18
2322 4464 4 6 11 13 18
2541 3708 4 6 11 14 15
4221 4086 3 6 11 14
1620 5085 3 6 11 14
4923 6249 3 6 11 15
2442 3813 3 6 11 15
1521 3207 2 6 11
5598 3567 6 6 12 14 15 16 18
1539 3936 5 6 12 15 16 18
2565 5091 3 6 15 16
1644 1620 2 6 16
5520 5055 6 7 8 10 13 18 19
6483 4674 7 7 8 11 12 17 18 19
5223 5358 7 7 8 11 13 17 18 19
4359 3273 7 7 8 11 13 17 18 19
3888 6495 6 7 8 11 14 17 19
3630 4308 5 7 8 11 17 19
3873 5478 8 7 8 12 15 16 17 18 19
5076 6282 7 7 8 12 16 17 18 19
2886 3375 8 7 8 13 14 16 17 18 19
2736 4362 7 7 8 13 16 17 18 19
5622 5454 5 7 8 16 17 19
1437 3576 5 7 8 16 17 19
3753 4383 5 7 8 16 17 19
5607 4050 4 7 9 10 19
2370 4392 5 7 9 13 14 18
3213 2967 7 7 9 13 16 17 18 19
2025 3756 4 7 9 13 18
6105 5271 5 7 9 16 17 19
3708 3093 6 7 10 12 15 18 19
2475 5247 6 7 10 13 14 18 19
3087 4257 6 7 10 13 15 18 19
6303 5844 5 7 10 13 18 19
2217 3168 5 7 10 13 18 19
5787 2775 4 7 10 14 19
5481 6429 3 7 10 19
3399 5868 7 7 11 13 14 17 18 19
5595 1557 6 7 11 13 17 18 19
3093 3291 6 7 11 13 17 18 19
4722 4242 5 7 11 14 17 19
4464 2691 4 7 11 17 19
4179 4125 7 7 12 15 16 17 18 19
3282 2322 4 7 12 15 18
2943 4491 6 7 12 16 17 18 19
2889 5637 3 7 12 18
3459 2742 7 7 13 14 16 17 18 19
1896 4065 4 7 13 14 18
6282 1521 4 7 13 14 18
3150 696 6 7 13 16 17 18 19
2250 2541 3 7 13 18
1776 2256 3 7 13 18
6249 5583 5 7 14 16 17 19
2142 3384 4 7 16 17 19
1611 5754 4 7 16 17 19
948 3768 1 7
5475 2142 6 8 9 10 13 18 19
5328 5445 5 8 9 10 14 19
5073 1539 4 8 9 10 19
4560 2637 7 8 9 11 13 17 18 19
3294 5442 6 8 9 11 14 17 19
3783 5547 5 8 9 11 17 19
5247 4611 7 8 9 12 16 17 18 19
3063 2475 8 8 9 13 14 16 17 18 19
2730 3183 7 8 9 13 16 17 18 19
5466 2121 7 8 9 13 16 17 18 19
2046 3096 6 8 9 14 16 17 19
4341 4320 6 8 9 14 16 17 19
5784 3063 6 8 9 14 16 17 19
3936 5562 5 8 9 16 17 19
1557 4626 5 8 9 16 17 19
5928 5076 6 8 10 12 15 18 19
2184 3678 8 8 11 12 14 15 17 18 19
5733 2250 7 8 11 12 14 17 18 19
6021 2748 7 8 11 12 15 17 18 19
6156 2388 7 8 11 12 15 17 18 19
2085 3213 7 8 11 12 15 17 18 19
5820 5655 7 8 11 12 15 17 18 19
5415 5388 6 8 11 12 17 18 19
4008 3294 7 8 11 13 14 17 18 19
4431 3654 7 8 11 13 15 17 18 19
3690 3816 6 8 11 13 17 18 19
3549 5481 6 8 11 14 15 17 19
2820 1230 5 8 11 14 17 19
3291 6015 5 8 11 15 17 19
2709 4341 4 8 11 17 19
4029 3147 8 8 12 14 15 16 17 18 19
1092 2943 7 8 12 15 16 17 18 19
3417 5139 7 8 12 15 16 17 18 19
3687 3474 7 8 12 15 16 17 18 19
3699 5694 7 8 12 15 16 17 18 19
3822 2949 7 8 12 15 16 17 18 19
3387 4566 7 8 12 15 16 17 18 19
4995 5085 6 8 12 16 17 18 19
2115 3822 5 8 15 16 17 19
5379 5076 5 8 15 16 17 19
1716 2115 4 8 16 17 19
4050 3810 4 8 16 17 19
4551 2853 4 8 16 17 19
4593 2259 1 8
4119 5109 6 9 10 12 15 18 19
3861 2403 6 9 10 12 15 18 19
2484 2565 6 9 10 13 14 18 19
3372 2052 6 9 10 13 14 18 19
3096 948 6 9 10 13 15 18 19
2226 3417 5 9 10 13 18 19
2949 2580 5 9 10 14 15 19
2079 4695 4 9 10 14 19
5247 5262 4 9 10 14 19
2967 5646 4 9 10 14 19
5772 3399 4 9 10 14 19
2694 2802 4 9 10 15 19
5655 2727 3 9 10 19
1824 1983 3 9 10 19
3576 2148 7 9 11 13 14 17 18 19
3267 3054 6 9 11 13 17 18 19
2199 3399 5 9 11 14 17 19
4128 5874 5 9 11 14 17 19
4617 3324 4 9 11 17 19
3384 6666 7 9 12 14 16 17 18 19
4362 2736 7 9 12 15 16 17 18 19
3117 4359 6 9 12 16 17 18 19
3636 3018 7 9 13 14 16 17 18 19
3900 1125 7 9 13 14 16 17 18 19
2181 3201 4 9 13 14 18
3324 3372 6 9 13 16 17 18 19
2259 3519 3 9 13 18
2058 2511 5 9 14 16 17 19
6375 5535 5 9 14 16 17 19
2313 5817 5 9 14 16 17 19
1614 4362 2 9 14
1782 6105 4 9 16 17 19
1125 5112 1 9
3684 2181 6 10 12 14 15 18 19
3810 1614 6 10 12 14 15 18 19
3828 4785 6 10 12 14 15 18 19
3279 4191 5 10 12 14 18 19
3375 6204 5 10 12 15 18 19
3654 6375 5 10 12 15 18 19
2970 4560 4 10 12 18 19
3018 5541 6 10 13 14 15 18 19
2148 4383 5 10 13 14 18 19
6429 4674 5 10 13 14 18 19
2676 2904 5 10 13 14 18 19
5139 5889 5 10 13 15 18 19
3288 4593 5 10 13 15 18 19
5646 5460 4 10 13 18 19
2418 3861 4 10 13 18 19
5502 3753 4 10 14 15 19
5400 3810 4 10 14 15 19
2586 4326 4 10 14 15 19
1716 4602 3 10 14 19
2748 5400 3 10 15 19
5262 6204 3 10 15 19
1878 1824 2 10 19
2691 5226 7 11 12 14 15 17 18 19
2511 4857 6 11 12 15 17 18 19
4845 3828 6 11 13 14 17 18 19
4443 2610 6 11 13 15 17 18 19
4527 4221 5 11 13 17 18 19
4383 3654 5 11 14 15 17 19
3654 3984 4 11 14 17 19
4125 4722 4 11 15 17 19
3546 3549 3 11 17 19
4506 4029 7 12 14 15 16 17 18 19
4863 3255 7 12 14 15 16 17 18 19
3438 4482 4 12 14 15 18
3033 3036 3 12 14 18
1056 5502 6 12 15 16 17 18 19
4191 5148 6 12 15 16 17 18 19
4320 3933 6 12 15 16 17 18 19
1230 4371 3 12 15 18
3117 4092 3 12 15 18
2853 3531 5 12 16 17 18 19
156 3873 2 12 18
2178 1716 3 13 14 18
2211 5907 3 13 14 18
4650 5595 6 13 15 16 17 18 19
2451 3231 2 13 18
1251 4008 1 14
2100 6180 4 15 16 17 19
2256 4488 1 15
2112 4965 3 16 17 19
5388 3279 3 16 17 19
